Node, generations
Node 14778, 35639.1867609642
Node 13780, 1838.154022264118
Node 13645, 1284.1495107952287
Node 13631, 1250.5311837692536
Node 13561, 1174.1097091864701
Node 13338, 1054.2922996721775
Node 11600, 926.7300913591521
Node 8251, 480.7666674313413
Node 10429, 734.3201811366874
Node 5741, 273.2787179837859
Node 1804, 53.60492085430552
Node 1356, 25.863432930488056
Node 7781, 438.48474574242783
Node 2676, 95.73782692281134
Node 1337, 24.35353252094865
Node 1265, 19.403739310698025
Node 7483, 411.9350724527968
Node 5848, 282.14265653894745
Node 3612, 142.94780336255508
Node 1126, 6.880849453420498
Node 5381, 249.89607372791858
Node 3639, 144.21129644719068
Node 1282, 20.406190135640013
Node 5246, 240.55917505150705
Node 1279, 20.03413230833648
Node 3771, 151.78641604385768
Node 2814, 103.19754243663337
Node 13422, 1079.905546730111
Node 5231, 239.09109483071325
Node 4491, 193.69381399171704
Node 4531, 196.19892527956907
Node 4082, 168.50520730875832
Node 1494, 34.494712665495804
Node 10738, 777.6610578490245
Node 1112, 5.539464275868283
Node 9988, 676.7423229348534
Node 8135, 470.16009027731025
Node 5654, 267.93636848898467
Node 1111, 5.4318988053556465
Node 7352, 399.49282770716593
Node 5763, 275.1253082801362
Node 1600, 41.910052564143854
Node 13586, 1191.6087651151847
Node 13258, 1034.6985003852772
Node 12101, 1000.28736603519
Node 8990, 555.9392696331729
Node 3057, 114.18836391089201
Node 1316, 22.538932091227153
Node 7351, 399.4473459541887
Node 6723, 348.357631776111
Node 4851, 215.90370927227653
Node 1996, 63.16813575931174
Node 4684, 206.20544695441185
Node 9250, 586.3537256312088
Node 5133, 233.0895436980726
Node 2576, 91.5750127702732
Node 4845, 215.50334689514196
Node 3214, 122.58359832230549
Node 1503, 35.141010790553395
Node 1549, 38.277860551220016
Node 1226, 16.407869324650555
Node 4807, 213.34439388458014
Node 1833, 54.80120655887099
Node 1338, 24.361392633552605
Node 5900, 286.134185811414
Node 2874, 105.40492985397788
Node 1965, 61.07443024700833
Node 2642, 94.5475158843315
Node 1876, 57.690475205811715
Node 13178, 1022.5706760629938
Node 1958, 60.90312095857548
Node 1530, 36.71912522209662
Node 1241, 17.102274180672897
Node 2562, 90.7348138941939
Node 1458, 32.326922153964645
Node 13519, 1130.3613280055654
Node 13361, 1059.4800086727344
Node 8179, 474.5896703680639
Node 13236, 1030.482956047298
Node 13094, 1016.5524305102764
Node 11668, 939.8941996570228
Node 9283, 591.4574305879905
Node 8110, 468.13391124451294
Node 3497, 137.37615331737672
Node 7099, 378.1529871973371
Node 5020, 226.38582085482784
Node 4386, 187.40258283070253
Node 1914, 59.132918759303664
Node 8168, 473.462600180653
Node 1147, 8.782295272086483
Node 7415, 405.68235810524857
Node 7388, 403.1114714955165
Node 6570, 337.0005649986386
Node 7202, 386.2491132653643
Node 1949, 60.485162529553854
Node 1623, 43.51486534819641
Node 6343, 317.3136808574594
Node 3685, 146.59448671437772
Node 2357, 80.95751130446638
Node 1900, 58.49438382298579
Node 11606, 927.502114678765
Node 6776, 352.6600812243647
Node 8292, 483.952933564257
Node 13202, 1025.051450445567
Node 13106, 1017.172121797441
Node 3755, 150.8640101060981
Node 1140, 8.184570432444414
Node 12957, 1010.0046531767352
Node 9941, 669.5453813246304
Node 4683, 206.18302683287712
Node 4089, 169.24498625508434
Node 2598, 92.5184366420326
Node 1127, 7.21206027945516
Node 1284, 20.522003067381505
Node 6868, 359.6530072643327
Node 4907, 219.26084370770855
Node 3389, 131.17525601853836
Node 4051, 166.78278846395565
Node 2586, 92.06367928064364
Node 2552, 90.1486457314004
Node 12934, 1009.3000321684797
Node 12291, 1001.2047902955308
Node 6625, 341.62202176276867
Node 4009, 164.26528890834894
Node 2919, 107.03876568825774
Node 1750, 50.85795807688855
Node 12324, 1001.3744365520856
Node 5241, 240.22144805741337
Node 1449, 31.443503829027463
Node 4959, 223.1383679023086
Node 3656, 145.4558930791569
Node 1239, 17.09630778961902
Node 3229, 123.22139641405212
Node 1132, 7.57079790001291
Node 1345, 24.825664744707463
Node 9544, 620.8885535813627
Node 3579, 141.17633612739064
Node 1995, 63.03876327309447
Node 5325, 246.04337167993012
Node 13491, 1112.9017284602032
Node 12982, 1011.0980395949261
Node 8118, 468.6885785938434
Node 5802, 278.35049730033904
Node 1695, 47.60489466211248
Node 5520, 258.88247829321944
Node 4961, 223.20193850061426
Node 5228, 238.7887062700334
Node 2816, 103.2239870592786
Node 2236, 74.34753301183866
Node 10911, 807.5386036406182
Node 3329, 128.3476715063254
Node 8490, 505.0404231557864
Node 4824, 214.29939773510236
Node 3375, 130.27925474164385
Node 1581, 40.779536790790516
Node 6249, 310.10535475775464
Node 13043, 1013.9975343901727
Node 7729, 433.3937998189574
Node 3511, 138.31197213837015
Node 6436, 325.4323393524091
Node 13644, 1282.051696243701
Node 13605, 1216.5731199013474
Node 11202, 854.1958236108346
Node 10331, 720.6432984807535
Node 8901, 547.6210016168037
Node 4855, 216.21179756237362
Node 2388, 82.14819443467051
Node 1157, 9.830971945045823
Node 2399, 82.7408247774472
Node 8342, 488.44284391316677
Node 6872, 360.2330364029739
Node 1378, 27.37082063752196
Node 3561, 140.47039939192408
Node 3499, 137.529608484577
Node 9299, 593.2913711107863
Node 3889, 157.8696640881091
Node 3790, 152.59084772189732
Node 1396, 28.31875435452478
Node 10873, 799.9538963069247
Node 8541, 509.8233679929689
Node 1314, 22.461835936390283
Node 1699, 47.755767119317696
Node 10025, 681.0369541196343
Node 6733, 348.97969268418234
Node 2110, 68.01225470126353
Node 4161, 173.49781391293962
Node 2143, 69.6365445296834
Node 9565, 623.2555544935732
Node 4997, 225.1841241588691
Node 3895, 158.28323705511164
Node 4108, 170.4819249985526
Node 13290, 1039.9536812111517
Node 10743, 778.6978533363847
Node 2237, 74.36952827671465
Node 1325, 23.282569324535313
Node 9751, 644.9523433086807
Node 3536, 139.52738577198704
Node 2145, 69.74806514228473
Node 8661, 521.4811311648558
Node 2201, 72.74869058038465
Node 6143, 301.93574955354427
Node 3967, 161.94206290402397
Node 3946, 160.89117539454625
Node 12472, 1002.3822010352947
Node 4987, 224.6071712477982
Node 1613, 42.7623173801084
Node 9012, 558.1005081293783
Node 4027, 165.13569744298775
Node 3652, 145.39641608545853
Node 7043, 373.9099498480687
Node 1387, 27.751057327955433
Node 1148, 8.838335571143704
Node 3433, 133.94398408329482
Node 2179, 71.25967035784666
Node 2037, 65.05293195336235
Node 3341, 128.6386911454533
Node 13630, 1249.3624997807622
Node 13571, 1180.9753428330628
Node 13462, 1094.6632331709461
Node 13218, 1027.207294469078
Node 10342, 722.011847561612
Node 2155, 70.19137508813131
Node 1235, 16.982500038090812
Node 1888, 57.97986572789313
Node 13070, 1015.1246098283764
Node 6401, 323.1309936669885
Node 1467, 33.019534657234644
Node 3123, 117.15888827732925
Node 1135, 7.814048983671727
Node 12843, 1006.8171085938005
Node 6735, 349.0457762619605
Node 4204, 175.59255541903443
Node 9877, 661.6057187938236
Node 7263, 392.30142777758203
Node 2873, 105.39626821632734
Node 8203, 476.54288790975914
Node 6533, 334.23054648753816
Node 4732, 209.03945176647193
Node 3462, 135.40398668450717
Node 13330, 1052.1650985292185
Node 13147, 1019.7405678860539
Node 11278, 866.4445924675416
Node 2764, 100.38328626805794
Node 7583, 420.275549731296
Node 1088, 1.9828623607152842
Node 1101, 4.22326232337698
Node 12935, 1009.3250918081013
Node 5193, 237.0390682216797
Node 4688, 206.2688292539014
Node 1376, 27.232363156120346
Node 4295, 181.94091870001526
Node 2384, 82.03551330411346
Node 1141, 8.219238821740982
Node 4076, 168.28105139498678
Node 2438, 84.74406515131498
Node 12729, 1004.9024136469312
Node 1080, 0.11288152179099768
Node 5744, 273.81630109356445
Node 1761, 51.3992242569257
Node 13323, 1049.5981920391446
Node 11170, 848.3828718889594
Node 9614, 628.069525434203
Node 8200, 476.3934788427082
Node 1426, 30.288258529692353
Node 2575, 91.56735001594565
Node 2473, 86.29624237131772
Node 13273, 1036.9825799221562
Node 11750, 954.8238045782188
Node 9354, 598.7850232364334
Node 8963, 553.7909796346146
Node 1295, 21.330584804560942
Node 5373, 249.33829078092006
Node 1921, 59.406252782510734
Node 2854, 104.74032736423713
Node 1435, 30.587863914739156
Node 9691, 637.660163848994
Node 4554, 198.26648460037507
Node 3750, 150.71879971179195
Node 2637, 94.13633108602829
Node 1294, 21.28946832881607
Node 1175, 11.632158896270926
Node 5327, 246.27992174482478
Node 12952, 1009.8750179029646
Node 11688, 942.3945433273708
Node 10604, 756.653782871883
Node 3230, 123.38824305468998
Node 2479, 86.4274814606121
Node 2386, 82.10440019805634
Node 5841, 281.66638743530524
Node 3584, 141.32249573268749
Node 12595, 1003.3231174068629
Node 5980, 291.2013215246621
Node 5557, 260.7581458573689
Node 13482, 1105.4833273985191
Node 12650, 1003.8438347161612
Node 12364, 1001.6128854324666
Node 2482, 86.52382529436834
Node 8544, 510.19934953368426
Node 2264, 75.82526923715086
Node 1086, 1.6947520648774475
Node 13392, 1069.796847007208
Node 12931, 1009.217384788915
Node 11568, 920.3884788815726
Node 4634, 202.63798176561693
Node 2829, 103.73873310591365
Node 1229, 16.586485202700906
Node 1183, 12.282499043368277
Node 1471, 33.14149795939864
Node 3262, 124.71294911351772
Node 12826, 1006.4224502887183
Node 7068, 375.8970591572764
Node 4672, 205.37020515781387
Node 1212, 15.566844280162343
Node 2543, 89.86350076903331
Node 2483, 86.5253432516238
Node 1594, 41.681573579914144
Node 1327, 23.496939053403167
Node 13358, 1058.8580112532034
Node 13165, 1021.5363652660217
Node 6078, 297.5692654701098
Node 6041, 295.32742627312734
Node 12724, 1004.8352871665035
Node 2161, 70.43846227009554
Node 3915, 159.19396403976725
Node 1960, 61.00647733570411
Node 1812, 53.96178296725095
Node 3029, 112.73149584765054
Node 1546, 38.097021858085704
Node 13188, 1023.8335349631787
Node 6462, 327.5030786985372
Node 2351, 80.66215471601257
Node 12865, 1007.2167496405823
Node 2116, 68.37511004345816
Node 12447, 1002.213641759123
Node 11927, 985.6772211478077
Node 5220, 238.41508611933529
Node 2095, 67.34335785396014
Node 1657, 45.63671072652624
Node 8376, 493.0145550718452
Node 7115, 379.58624605529815
Node 1084, 1.4845034199492657
Node 6012, 292.8638494853363
Node 5093, 230.90937161720638
Node 1517, 36.02601581745371
Node 1142, 8.444623803773533
Node 2079, 66.6790053953254
Node 1525, 36.429939713639776
Node 1582, 40.78639385807849
Node 12283, 1001.1379205830132
Node 9963, 673.559116350725
Node 6527, 333.4036749620547
Node 3154, 118.79231729336135
Node 1232, 16.741299004421037
Node 2098, 67.42256421188272
Node 8522, 507.6575525867902
Node 5771, 275.8205139236569
Node 2739, 98.98590093937351
Node 1857, 56.868125288689505
Node 6255, 310.76239697014483
Node 11920, 984.3373001499933
Node 1238, 17.052278579626517
Node 3785, 152.47113523891417
Node 1166, 10.762001551992595
Node 13603, 1216.2221497374314
Node 13174, 1022.0902623206118
Node 10422, 733.7148992299785
Node 3821, 154.37789803062128
Node 2516, 88.525022239141
Node 2240, 74.68806773145059
Node 2818, 103.26910744026699
Node 1391, 28.08007941834069
Node 1210, 15.242337367844808
Node 6664, 343.4833921393597
Node 10506, 745.0592034553353
Node 5806, 278.5074459201338
Node 1305, 21.752495767459965
Node 5080, 230.29528449199918
Node 3610, 142.86347556183966
Node 3540, 139.66489448346195
Node 13456, 1092.9873208155598
Node 12969, 1010.6095853166228
Node 8355, 490.4711209105667
Node 2321, 79.25573644846627
Node 2413, 83.46582732856686
Node 1547, 38.21138782384283
Node 12877, 1007.6081780271328
Node 4284, 181.07993677388853
Node 1671, 46.39194045001726
Node 13175, 1022.1814656821371
Node 9162, 575.8080230500284
Node 8037, 460.6830110638635
Node 8209, 477.1098811957965
Node 12751, 1005.1852547713606
Node 11717, 948.3366073055865
Node 7942, 452.77018577951554
Node 2663, 95.24140867363813
Node 1298, 21.43566278599722
Node 6429, 325.11821734077347
Node 1559, 38.930923977780296
Node 6323, 316.32443677146057
Node 4290, 181.72893621662635
Node 3791, 152.68208595684558
Node 1676, 46.47069365818633
Node 13766, 1742.0621869229578
Node 13511, 1126.9657268065703
Node 13134, 1018.7415533510257
Node 5054, 228.59330734526932
Node 1358, 26.111554786148673
Node 2389, 82.20694683089069
Node 1198, 13.760891307549421
Node 9778, 649.1137213891395
Node 1555, 38.613776629920785
Node 1255, 18.13060209526184
Node 1179, 12.022195597995324
Node 13415, 1076.9788059631612
Node 12873, 1007.4471700515352
Node 4645, 203.3763735764231
Node 12769, 1005.4503953535112
Node 6819, 356.10389888698967
Node 6080, 297.7872363185135
Node 1178, 11.963191191337666
Node 9442, 607.8260078028807
Node 1920, 59.39739904260726
Node 9323, 595.0216309626164
Node 4384, 187.26531907166864
Node 13720, 1500.1666635315466
Node 13365, 1060.1433881105156
Node 13182, 1023.2639430781907
Node 12627, 1003.5666722598244
Node 2437, 84.7313745100516
Node 3829, 154.925393187101
Node 3591, 141.66214338466608
Node 1978, 61.68944061280452
Node 13029, 1013.0677881961542
Node 2096, 67.39190764238755
Node 1283, 20.470610679714824
Node 1245, 17.514299523803555
Node 12929, 1009.0922724880642
Node 5910, 286.6107088085074
Node 5831, 280.49552884860657
Node 3033, 112.91785131202876
Node 5120, 232.33653582796268
Node 1926, 59.657927205323894
Node 1758, 51.28403074912551
Node 1121, 6.42398462364909
Node 1967, 61.14071273780257
Node 12855, 1006.9929791426323
Node 8887, 546.1803171713744
Node 2200, 72.74717927325433
Node 11057, 830.3596485561104
Node 3034, 112.94729142212465
Node 4623, 201.59603528492136
Node 1266, 19.46483692241805
Node 13319, 1048.3564243923379
Node 9687, 636.5966346464445
Node 6393, 322.2502514734673
Node 3833, 155.1464199374422
Node 5124, 232.51622240407696
Node 1085, 1.646487671285714
Node 3766, 151.33940557417347
Node 1223, 16.227411678705227
Node 7704, 430.7365125189872
Node 4544, 197.62344586569105
Node 7243, 390.5410900329357
Node 3775, 152.02429716421858
Node 1177, 11.956463522464638
Node 1087, 1.8144831209703496
Node 2754, 99.8738421026427
Node 6662, 343.43086347924475
Node 12703, 1004.5365233607896
Node 3144, 118.1887420266421
Node 6702, 346.58145318978376
Node 2567, 91.1233624949335
Node 1567, 39.84675785258221
Node 2582, 91.89546627445742
Node 2476, 86.32589148824583
Node 1395, 28.199673377141423
Node 13716, 1480.8846854766653
Node 4327, 183.47889928792526
Node 2309, 78.51878440131857
Node 2571, 91.35275098595912
Node 1873, 57.48965384663306
Node 1691, 47.314864216536485
Node 13602, 1215.769870553448
Node 13298, 1041.5332861231109
Node 11244, 862.5894242613041
Node 2649, 94.84017981641365
Node 9966, 673.6628860511744
Node 7828, 442.61032876681
Node 5319, 245.82052785788017
Node 4814, 213.85785990486247
Node 2428, 84.2654069416302
Node 2349, 80.56163647942552
Node 5458, 254.7300390088343
Node 1481, 33.56618972506393
Node 4898, 218.7810493993538
Node 3841, 155.47659085269234
Node 2993, 110.97882485736578
Node 8225, 478.59936217564035
Node 6820, 356.24938479511087
Node 6094, 298.8186990414747
Node 2862, 105.04568100804376
Node 8126, 469.20535617810265
Node 4691, 206.47996470899946
Node 1090, 2.8218893345721314
Node 4304, 182.29037197547456
Node 3531, 139.22908204573795
Node 13088, 1016.3114067014782
Node 12233, 1000.8645136394932
Node 6504, 331.2955922874724
Node 5845, 281.98132082147384
Node 4262, 179.38790269095213
Node 10002, 678.497188943485
Node 1617, 42.917383456758714
Node 12515, 1002.7299202999153
Node 7216, 387.7952226603472
Node 2722, 98.27962364051459
Node 4320, 183.21612738928062
Node 13425, 1080.3621102991362
Node 13321, 1049.1439209752966
Node 13283, 1039.230451913356
Node 6893, 361.90660757934126
Node 13158, 1020.8071319047924
Node 4431, 190.26729842075432
Node 2376, 81.69564983784491
Node 1732, 49.89274677772537
Node 2984, 110.53166247089479
Node 1561, 39.10346543277579
Node 13300, 1042.8731316155586
Node 12875, 1007.5615244413158
Node 1308, 22.13603765120502
Node 1171, 11.095853810289455
Node 1100, 4.186648867059141
Node 11900, 980.4828378329868
Node 3719, 148.71028717819175
Node 2000, 63.3143852933132
Node 2209, 73.14568449344297
Node 8872, 543.9821802009545
Node 4695, 206.7924809226084
Node 2168, 70.67008153067253
Node 2076, 66.56350574824879
Node 3876, 156.9290770114207
Node 3548, 139.97912976574273
Node 2243, 74.82177304967558
Node 5531, 259.76839551820245
Node 13267, 1035.7463424746504
Node 9655, 632.8174371977138
Node 7167, 383.20844979434116
Node 6518, 332.85586996045544
Node 1769, 51.98391504657288
Node 6035, 294.93500619027174
Node 4826, 214.51396504431472
Node 3065, 114.34993055690016
Node 1386, 27.712605216822716
Node 1225, 16.39099063597452
Node 3179, 120.31699955341419
Node 1330, 23.647460946894956
Node 2590, 92.23829323166072
Node 1638, 44.307745428395776
Node 1619, 43.20034895537094
Node 7187, 385.12038871055006
Node 1124, 6.8218228254293045
Node 5626, 265.5121552333037
Node 2736, 98.90328738533995
Node 1752, 51.05797033407032
Node 5478, 256.11508976762707
Node 5156, 234.79612146530053
Node 3778, 152.1357428876042
Node 13252, 1033.2921867002296
Node 8489, 505.0300078573151
Node 1534, 37.01081400877901
Node 13087, 1016.2694624480526
Node 13079, 1015.8056678447782
Node 6193, 305.1721353570847
Node 1117, 6.1330962240714815
Node 3560, 140.43016636004805
Node 1957, 60.896617357360874
Node 1462, 32.58601501167937
Node 9049, 562.0879810541793
Node 5176, 236.1492850221085
Node 13424, 1080.3341571475487
Node 8649, 520.4593595536996
Node 1529, 36.68862071135651
Node 7723, 432.55564202825104
Node 13418, 1078.3591965747821
Node 13124, 1017.9852246231503
Node 9416, 605.9074184757817
Node 7174, 383.804138263952
Node 5497, 257.22028753073283
Node 12802, 1005.9907389912796
Node 6406, 323.3549287434011
Node 1550, 38.30207458649896
Node 8442, 500.05642260252984
Node 4367, 185.9396162678724
Node 2260, 75.45471468946057
Node 1139, 8.169695136608945
Node 13167, 1021.5892278132212
Node 12909, 1008.4712800903303
Node 10818, 790.6188037356725
Node 7223, 388.2746183075573
Node 2528, 89.31057307569169
Node 5244, 240.50332651453422
Node 3078, 114.7945335112224
Node 1488, 33.93808715714044
Node 12797, 1005.8276122672276
Node 7505, 413.8258705589093
Node 1287, 20.5457753294833
Node 6267, 311.4564398039466
Node 5979, 291.17216446663633
Node 3762, 151.21334248886927
Node 4334, 183.93734807546466
Node 1106, 4.5901928555333775
Node 11555, 918.3305324509843
Node 4660, 204.70463660405724
Node 10386, 728.198866402927
Node 7802, 440.2272891988417
Node 5790, 276.98965964722464
Node 4733, 209.0670159737833
Node 1798, 53.3521931124219
Node 7554, 417.4337951210621
Node 4585, 199.89892397293823
Node 1997, 63.17685427272909
Node 7363, 400.5628976018491
Node 1209, 15.165400498833879
Node 2234, 74.29907091705311
Node 8103, 467.7814763865589
Node 2425, 84.20814122733034
Node 13011, 1012.4020452388122
Node 12171, 1000.583558950875
Node 13000, 1011.8224352287901
Node 12536, 1002.8748663410026
Node 10259, 710.0690396596465
Node 8368, 491.81904546287967
Node 3754, 150.8120247831606
Node 1347, 24.935300329555446
Node 1125, 6.856956460464781
Node 8172, 473.8267622262077
Node 5371, 249.27978612031671
Node 1977, 61.6646984333096
Node 6648, 342.68950965633223
Node 2872, 105.38954357566377
Node 12367, 1001.6255361362741
Node 11286, 867.7506413165509
Node 1156, 9.78397519886519
Node 7379, 402.0351259039104
Node 12905, 1008.2910029464625
Node 10830, 792.2365041951324
Node 10603, 756.2577185886801
Node 3317, 127.73213823111429
Node 1631, 43.85622153869865
Node 1105, 4.573739284816016
Node 9959, 672.5985424423227
Node 4247, 178.47640161908018
Node 7524, 415.0050599852045
Node 1493, 34.45531225990213
Node 4661, 204.86894741448396
Node 2031, 64.89009125125123
Node 10986, 818.6001494846952
Node 4795, 212.93569435832703
Node 4006, 164.04565157130523
Node 1532, 36.88999480923978
Node 2175, 70.96906917025463
Node 1981, 61.903155726217335
Node 1095, 3.7538040526955183
Node 4026, 165.11131852713584
Node 1092, 3.37231286188777
Node 13842, 2364.8316361459165
Node 13730, 1542.2969652014233
Node 5698, 271.0986157833099
Node 2272, 76.28967080528747
Node 1319, 22.83359064671428
Node 1115, 5.900562389999737
Node 5277, 242.70232232154936
Node 13598, 1212.33696450372
Node 13378, 1065.8338858475693
Node 13315, 1046.9720941949834
Node 11341, 879.6375958255312
Node 2319, 79.09214822377392
Node 1605, 42.35094310475275
Node 13367, 1060.9125855999673
Node 13320, 1048.592917547835
Node 9768, 647.1576483438461
Node 1850, 56.20176163086487
Node 13296, 1040.8233940976033
Node 9603, 627.2901856239293
Node 1487, 33.859934840582994
Node 4298, 182.09728055048836
Node 3118, 116.78925813114539
Node 2990, 110.85369809504188
Node 13242, 1031.6385767660092
Node 11133, 842.2300426497777
Node 6320, 316.0384627020407
Node 1451, 31.69240025177974
Node 13235, 1030.1276899852126
Node 11545, 916.6968746893227
Node 11404, 891.9654463568255
Node 10617, 758.3356058213974
Node 3971, 162.26491205994597
Node 1744, 50.49858002076039
Node 1390, 28.059392776578655
Node 1197, 13.665701551037182
Node 10475, 740.4309957928435
Node 5202, 237.62309210457832
Node 9489, 613.827226002187
Node 8373, 492.658953492846
Node 4441, 190.88511401520964
Node 2128, 69.05128564044524
Node 1719, 48.916779475052394
Node 8719, 527.2532218899381
Node 7888, 447.8196474630528
Node 4616, 201.22831727745572
Node 4271, 180.06035453525
Node 3552, 140.23595021636058
Node 1207, 14.853150343170624
Node 1521, 36.140967530883024
Node 8250, 480.65006964755344
Node 11406, 892.1521937305497
Node 1334, 24.193146341855464
Node 5168, 235.75744159989497
Node 1956, 60.89309648656622
Node 1518, 36.02771028916058
Node 2812, 103.16096045281236
Node 1759, 51.32588093307403
Node 2468, 86.05623782431657
Node 2304, 78.23088869290115
Node 11937, 987.1713718738777
Node 1260, 18.491950724593824
Node 2460, 85.8648291339972
Node 13322, 1049.2803026630215
Node 11618, 929.8020786080016
Node 1790, 52.94477919054943
Node 10096, 688.5722066556104
Node 4977, 224.0007661615385
Node 9725, 640.6552285917012
Node 9095, 567.4679383098468
Node 5139, 233.74144577207304
Node 1824, 54.442691886447484
Node 12222, 1000.8354995485136
Node 5720, 271.9557107165776
Node 8069, 463.91398539498726
Node 2735, 98.80013587125268
Node 13501, 1119.0915493465304
Node 13352, 1058.0872780440168
Node 13036, 1013.3719195164056
Node 8314, 486.16712044288016
Node 3722, 148.96082201007792
Node 2695, 96.69251440147981
Node 1733, 49.9953454268337
Node 4066, 167.4140555238325
Node 2606, 92.76502929464834
Node 1915, 59.260099551130125
Node 10960, 814.1624154232567
Node 8657, 521.0678262601431
Node 2821, 103.43986619535377
Node 1248, 17.664331562925383
Node 3734, 149.61341251466567
Node 1089, 2.296801167593609
Node 13316, 1047.219575278575
Node 1268, 19.663464989163607
Node 13045, 1014.0523441775848
Node 12145, 1000.4931658855156
Node 9747, 644.1189148868028
Node 6396, 322.6553965194174
Node 3177, 120.22998226996607
Node 2758, 100.28867790022974
Node 4763, 210.8816831361763
Node 8435, 499.3321657341068
Node 1728, 49.56564508820862
Node 7004, 370.55348388859295
Node 11918, 983.722767411231
Node 11160, 846.6563459503873
Node 6905, 362.95993422679715
Node 6473, 328.23082229289315
Node 5504, 257.6158668760596
Node 1669, 46.374709127126664
Node 4415, 189.1371109125785
Node 5930, 287.882760693424
Node 4155, 173.32901128379555
Node 1814, 54.10792471020378
Node 3943, 160.69027291683793
Node 6653, 343.1942758863746
Node 2055, 65.90788067733011
Node 8285, 483.6163281918828
Node 2378, 81.71792912306664
Node 1203, 14.316921337255415
Node 4363, 185.66722128728026
Node 1939, 60.017445703956206
Node 11373, 884.8693343852497
Node 1438, 30.673153961654066
Node 12600, 1003.3858190985478
Node 9304, 593.7465674117723
Node 1145, 8.581199649472964
Node 8412, 497.4711267170968
Node 7431, 406.87896037242217
Node 3136, 117.83288732849682
Node 8038, 460.70364502551416
Node 2974, 109.76008621263738
Node 3568, 140.69343033138668
Node 2507, 88.0800330820657
Node 2490, 86.99008940242308
Node 10875, 800.3731239624356
Node 1687, 46.92859016882019
Node 1661, 45.899812294639325
Node 4646, 203.47445397520565
Node 1163, 10.294125223141842
Node 1114, 5.878896998453325
Node 2114, 68.31314649939664
Node 1694, 47.601436599673036
Node 13492, 1113.4394105501742
Node 13201, 1024.9252157436383
Node 11166, 847.7278461321129
Node 6138, 301.7695859375769
Node 5938, 288.30511975441345
Node 9531, 619.7342135096096
Node 7145, 381.8195650960719
Node 2129, 69.05327405704013
Node 2776, 101.04535406225568
Node 1149, 8.880916926765282
Node 8842, 541.7015213703238
Node 6090, 298.4969313905821
Node 5269, 241.97496303544827
Node 2911, 106.7835537033016
Node 6011, 292.6704833789953
Node 5102, 231.4223710149434
Node 1098, 3.89621224448909
Node 6741, 349.7574498707796
Node 4710, 207.68060511157975
Node 1710, 48.24672539617777
Node 1938, 59.975183905834385
Node 1188, 12.931600909422322
Node 6686, 345.09257681631095
Node 1913, 59.02081678473114
Node 12619, 1003.5304754233781
Node 1603, 42.16251355422652
Node 1539, 37.63350887880442
Node 1185, 12.395374636657893
Node 1096, 3.776402425578296
Node 13340, 1055.018672871787
Node 12753, 1005.2259461801448
Node 11311, 871.3752522440294
Node 8096, 466.4324349720124
Node 6972, 367.22255668473053
Node 6895, 361.9306253294122
Node 6765, 351.67591839879304
Node 1122, 6.640292637051633
Node 9045, 561.8510170429913
Node 1220, 16.144385736817274
Node 6572, 337.2764619140244
Node 2287, 77.20328924500612
Node 5537, 260.1570417198093
Node 3435, 134.02064298323185
Node 1288, 20.562007106371567
Node 3506, 137.9757627892144
Node 1097, 3.7805018927778886
Node 1128, 7.318829513035969
Node 11665, 939.3627094380089
Node 6192, 305.1633926725319
Node 2950, 108.60066253458447
Node 2364, 81.15153485664243
Node 1091, 3.1644228150879936
Node 10908, 806.4741010321592
Node 13292, 1040.1601032529027
Node 6992, 369.45472356518394
Node 4449, 191.27917857232742
Node 13791, 1929.518831716673
Node 13472, 1100.770055919221
Node 1892, 58.29642888701365
Node 13384, 1067.3019722324507
Node 9739, 642.2939302723255
Node 13211, 1025.8605182048202
Node 12578, 1003.185686873139
Node 7648, 426.17968908696713
Node 1133, 7.623698238532477
Node 13075, 1015.5202892878428
Node 7918, 450.61659501800426
Node 2545, 89.92963562614324
Node 4480, 192.9223254602097
Node 3303, 126.97560789765075
Node 1522, 36.28464497356894
Node 13018, 1012.5840247736106
Node 12588, 1003.2757977488588
Node 10787, 786.9634205641637
Node 7988, 455.6174535733031
Node 2330, 79.60914365828624
Node 8602, 515.7747857540193
Node 1273, 19.76814650611075
Node 12243, 1000.8935644837387
Node 5276, 242.6442000040582
Node 1285, 20.523868192112733
Node 3743, 150.3019762543733
Node 3332, 128.5287560635223
Node 2475, 86.31159742306458
Node 1082, 0.4475236854982475
Node 1116, 5.900999963301834
Node 5642, 267.08978176396636
Node 12981, 1011.03884691766
Node 12774, 1005.5191370618631
Node 4296, 182.01605170400663
Node 3916, 159.24429911557593
Node 3518, 138.66931288787492
Node 2708, 97.72644262965851
Node 2866, 105.12599431518285
Node 1591, 41.5738720575542
Node 2221, 73.65265113298884
Node 2130, 69.08325365082949
Node 12885, 1007.8156277408759
Node 7970, 454.56541450328314
Node 1228, 16.4418350544624
Node 7449, 408.7503613727094
Node 8071, 464.0699148243644
Node 2387, 82.10811297594883
Node 7085, 377.0190304774731
Node 2675, 95.68172858598732
Node 2021, 64.4631960503932
Node 1686, 46.92810402795588
Node 4095, 169.71471935392142
Node 3454, 135.025867264041
Node 13701, 1408.5031330944473
Node 13499, 1118.1949826060147
Node 6639, 342.22965189901475
Node 3367, 129.92753478283197
Node 3514, 138.43036949186288
Node 1083, 1.247551281453921
Node 11654, 936.3558853976663
Node 1654, 45.166144561116646
Node 1170, 11.065341354539855
Node 8130, 469.82037286920956
Node 13670, 1326.6887599208915
Node 13294, 1040.7873271859244
Node 11262, 864.1265456110932
Node 5399, 250.97625989008543
Node 4889, 218.34589289609826
Node 1216, 15.813680770401826
Node 1120, 6.403062324010314
Node 7019, 371.70009669747964
Node 5507, 257.7795691617168
Node 2951, 108.6959905845863
Node 1131, 7.530996802310653
Node 3049, 113.99216009839569
Node 1496, 34.553029466171054
Node 13143, 1019.2498135337167
Node 13047, 1014.1036193720228
Node 12281, 1001.1204505570855
Node 7244, 390.5429387418343
Node 12217, 1000.817809842304
Node 8822, 538.9305103622062
Node 7711, 431.1725034192823
Node 7193, 385.42392557938297
Node 3546, 139.89886196442976
Node 3072, 114.60913162844818
Node 1456, 32.21019267208044
Node 1664, 46.150046904233285
Node 10017, 680.0083043192448
Node 2777, 101.05884993674687
Node 7451, 408.91287372636236
Node 4307, 182.31823709229963
Node 2397, 82.56155336023288
Node 6403, 323.2336487853683
Node 12479, 1002.430345328253
Node 9280, 590.8751752807626
Node 1162, 10.261626623767064
Node 3260, 124.65493972845121
Node 1670, 46.38243657327061
Node 10158, 695.9888650991829
Node 5943, 288.5493104678465
Node 3395, 131.55419240906346
Node 8766, 531.3694575718465
Node 1317, 22.627017293273333
Node 1108, 4.877270586194935
Node 1293, 21.200809650807727
Node 13655, 1300.8909947689501
Node 13332, 1052.6621693874092
Node 9377, 601.3922736282088
Node 5209, 237.87940827823297
Node 4610, 201.00958486716667
Node 4883, 217.98209334496778
Node 4317, 182.96260778539644
Node 3984, 162.75232106465506
Node 3774, 151.9587693292868
Node 1094, 3.6404540242552472
Node 8713, 526.746727834473
Node 3465, 135.4210462472934
Node 1855, 56.513576460528206
Node 1815, 54.13943511026381
Node 8167, 473.4622212958243
Node 5312, 245.17536555751497
Node 2498, 87.35438478028851
Node 3681, 146.39355625134655
Node 13152, 1020.4119002245445
Node 12938, 1009.4345734662941
Node 9070, 565.1589918885543
Node 1081, 0.28909191049954863
Node 12229, 1000.8508168787033
Node 2920, 107.11417979460941
Node 1870, 57.45058234637586
Node 1469, 33.073902638078806
Node 1123, 6.670738869500813
Node 1159, 9.926870241677245
Node 1151, 8.996507254263298
Node 11995, 995.9816233265402
Node 9076, 565.5741881691456
Node 2632, 93.93752475822845
Node 1504, 35.16264830693484
Node 3635, 144.1609953490518
Node 2746, 99.45025464614339
Node 9248, 586.1234556237566
Node 13132, 1018.6817085937759
Node 12586, 1003.2335238090475
Node 4443, 190.94660902776562
Node 2726, 98.48697917650856
Node 4302, 182.1896794689636
Node 9344, 598.0156751699508
Node 9182, 577.4285723089104
Node 1961, 61.01187889412463
Node 1399, 28.529382554374447
Node 13090, 1016.3783761438981
Node 8369, 491.84773749503296
Node 1136, 8.077371016064681
Node 9194, 579.6947443671937
Node 8714, 526.7476945151711
Node 3765, 151.33892983692502
Node 1544, 38.00144407707859
Node 13497, 1116.1561742178985
Node 12985, 1011.3630289097745
Node 12320, 1001.3578094092879
Node 4545, 197.69145496716092
Node 1137, 8.105268414957305
Node 11087, 835.9527971589241
Node 7786, 438.99591116797046
Node 3014, 112.05344688711308
Node 1102, 4.249533309379076
Node 1280, 20.049539693728452
Node 4515, 195.61779460244026
Node 12679, 1004.1809402679926
Node 8793, 534.3319659641091
Node 4202, 175.5460038179209
Node 3091, 115.4816427096927
Node 7425, 406.39636171458824
Node 1110, 5.116257021014181
Node 6876, 360.5714453907231
Node 5250, 240.94417782535018
Node 3099, 115.7819555762952
Node 2071, 66.46133646528645
Node 6447, 326.3965676115059
Node 3882, 157.55407459455844
Node 1143, 8.523068378778328
Node 4793, 212.82632360087823
Node 3064, 114.3449638240032
Node 4532, 196.3529584361966
Node 9663, 633.7430751514463
Node 5267, 241.8499481212098
Node 2393, 82.40788413155758
Node 9317, 594.5599275113726
Node 8339, 488.0484763711077
Node 5366, 248.88048495576854
Node 2178, 71.10542607248108
Node 1698, 47.70199388577835
Node 2778, 101.17268996685212
Node 13221, 1027.4727311339545
Node 9696, 638.1367293656319
Node 4857, 216.32287563092345
Node 1412, 29.349479950440642
Node 1382, 27.5310296483869
Node 12881, 1007.6852416427389
Node 3921, 159.59974279294613
Node 1513, 35.775896224105374
Node 7519, 414.52108018666684
Node 4111, 170.56788664610335
Node 3011, 111.83706962710022
Node 1423, 30.16482610335003
Node 2641, 94.50490014241875
Node 6912, 363.21023950745905
Node 2198, 72.60836412216007
Node 3626, 143.62680294499455
Node 3369, 130.0504538852783
Node 3379, 130.42815681212156
Node 1411, 29.33017545116256
Node 1511, 35.54650088753796
Node 1194, 13.412190795158104
