node_generations, branch_length
1413.2649593976798, 45888.069960974884
457.6647537698683, 955.6002056278115
164.95447841346956, 292.7102753563987
0.0, 164.95447841346956
34.965030591365775, 129.98944782210378
0.0, 34.965030591365775
0.0, 34.965030591365775
308.71334645975685, 148.95140731011145
10.53898126325505, 298.1743651965018
0.0, 10.53898126325505
0.0, 10.53898126325505
303.7618293904701, 4.951517069286751
244.778036399582, 58.983792990888105
205.7167863756827, 39.061250023899305
0.0, 205.7167863756827
204.40790623580781, 1.3088801398748728
149.49741561271364, 54.91049062309418
0.0, 149.49741561271364
5.357713533898613, 144.13970207881502
0.0, 5.357713533898613
0.0, 5.357713533898613
185.02817234216684, 19.379733893640974
0.0, 185.02817234216684
0.0, 185.02817234216684
237.70989860680058, 7.068137792781414
202.55265011232734, 35.15724849447324
0.0, 202.55265011232734
135.35722554349002, 67.19542456883732
0.0, 135.35722554349002
6.460820080421688, 128.89640546306833
0.0, 6.460820080421688
0.0, 6.460820080421688
216.19562029177249, 21.514278315028093
200.20706016622358, 15.9885601255489
0.0, 200.20706016622358
0.0, 200.20706016622358
207.5534057026492, 8.642214589123284
0.0, 207.5534057026492
204.9070768947409, 2.6463288079083043
0.0, 204.9070768947409
198.16420624217218, 6.742870652568712
0.0, 198.16420624217218
0.0, 198.16420624217218
293.1754993884068, 10.586330002063278
262.8619172062261, 30.31358218218071
236.13429385920904, 26.727623347017072
219.2126634422636, 16.921630416945447
205.91045300989722, 13.302210432366365
0.0, 205.91045300989722
202.6322854920816, 3.278167517815632
0.0, 202.6322854920816
75.79558196416528, 126.83670352791631
0.0, 75.79558196416528
0.0, 75.79558196416528
213.92019409617848, 5.292469346085113
200.96686767172213, 12.95332642445635
0.0, 200.96686767172213
138.48059562448015, 62.48627204724198
0.0, 138.48059562448015
0.0, 138.48059562448015
210.12916579557785, 3.7910283006006296
163.5591663341246, 46.56999946145325
0.0, 163.5591663341246
0.0, 163.5591663341246
207.65464342696677, 2.474522368611076
202.83383047263519, 4.820812954331586
0.0, 202.83383047263519
200.4394889500413, 2.3943415225938907
0.0, 200.4394889500413
136.60686120432163, 63.83262774571966
0.0, 136.60686120432163
5.513796716316827, 131.0930644880048
0.0, 5.513796716316827
0.0, 5.513796716316827
205.00716417557697, 2.6474792513897967
0.0, 205.00716417557697
201.93563682176668, 3.0715273538102963
0.0, 201.93563682176668
0.0, 201.93563682176668
232.8592757320721, 3.2750181271369456
0.0, 232.8592757320721
24.91916042154743, 207.94011531052467
0.0, 24.91916042154743
0.0, 24.91916042154743
241.01432190360862, 21.847595302617492
213.74187048061953, 27.272451422989093
0.0, 213.74187048061953
85.13191721479325, 128.60995326582628
0.0, 85.13191721479325
0.0, 85.13191721479325
226.83529623806004, 14.17902566554858
204.2712053074264, 22.564090930633625
8.649255994496238, 195.62194931293018
0.0, 8.649255994496238
0.0, 8.649255994496238
200.7912255806323, 3.479979726794113
0.0, 200.7912255806323
0.0, 200.7912255806323
214.58055800313107, 12.254738234928965
206.5067036156341, 8.073854387496965
0.0, 206.5067036156341
8.16228070576692, 198.34442290986718
0.0, 8.16228070576692
4.017652716271863, 4.144627989495056
0.0, 4.017652716271863
0.0, 4.017652716271863
209.22303428917533, 5.357523713955743
25.440762508235004, 183.78227178094033
0.0, 25.440762508235004
0.0, 25.440762508235004
207.75240624026975, 1.4706280489055814
166.12170856654143, 41.63069767372832
0.0, 166.12170856654143
0.0, 166.12170856654143
205.6249630630424, 2.1274431772273488
133.4884858392506, 72.13647722379181
0.0, 133.4884858392506
0.0, 133.4884858392506
203.8175228158419, 1.8074402472005033
0.0, 203.8175228158419
202.39001452454707, 1.4275082912948278
0.0, 202.39001452454707
96.98284919009193, 105.40716533445514
0.0, 96.98284919009193
2.8120893051119227, 94.17075988498
0.0, 2.8120893051119227
0.0, 2.8120893051119227
263.2185904018597, 29.95690898654715
220.33189285649345, 42.88669754536622
0.0, 220.33189285649345
200.80525996951081, 19.52663288698264
0.0, 200.80525996951081
183.7972882971395, 17.007971672371326
38.71552462093164, 145.08176367620786
0.0, 38.71552462093164
0.0, 38.71552462093164
78.60183939684114, 105.19544890029835
0.0, 78.60183939684114
0.0, 78.60183939684114
262.5562349831347, 0.6623554187249852
229.45545016444123, 33.100784818693455
208.27127502062297, 21.184175143818265
93.29244193694609, 114.97883308367688
0.0, 93.29244193694609
37.08107826807619, 56.2113636688699
0.0, 37.08107826807619
0.0, 37.08107826807619
118.9141289952969, 89.35714602532606
0.0, 118.9141289952969
0.0, 118.9141289952969
212.09967297561545, 17.355777188825783
204.08954453139611, 8.010128444219333
25.885148797096722, 178.2043957342994
0.0, 25.885148797096722
0.0, 25.885148797096722
35.95835454424157, 168.13118998715453
0.0, 35.95835454424157
0.0, 35.95835454424157
205.68872037219867, 6.410952603416774
200.54185784753975, 5.146862524658928
0.0, 200.54185784753975
0.0, 200.54185784753975
202.4172607464883, 3.271459625710378
139.05673981354948, 63.36052093293881
0.0, 139.05673981354948
58.507923243936524, 80.54881656961297
0.0, 58.507923243936524
23.98018619568374, 34.52773704825279
0.0, 23.98018619568374
0.0, 23.98018619568374
201.67648304606428, 0.7407777004240188
127.37721879009959, 74.29926425596469
0.0, 127.37721879009959
0.0, 127.37721879009959
128.48263295381395, 73.19385009225033
0.0, 128.48263295381395
100.67927973185931, 27.803353221954637
0.0, 100.67927973185931
99.74103118944194, 0.9382485424173694
0.0, 99.74103118944194
1.0397763551089425, 98.701254834333
0.0, 1.0397763551089425
0.0, 1.0397763551089425
231.83221051769928, 30.724024465435406
60.18254430878748, 171.6496662089118
0.0, 60.18254430878748
11.710389689199346, 48.47215461958813
0.0, 11.710389689199346
0.0, 11.710389689199346
202.76049803829858, 29.071712479400702
132.73019560253917, 70.03030243575941
0.0, 132.73019560253917
0.0, 132.73019560253917
143.79002327324912, 58.97047476504946
0.0, 143.79002327324912
0.0, 143.79002327324912
676.947261477751, 736.3176979199288
259.77893905103207, 417.16832242671893
205.70792208064105, 54.071016970391014
4.645068395216929, 201.06285368542413
0.0, 4.645068395216929
0.0, 4.645068395216929
202.24924880669158, 3.458673273949472
0.0, 202.24924880669158
0.0, 202.24924880669158
232.71438960851114, 27.064549442520928
202.439168767143, 30.27522084136814
42.935926924521326, 159.50324184262166
0.0, 42.935926924521326
0.0, 42.935926924521326
200.0504677765907, 2.3887009905523087
0.0, 200.0504677765907
0.0, 200.0504677765907
218.7669924763489, 13.947397132162251
201.70259656478348, 17.064395911565413
6.370795466168897, 195.3318010986146
0.0, 6.370795466168897
0.0, 6.370795466168897
200.14232633646154, 1.56027022832194
0.0, 200.14232633646154
27.05774764242351, 173.08457869403802
0.0, 27.05774764242351
0.0, 27.05774764242351
208.93431459008156, 9.832677886267334
179.5486622858644, 29.38565230421716
0.0, 179.5486622858644
0.0, 179.5486622858644
206.78843196056374, 2.145882629517814
201.2289361608508, 5.559495799712948
0.0, 201.2289361608508
0.0, 201.2289361608508
206.30680363532883, 0.48162832523490806
201.83073225539252, 4.4760713799363145
77.79295495875971, 124.03777729663281
0.0, 77.79295495875971
0.0, 77.79295495875971
86.0242848601122, 115.80644739528032
0.0, 86.0242848601122
61.112557703276025, 24.91172715683618
0.0, 61.112557703276025
0.0, 61.112557703276025
205.99593872902702, 0.3108649063018163
204.545414628712, 1.4505241003150218
0.0, 204.545414628712
201.97566883087086, 2.5697457978411364
0.0, 201.97566883087086
0.0, 201.97566883087086
205.97688158944393, 0.01905713958308297
0.0, 205.97688158944393
202.23755401633898, 3.7393275731049584
0.0, 202.23755401633898
168.03143823832548, 34.2061157780135
0.0, 168.03143823832548
104.06027102696953, 63.97116721135595
0.0, 104.06027102696953
0.0, 104.06027102696953
385.2716445990402, 291.6756168787108
361.43076095152776, 23.84088364751244
261.6962819657161, 99.73447898581168
238.1884528604535, 23.507829105262573
214.7656850491434, 23.42276781131011
202.31555963362715, 12.450125415516254
0.0, 202.31555963362715
0.0, 202.31555963362715
210.27326088421609, 4.492424164927314
200.10000268587274, 10.173258198343348
0.0, 200.10000268587274
200.0812047918075, 0.018797894065244236
177.48483259859262, 22.596372193214876
0.0, 177.48483259859262
8.907332681741037, 168.5774999168516
0.0, 8.907332681741037
0.0, 8.907332681741037
194.00541927904433, 6.0757855127631615
0.0, 194.00541927904433
0.0, 194.00541927904433
202.64829124679673, 7.624969637419355
0.0, 202.64829124679673
201.9489042951515, 0.6993869516452378
167.892309722286, 34.05659457286549
0.0, 167.892309722286
0.0, 167.892309722286
172.5936787902075, 29.355225504944002
8.370765823035253, 164.22291296717225
0.0, 8.370765823035253
0.0, 8.370765823035253
22.142331095654768, 150.45134769455274
0.0, 22.142331095654768
0.0, 22.142331095654768
220.37734611848262, 17.81110674197089
0.0, 220.37734611848262
219.02443289491833, 1.3529132235642862
0.0, 219.02443289491833
205.0422023540926, 13.982230540825725
0.0, 205.0422023540926
0.0, 205.0422023540926
243.42855373123382, 18.267728234482263
209.67010972495544, 33.75844400627838
123.12338407690977, 86.54672564804567
0.0, 123.12338407690977
96.6042262788517, 26.519157798058075
0.0, 96.6042262788517
51.747578038385996, 44.8566482404657
0.0, 51.747578038385996
0.0, 51.747578038385996
203.68889301831155, 5.981216706643892
0.0, 203.68889301831155
122.77226690527513, 80.91662611303641
0.0, 122.77226690527513
0.0, 122.77226690527513
211.7294614388435, 31.699092292390333
67.23110927695572, 144.49835216188777
0.0, 67.23110927695572
0.0, 67.23110927695572
201.0431726745765, 10.686288764266976
0.0, 201.0431726745765
0.0, 201.0431726745765
342.01246216981787, 19.418298781709893
248.10062048595358, 93.91184168386428
214.03672330033, 34.063897185623574
0.0, 214.03672330033
203.6921257978902, 10.344597502439797
0.0, 203.6921257978902
203.21825434825516, 0.47387144963505534
0.0, 203.21825434825516
0.0, 203.21825434825516
221.81312532056367, 26.287495165389913
0.0, 221.81312532056367
170.06764669825657, 51.745478622307104
83.62431698380124, 86.44332971445533
0.0, 83.62431698380124
0.0, 83.62431698380124
113.71845015221142, 56.34919654604515
0.0, 113.71845015221142
109.54757334764454, 4.170876804566873
0.0, 109.54757334764454
21.382054707678464, 88.16551863996608
0.0, 21.382054707678464
0.0, 21.382054707678464
262.62022569549794, 79.39223647431993
0.0, 262.62022569549794
255.26524094830643, 7.354984747191509
114.30538675656696, 140.95985419173945
42.88247898102343, 71.42290777554354
0.0, 42.88247898102343
13.455659953691047, 29.426819027332385
0.0, 13.455659953691047
0.0, 13.455659953691047
68.5134323740196, 45.79195438254736
0.0, 68.5134323740196
7.990739046000965, 60.52269332801863
0.0, 7.990739046000965
0.0, 7.990739046000965
236.19015470077787, 19.07508624752856
29.965192169324265, 206.2249625314536
0.0, 29.965192169324265
0.0, 29.965192169324265
218.31929069647825, 17.87086400429962
0.0, 218.31929069647825
202.52315131084006, 15.796139385638185
177.7947071016238, 24.728444209216264
119.42081130846498, 58.37389579315882
0.0, 119.42081130846498
56.68061655598198, 62.740194752483
0.0, 56.68061655598198
0.0, 56.68061655598198
137.16662649619553, 40.628080605428266
0.0, 137.16662649619553
40.64790224173342, 96.51872425446211
0.0, 40.64790224173342
25.45023442301994, 15.19766781871348
0.0, 25.45023442301994
0.0, 25.45023442301994
200.36150961572133, 2.161641695118732
0.0, 200.36150961572133
6.11430432339519, 194.24720529232613
0.0, 6.11430432339519
0.0, 6.11430432339519
366.05709031601805, 19.214554283022153
284.9275808794444, 81.12950943657364
256.8405428884704, 28.08703799097401
220.34080002118853, 36.49974286728187
203.32154606516622, 17.01925395602231
0.0, 203.32154606516622
68.88013785294865, 134.44140821221757
0.0, 68.88013785294865
55.82870820481005, 13.051429648138601
0.0, 55.82870820481005
0.0, 55.82870820481005
211.01977000709323, 9.3210300140953
0.0, 211.01977000709323
57.06128022286079, 153.95848978423243
0.0, 57.06128022286079
0.0, 57.06128022286079
240.31451836583858, 16.526024522631815
208.84154983848953, 31.472968527349053
205.27028452421962, 3.5712653142699082
200.14403732458615, 5.126247199633468
0.0, 200.14403732458615
0.0, 200.14403732458615
205.21186305989602, 0.05842146432360096
101.96874104641189, 103.24312201348413
0.0, 101.96874104641189
23.050096740662443, 78.91864430574945
0.0, 23.050096740662443
20.223818418766673, 2.8262783218957708
0.0, 20.223818418766673
0.0, 20.223818418766673
204.54691417892892, 0.6649488809671027
3.892267744399374, 200.65464643452955
0.0, 3.892267744399374
0.0, 3.892267744399374
200.97853969670106, 3.5683744822278527
0.0, 200.97853969670106
172.86232547391057, 28.11621422279049
0.0, 172.86232547391057
0.0, 172.86232547391057
206.97470130108601, 1.8668485374035129
166.10431059947214, 40.87039070161387
0.0, 166.10431059947214
162.96167708890061, 3.142633510571528
0.0, 162.96167708890061
0.0, 162.96167708890061
200.67929349051963, 6.295407810566388
0.0, 200.67929349051963
151.64071067693058, 49.038582813589045
0.0, 151.64071067693058
0.0, 151.64071067693058
232.24865094794225, 8.065867417896328
203.6835540203352, 28.565096927607044
0.0, 203.6835540203352
0.0, 203.6835540203352
207.98838083567796, 24.260270112264294
0.0, 207.98838083567796
203.68376753140743, 4.304613304270532
0.0, 203.68376753140743
0.0, 203.68376753140743
284.66543483644864, 0.2621460429957665
207.51448640197705, 77.15094843447159
181.51266462428853, 26.00182177768852
15.831811677656896, 165.68085294663163
0.0, 15.831811677656896
0.0, 15.831811677656896
54.65849269487113, 126.8541719294174
38.03303668654297, 16.625456008328158
0.0, 38.03303668654297
6.758764968372035, 31.274271718170937
0.0, 6.758764968372035
0.0, 6.758764968372035
39.14040206957932, 15.518090625291805
0.0, 39.14040206957932
0.0, 39.14040206957932
206.67368206700198, 0.8408043349750756
0.0, 206.67368206700198
205.0338727603726, 1.6398093066293882
201.92472368274684, 3.1091490776257444
0.0, 201.92472368274684
0.0, 201.92472368274684
203.4922499041356, 1.5416228562369838
61.94315949250205, 141.54909041163356
0.0, 61.94315949250205
28.704484210075176, 33.23867528242687
0.0, 28.704484210075176
0.0, 28.704484210075176
202.28250359771462, 1.209746306420982
0.0, 202.28250359771462
37.803242976168384, 164.47926062154625
0.0, 37.803242976168384
0.0, 37.803242976168384
263.14116986880765, 21.52426496764099
230.73563543003547, 32.40553443877218
208.2251769988825, 22.510458431152983
0.0, 208.2251769988825
208.2235845547733, 0.0015924441091783592
0.0, 208.2235845547733
208.16712953639353, 0.056455018379779176
0.0, 208.16712953639353
200.70949683974465, 7.457632696648886
0.0, 200.70949683974465
168.73895782721428, 31.970539012530367
112.81476628739571, 55.924191539818565
0.0, 112.81476628739571
0.0, 112.81476628739571
118.61132753108652, 50.12763029612776
97.57969955954054, 21.031627971545973
0.0, 97.57969955954054
0.0, 97.57969955954054
108.05105425999912, 10.560273271087397
0.0, 108.05105425999912
0.0, 108.05105425999912
226.8062265341221, 3.929408895913383
203.92568052809838, 22.880546006023707
57.1758695610529, 146.74981096704548
0.0, 57.1758695610529
51.94667071839632, 5.229198842656579
0.0, 51.94667071839632
0.0, 51.94667071839632
182.63924703121683, 21.286433496881557
0.0, 182.63924703121683
160.72135190277368, 21.91789512844315
0.0, 160.72135190277368
57.47221931386597, 103.24913258890771
0.0, 57.47221931386597
0.0, 57.47221931386597
215.5850686800253, 11.221157854096788
210.34017961920958, 5.244889060815723
209.32861392722484, 1.0115656919847424
0.0, 209.32861392722484
206.29608418014323, 3.032529747081611
0.0, 206.29608418014323
203.2117905896314, 3.084293590511834
0.0, 203.2117905896314
55.567649761948026, 147.64414082768337
0.0, 55.567649761948026
0.0, 55.567649761948026
209.5749957601147, 0.7651838590948898
200.03695961600715, 9.538036144107537
0.0, 200.03695961600715
36.101845457929855, 163.93511415807728
25.43216368604097, 10.669681771888886
0.0, 25.43216368604097
0.0, 25.43216368604097
32.574488939780174, 3.5273565181496807
0.0, 32.574488939780174
17.881287926809712, 14.693201012970462
0.0, 17.881287926809712
0.0, 17.881287926809712
206.29742523658174, 3.277570523532944
0.0, 206.29742523658174
55.390268580086705, 150.90715665649503
0.0, 55.390268580086705
53.14951958500405, 2.2407489950826545
0.0, 53.14951958500405
44.150723786331724, 8.998795798672326
0.0, 44.150723786331724
0.0, 44.150723786331724
210.84677916318194, 4.738289516843366
0.0, 210.84677916318194
210.31622088126747, 0.5305582819144661
0.0, 210.31622088126747
201.01569085833697, 9.300530022930502
0.0, 201.01569085833697
33.305225740627506, 167.71046511770948
0.0, 33.305225740627506
0.0, 33.305225740627506
259.4065791365073, 3.7345907323003757
212.56200003469044, 46.844579101816834
203.73727017007312, 8.824729864617325
0.0, 203.73727017007312
202.2633914134418, 1.4738787566313079
0.0, 202.2633914134418
28.584950364027048, 173.67844104941477
0.0, 28.584950364027048
0.0, 28.584950364027048
207.873520175488, 4.688479859202431
0.0, 207.873520175488
204.1551606306809, 3.7183595448071003
0.0, 204.1551606306809
0.0, 204.1551606306809
214.1368817905947, 45.26969734591256
0.0, 214.1368817905947
200.3746534249956, 13.7622283655991
0.0, 200.3746534249956
176.32801079791471, 24.0466426270809
0.0, 176.32801079791471
120.67988681815979, 55.64812397975493
0.0, 120.67988681815979
0.0, 120.67988681815979
320.74605127533823, 45.311039040679816
245.40748115634378, 75.33857011899445
218.00134208353006, 27.406139072813716
0.0, 218.00134208353006
206.5073563736057, 11.493985709924374
0.0, 206.5073563736057
205.01366963011347, 1.4936867434922192
0.0, 205.01366963011347
0.0, 205.01366963011347
231.83482131644675, 13.572659839897028
216.97078874026667, 14.86403257618008
200.59078368046377, 16.380005059802897
0.0, 200.59078368046377
167.79053234900024, 32.80025133146353
0.0, 167.79053234900024
0.0, 167.79053234900024
205.1985863944295, 11.772202345837172
0.0, 205.1985863944295
201.75053348373024, 3.4480529106992606
0.0, 201.75053348373024
62.86762843930897, 138.88290504442125
20.440574576596415, 42.427053862712555
0.0, 20.440574576596415
11.044381680897388, 9.396192895699027
0.0, 11.044381680897388
0.0, 11.044381680897388
56.40592019462424, 6.461708244684736
0.0, 56.40592019462424
26.066682738296002, 30.339237456328235
0.0, 26.066682738296002
0.0, 26.066682738296002
219.56114086688586, 12.273680449560885
202.48676235467812, 17.074378512207744
0.0, 202.48676235467812
0.0, 202.48676235467812
215.6169937087559, 3.944147158129965
205.18234685637336, 10.434646852382542
0.0, 205.18234685637336
202.572752692316, 2.60959416405737
0.0, 202.572752692316
66.77786245514847, 135.79489023716752
0.0, 66.77786245514847
0.0, 66.77786245514847
206.75821312843198, 8.858780580323923
24.197565005978717, 182.56064812245324
0.0, 24.197565005978717
0.0, 24.197565005978717
206.29590321939014, 0.462309909041835
17.576149271261176, 188.71975394812895
0.0, 17.576149271261176
0.0, 17.576149271261176
183.86159958401836, 22.434303635371776
0.0, 183.86159958401836
114.14108860685158, 69.72051097716678
0.0, 114.14108860685158
0.0, 114.14108860685158
285.51612298498566, 35.229928290352575
232.96764754495078, 52.54847544003488
230.2346518846909, 2.7329956602598884
100.24637793101988, 129.988273953671
0.0, 100.24637793101988
0.0, 100.24637793101988
222.42063785771327, 7.814014026977617
200.93069595981066, 21.48994189790261
88.79903198447413, 112.13166397533654
0.0, 88.79903198447413
0.0, 88.79903198447413
200.83944668562526, 0.09124927418540096
0.0, 200.83944668562526
70.49783916915389, 130.34160751647136
0.0, 70.49783916915389
0.0, 70.49783916915389
206.35279686049827, 16.067840997215
200.09595973232283, 6.256837128175448
0.0, 200.09595973232283
0.0, 200.09595973232283
205.0266473690371, 1.326149491461166
0.0, 205.0266473690371
99.09680272744733, 105.92984464158978
61.19317156707638, 37.90363116037095
0.0, 61.19317156707638
0.0, 61.19317156707638
94.81609409880845, 4.280708628638877
0.0, 94.81609409880845
0.0, 94.81609409880845
230.98399444621182, 1.9836530987389551
209.26451861145492, 21.719475834756906
206.51406323681158, 2.7504553746433373
35.009760713885164, 171.50430252292642
0.0, 35.009760713885164
0.0, 35.009760713885164
203.17947751140653, 3.3345857254050486
11.411304201330129, 191.7681733100764
0.0, 11.411304201330129
0.0, 11.411304201330129
41.58205980556647, 161.59741770584006
0.0, 41.58205980556647
0.0, 41.58205980556647
206.55517376177076, 2.7093448496841575
0.0, 206.55517376177076
203.97595457736318, 2.5792191844075774
104.4743952409753, 99.50155933638788
0.0, 104.4743952409753
0.0, 104.4743952409753
201.9343916430794, 2.0415629342837747
0.0, 201.9343916430794
61.385243774241644, 140.54914786883776
0.0, 61.385243774241644
0.0, 61.385243774241644
217.4438701062897, 13.54012433992213
210.84168149749559, 6.602188608794108
203.22803639260889, 7.6136451048867
29.37276476938066, 173.85527162322822
0.0, 29.37276476938066
0.0, 29.37276476938066
121.27003371127566, 81.95800268133323
0.0, 121.27003371127566
0.0, 121.27003371127566
209.22988984291757, 1.6117916545780133
0.0, 209.22988984291757
207.15289104860696, 2.0769987943106116
0.0, 207.15289104860696
53.155214489189845, 153.99767655941713
0.0, 53.155214489189845
0.0, 53.155214489189845
211.48823539715886, 5.955634709130834
200.7517307474151, 10.73650464974375
5.775914723784499, 194.9758160236306
0.0, 5.775914723784499
0.0, 5.775914723784499
85.17813082942817, 115.57359991798694
0.0, 85.17813082942817
49.660177927628844, 35.517952901799326
0.0, 49.660177927628844
0.0, 49.660177927628844
211.46242468719598, 0.02581070996288304
50.56619903909744, 160.89622564809855
0.0, 50.56619903909744
38.40581134378947, 12.160387695307968
0.0, 38.40581134378947
0.0, 38.40581134378947
210.13997966034725, 1.322445026848726
149.37551930149948, 60.76446035884777
16.420618907291068, 132.9549003942084
0.0, 16.420618907291068
0.0, 16.420618907291068
118.0301284825774, 31.345390818922084
0.0, 118.0301284825774
21.750428434339266, 96.27970004823813
0.0, 21.750428434339266
0.0, 21.750428434339266
206.32917429053754, 3.8108053698097137
0.0, 206.32917429053754
0.0, 206.32917429053754
239.74140419020694, 45.77471879477872
0.0, 239.74140419020694
158.32785974100452, 81.41354444920242
0.0, 158.32785974100452
153.79736986426883, 4.530489876735686
0.0, 153.79736986426883
0.0, 153.79736986426883
13467.183926586109, 33834.15099378646
7762.872253364652, 5704.311673221457
902.2263230516114, 6860.645930313041
217.24242057372058, 684.9839024778909
0.0, 217.24242057372058
212.68609076240185, 4.556329811318733
0.0, 212.68609076240185
212.48141197926492, 0.20467878313692722
0.0, 212.48141197926492
99.58549124792764, 112.89592073133728
0.0, 99.58549124792764
0.0, 99.58549124792764
234.7257701438029, 667.5005529078085
223.7489877219653, 10.976782421837584
209.99254556064682, 13.756442161318489
203.42494438239368, 6.567601178253142
0.0, 203.42494438239368
49.58742533246274, 153.83751904993093
0.0, 49.58742533246274
0.0, 49.58742533246274
206.58506245793595, 3.40748310271087
0.0, 206.58506245793595
0.0, 206.58506245793595
216.1054216306399, 7.643566091325397
215.26297950347342, 0.8424421271664926
65.4829838595691, 149.77999564390433
0.0, 65.4829838595691
49.28819219368474, 16.19479166588436
0.0, 49.28819219368474
0.0, 49.28819219368474
214.1409573899349, 1.1220221135385202
0.0, 214.1409573899349
208.19694890114596, 5.944008488788938
0.0, 208.19694890114596
204.90867586014716, 3.288273040998803
0.0, 204.90867586014716
47.97549917657247, 156.9331766835747
0.0, 47.97549917657247
0.0, 47.97549917657247
215.46788527236413, 0.6375363582757814
49.170480258295036, 166.29740501406908
0.0, 49.170480258295036
0.0, 49.170480258295036
92.23200545317012, 123.23587981919401
0.0, 92.23200545317012
25.5656692748013, 66.66633617836882
0.0, 25.5656692748013
0.0, 25.5656692748013
233.85051167294628, 0.8752584708566076
0.0, 233.85051167294628
229.62260882905144, 4.227902843894839
200.50003588532775, 29.122572943723696
0.0, 200.50003588532775
172.43329726286302, 28.066738622464726
0.0, 172.43329726286302
63.66780527211923, 108.76549199074378
0.0, 63.66780527211923
0.0, 63.66780527211923
217.51395484831315, 12.108653980738296
210.21565179170074, 7.298303056612411
203.60582942964194, 6.609822362058793
194.18582674300424, 9.420002686637702
0.0, 194.18582674300424
71.61191039121046, 122.57391635179378
0.0, 71.61191039121046
13.468953244930212, 58.142957146280246
0.0, 13.468953244930212
0.0, 13.468953244930212
201.195942791824, 2.409886637817948
0.0, 201.195942791824
97.79479770074404, 103.40114509107995
0.0, 97.79479770074404
51.99923245830252, 45.79556524244152
0.0, 51.99923245830252
48.38442831382787, 3.614804144474654
0.0, 48.38442831382787
0.0, 48.38442831382787
205.9170503149912, 4.2986014767095355
183.16694970013293, 22.75010061485827
0.0, 183.16694970013293
0.0, 183.16694970013293
205.84202889812053, 0.0750214168706691
0.0, 205.84202889812053
205.7439020975644, 0.09812680055614464
41.779569619891305, 163.96433247767308
0.0, 41.779569619891305
0.0, 41.779569619891305
203.8127035611804, 1.931198536383988
0.0, 203.8127035611804
44.752702313750824, 159.06000124742957
0.0, 44.752702313750824
0.0, 44.752702313750824
216.04326009445683, 1.4706947538563213
0.0, 216.04326009445683
210.15840345058493, 5.884856643871899
0.0, 210.15840345058493
207.29321736588096, 2.8651860847039643
68.77709862834786, 138.5161187375331
0.0, 68.77709862834786
0.0, 68.77709862834786
201.48204628999247, 5.811171075888495
0.0, 201.48204628999247
0.0, 201.48204628999247
2968.5293597673713, 4794.342893597281
336.7683873690511, 2631.76097239832
250.3618388670872, 86.4065485019639
214.32516775849822, 36.03667110858896
0.0, 214.32516775849822
128.43375921317136, 85.89140854532687
59.89393927547364, 68.53981993769771
0.0, 59.89393927547364
0.0, 59.89393927547364
119.12863644438255, 9.305122768788806
0.0, 119.12863644438255
0.0, 119.12863644438255
229.07185158200647, 21.289987285080713
0.0, 229.07185158200647
214.13056051268836, 14.941291069318112
206.64738760102568, 7.4831729116626775
204.6555682916163, 1.9918193094093795
38.79851719384162, 165.85705109777467
0.0, 38.79851719384162
0.0, 38.79851719384162
184.75522486955282, 19.900343422063486
0.0, 184.75522486955282
127.94377113148934, 56.81145373806348
0.0, 127.94377113148934
0.0, 127.94377113148934
205.47142091252746, 1.175966688498221
139.2030936582913, 66.26832725423617
0.0, 139.2030936582913
0.0, 139.2030936582913
202.19922877576212, 3.272192136765341
12.710101790964483, 189.48912698479765
0.0, 12.710101790964483
0.0, 12.710101790964483
121.4598328763037, 80.73939589945843
0.0, 121.4598328763037
5.19197402911522, 116.26785884718848
0.0, 5.19197402911522
0.0, 5.19197402911522
213.9054448474704, 0.22511566521797022
201.78933677091558, 12.11610807655481
112.63276864136434, 89.15656812955125
0.0, 112.63276864136434
0.0, 112.63276864136434
200.481799339589, 1.3075374313265797
50.55711921797874, 149.92468012161027
0.0, 50.55711921797874
22.568688567417457, 27.98843065056128
0.0, 22.568688567417457
0.0, 22.568688567417457
60.4145559821469, 140.0672433574421
0.0, 60.4145559821469
34.02455721935887, 26.389998762788032
0.0, 34.02455721935887
0.0, 34.02455721935887
209.15029858141943, 4.755146266050957
203.2560717008414, 5.894226880578032
0.0, 203.2560717008414
202.12589741421485, 1.1301742866265556
0.7401746731490745, 201.38572274106576
0.0, 0.7401746731490745
0.0, 0.7401746731490745
121.72624319767843, 80.39965421653642
0.0, 121.72624319767843
0.0, 121.72624319767843
207.61369768305283, 1.5366008983666006
0.0, 207.61369768305283
201.31782008854466, 6.29587759450817
0.0, 201.31782008854466
198.13027356012793, 3.187546528416732
0.0, 198.13027356012793
14.740720604826842, 183.3895529553011
0.0, 14.740720604826842
0.0, 14.740720604826842
268.4262805688877, 68.34210680016338
209.74000158549669, 58.68627898339102
129.31416305421786, 80.42583853127883
0.0, 129.31416305421786
123.31615278543015, 5.998010268787709
0.0, 123.31615278543015
11.692878527327998, 111.62327425810216
0.0, 11.692878527327998
0.0, 11.692878527327998
205.65972775535633, 4.0802738301403565
0.0, 205.65972775535633
131.68030104925586, 73.97942670610047
0.0, 131.68030104925586
0.0, 131.68030104925586
257.659738384708, 10.766542184179684
224.11445670932767, 33.54528167538035
210.58420932809776, 13.530247381229913
0.0, 210.58420932809776
180.13856243520155, 30.445646892896207
99.61933129864991, 80.51923113655164
0.0, 99.61933129864991
0.0, 99.61933129864991
134.57922503659128, 45.55933739861027
0.0, 134.57922503659128
81.50261405202806, 53.07661098456322
0.0, 81.50261405202806
0.0, 81.50261405202806
218.18919106428996, 5.925265645037712
0.0, 218.18919106428996
209.97233575125935, 8.216855313030607
104.3273547196689, 105.64498103159045
0.0, 104.3273547196689
0.0, 104.3273547196689
205.16582194711668, 4.806513804142668
41.70161447713681, 163.46420746997987
0.0, 41.70161447713681
25.289967452743966, 16.411647024392842
0.0, 25.289967452743966
0.0, 25.289967452743966
113.30912872080118, 91.8566932263155
0.0, 113.30912872080118
65.99783619057402, 47.31129253022716
0.0, 65.99783619057402
0.0, 65.99783619057402
242.06310062126954, 15.59663776343848
208.85521382399926, 33.20788679727028
159.83891514970165, 49.016298674297616
0.0, 159.83891514970165
0.0, 159.83891514970165
203.5037509684195, 5.3514628555797685
46.46074255124568, 157.0430084171738
0.0, 46.46074255124568
0.0, 46.46074255124568
158.49964290805212, 45.00410806036737
0.0, 158.49964290805212
0.0, 158.49964290805212
238.2470057971794, 3.816094824090129
0.0, 238.2470057971794
203.33307599425174, 34.91392980292767
201.08157845256065, 2.2514975416910943
0.0, 201.08157845256065
0.0, 201.08157845256065
202.8455408766964, 0.4875351175553533
0.0, 202.8455408766964
45.93529046387306, 156.91025041282333
0.0, 45.93529046387306
0.0, 45.93529046387306
1119.1864986290504, 1849.3428611383208
230.64727533499084, 888.5392232940596
206.28379175015687, 24.363483584833972
0.0, 206.28379175015687
204.05128081950537, 2.2325109306515003
0.0, 204.05128081950537
202.68213989603439, 1.3691409234709795
0.0, 202.68213989603439
0.0, 202.68213989603439
226.35326122627296, 4.2940141087178745
206.55180353073527, 19.801457695537692
201.46959296478536, 5.082210565949907
130.6947972762943, 70.77479568849105
0.0, 130.6947972762943
0.0, 130.6947972762943
200.49441325108518, 0.9751797137001859
130.70599905256196, 69.78841419852321
0.0, 130.70599905256196
0.0, 130.70599905256196
200.4612056322506, 0.0332076188345809
61.13699486554131, 139.32421076670929
0.0, 61.13699486554131
0.0, 61.13699486554131
111.78061041075237, 88.68059522149822
0.0, 111.78061041075237
0.0, 111.78061041075237
204.45274036254565, 2.099063168189616
0.0, 204.45274036254565
200.43043643047727, 4.022303932068382
0.0, 200.43043643047727
1.5544245308405065, 198.87601189963678
0.0, 1.5544245308405065
0.0, 1.5544245308405065
210.43616068538853, 15.917100540884434
0.0, 210.43616068538853
201.21419416138693, 9.221966524001601
149.45974380048156, 51.754450360905366
0.0, 149.45974380048156
0.0, 149.45974380048156
201.01654614894048, 0.19764801244645014
0.0, 201.01654614894048
200.6652582134572, 0.35128793548327053
0.0, 200.6652582134572
0.0, 200.6652582134572
1004.2504749788931, 114.93602365015738
273.42630540020417, 730.824169578689
211.10226255239243, 62.32404284781174
204.12741418112435, 6.974848371268081
56.11887720178746, 148.0085369793369
0.0, 56.11887720178746
0.0, 56.11887720178746
201.0123658853297, 3.115048295794651
0.8840123747423124, 200.12835351058737
0.0, 0.8840123747423124
0.0, 0.8840123747423124
163.7190791482256, 37.2932867371041
0.0, 163.7190791482256
0.0, 163.7190791482256
208.3651800786764, 2.7370824737160433
42.07899176181848, 166.2861883168579
0.0, 42.07899176181848
0.0, 42.07899176181848
203.82650510579464, 4.538674972881751
114.56160364996181, 89.26490145583283
0.0, 114.56160364996181
110.83559547420795, 3.7260081757538615
0.0, 110.83559547420795
0.0, 110.83559547420795
200.37604089868705, 3.4504642071075864
0.0, 200.37604089868705
0.0, 200.37604089868705
214.14536048334304, 59.28094491686113
204.5915287088619, 9.553831774481154
0.0, 204.5915287088619
201.364433516518, 3.2270951923438815
0.0, 201.364433516518
0.0, 201.364433516518
206.2947782744903, 7.850582208852728
0.0, 206.2947782744903
103.47319672482455, 102.82158154966577
0.0, 103.47319672482455
0.0, 103.47319672482455
907.1226653709973, 97.12780960789576
206.6290915066223, 700.493573864375
0.0, 206.6290915066223
152.8495224589303, 53.77956904769201
0.0, 152.8495224589303
133.66378453026323, 19.185737928667066
0.0, 133.66378453026323
51.667331415877605, 81.99645311438562
0.0, 51.667331415877605
0.0, 51.667331415877605
241.62611488780476, 665.4965504831926
204.72174367775062, 36.90437121005414
200.85482713984274, 3.8669165379078834
0.0, 200.85482713984274
0.0, 200.85482713984274
204.35771284763365, 0.3640308301169739
200.47918516651492, 3.878527681118726
0.0, 200.47918516651492
0.0, 200.47918516651492
204.29127906120624, 0.06643378642741027
0.0, 204.29127906120624
203.8932179977792, 0.3980610634270363
18.08637705302253, 185.8068409447567
0.0, 18.08637705302253
0.0, 18.08637705302253
203.45767983896906, 0.43553815881014657
13.534096868521235, 189.92358297044782
0.0, 13.534096868521235
0.0, 13.534096868521235
73.39089208434523, 130.06678775462382
0.0, 73.39089208434523
4.825272879737894, 68.56561920460733
0.0, 4.825272879737894
0.0, 4.825272879737894
225.06502938977434, 16.561085498030423
213.67425316281674, 11.390776226957598
85.58350041844085, 128.0907527443759
0.0, 85.58350041844085
0.0, 85.58350041844085
207.42153645943367, 6.252716703383072
0.0, 207.42153645943367
201.99553788651988, 5.425998572913784
0.0, 201.99553788651988
201.757825596457, 0.23771229006288763
36.27469644312667, 165.4831291533303
0.0, 36.27469644312667
10.421229068308964, 25.853467374817708
0.0, 10.421229068308964
0.0, 10.421229068308964
85.80343090399981, 115.95439469245719
0.0, 85.80343090399981
0.0, 85.80343090399981
217.17908817053282, 7.885941219241516
164.85107719000638, 52.32801098052644
0.0, 164.85107719000638
149.9457752309721, 14.90530195903429
0.0, 149.9457752309721
115.65099411971363, 34.29478111125846
0.0, 115.65099411971363
9.280261916660267, 106.37073220305336
0.0, 9.280261916660267
0.0, 9.280261916660267
203.35234486807275, 13.826743302460073
0.0, 203.35234486807275
92.76464666583254, 110.5876982022402
0.0, 92.76464666583254
22.624521728730983, 70.14012493710156
0.0, 22.624521728730983
0.0, 22.624521728730983
10839.817115066175, 2627.3668115199343
5025.799601803138, 5814.017513263037
1303.4521934732506, 3722.3474083298875
50.739826946294656, 1252.712366526956
0.0, 50.739826946294656
2.0573866866405606, 48.68244025965409
0.0, 2.0573866866405606
0.0, 2.0573866866405606
946.3204834869546, 357.1317099862961
321.49255590417886, 624.8279275827757
223.31725566391395, 98.1753002402649
0.0, 223.31725566391395
207.39109964213634, 15.926156021777615
0.0, 207.39109964213634
58.50887969711409, 148.88221994502226
0.0, 58.50887969711409
0.0, 58.50887969711409
239.03572088084104, 82.45683502333782
0.0, 239.03572088084104
230.83069472072785, 8.205026160113192
191.04934442520394, 39.78135029552391
0.0, 191.04934442520394
108.59437978818133, 82.45496463702261
0.0, 108.59437978818133
27.777599706471715, 80.81678008170961
0.0, 27.777599706471715
0.0, 27.777599706471715
227.2352903034146, 3.5954044173132615
0.0, 227.2352903034146
216.9526168768932, 10.282673426521399
0.0, 216.9526168768932
200.29611456415023, 16.65650231274296
0.0, 200.29611456415023
191.2502828737984, 9.045831690351832
0.0, 191.2502828737984
84.37560430476461, 106.87467856903379
0.0, 84.37560430476461
42.3668798151769, 42.008724489587706
0.0, 42.3668798151769
35.90833802669631, 6.458541788480588
0.0, 35.90833802669631
1.9193052880345727, 33.98903273866174
0.0, 1.9193052880345727
0.0, 1.9193052880345727
371.4345397435232, 574.8859437434314
210.59356749810948, 160.84097224541372
80.64791490832974, 129.94565258977974
0.0, 80.64791490832974
0.0, 80.64791490832974
203.73248178875798, 6.861085709351499
0.0, 203.73248178875798
98.06221479309698, 105.670266995661
0.0, 98.06221479309698
65.54373119659562, 32.51848359650137
0.0, 65.54373119659562
0.0, 65.54373119659562
304.9216263947795, 66.51291334874372
230.20421114088523, 74.71741525389425
6.293371422480147, 223.9108397184051
0.0, 6.293371422480147
0.0, 6.293371422480147
225.6803607749531, 4.523850365932134
0.0, 225.6803607749531
207.15314185231898, 18.52721892263412
0.0, 207.15314185231898
202.74088307869724, 4.412258773621744
0.0, 202.74088307869724
101.84058091199884, 100.9003021666984
0.0, 101.84058091199884
56.68844271348888, 45.15213819850996
0.0, 56.68844271348888
0.0, 56.68844271348888
232.9940634653832, 71.92756292939629
0.0, 232.9940634653832
200.7170569048669, 32.2770065605163
38.715203605419994, 162.0018532994469
0.0, 38.715203605419994
0.0, 38.715203605419994
116.51109462992386, 84.20596227494303
0.0, 116.51109462992386
69.62233381854705, 46.88876081137681
0.0, 69.62233381854705
0.0, 69.62233381854705
2388.1751554712823, 2637.624446331856
353.94424605115347, 2034.230909420129
207.42080155767488, 146.5234444934786
0.0, 207.42080155767488
0.0, 207.42080155767488
307.9934347023016, 45.95081134885186
276.6044756484555, 31.388959053846122
0.0, 276.6044756484555
274.4448039063935, 2.1596717420620166
232.98966267669323, 41.455141229700246
0.0, 232.98966267669323
166.04330013300563, 66.9463625436876
0.0, 166.04330013300563
0.0, 166.04330013300563
266.1330548504496, 8.311749055943892
0.0, 266.1330548504496
231.01817805030322, 35.11487680014636
218.36034251686715, 12.65783553343607
0.0, 218.36034251686715
211.08578053354327, 7.274561983323878
0.0, 211.08578053354327
0.0, 211.08578053354327
224.84589770435713, 6.172280345946092
203.1844019553628, 21.661495748994327
201.11472571271392, 2.0696762426488817
0.0, 201.11472571271392
68.9011290876561, 132.21359662505782
0.0, 68.9011290876561
0.0, 68.9011290876561
201.23135882485556, 1.9530431305072398
0.0, 201.23135882485556
161.45348445788315, 39.77787436697241
0.0, 161.45348445788315
35.42105893511497, 126.03242552276818
0.0, 35.42105893511497
0.0, 35.42105893511497
216.1848369765669, 8.661060727790215
0.0, 216.1848369765669
188.67288130695886, 27.511955669608056
0.0, 188.67288130695886
92.00810721580473, 96.66477409115413
0.0, 92.00810721580473
90.34328116301863, 1.664826052786097
0.0, 90.34328116301863
21.786253521597487, 68.55702764142114
0.0, 21.786253521597487
0.0, 21.786253521597487
289.8583597294923, 18.13507497280932
254.72248182647476, 35.13587790301753
102.52208134565727, 152.2004004808175
4.890050359795923, 97.63203098586135
0.0, 4.890050359795923
0.0, 4.890050359795923
51.896744614091226, 50.625336731566044
0.0, 51.896744614091226
50.603836076315716, 1.29290853777551
0.0, 50.603836076315716
0.0, 50.603836076315716
229.35941297268243, 25.363068853792328
0.0, 229.35941297268243
216.95385285225092, 12.405560120431517
0.0, 216.95385285225092
215.37582733849155, 1.5780255137593713
0.0, 215.37582733849155
200.80011100983097, 14.575716328660576
124.4000367358505, 76.40007427398047
0.0, 124.4000367358505
25.23187803640823, 99.16815869944227
0.0, 25.23187803640823
0.0, 25.23187803640823
131.15998653408158, 69.64012447574939
0.0, 131.15998653408158
0.0, 131.15998653408158
264.0458137018529, 25.81254602763937
246.4079089102436, 17.637904791609316
220.73107442305118, 25.676834487192423
204.0756174730093, 16.655456950041895
0.0, 204.0756174730093
0.0, 204.0756174730093
218.3579341620908, 2.3731402609603833
200.81767487677834, 17.54025928531246
0.0, 200.81767487677834
99.76938634330631, 101.04828853347203
0.0, 99.76938634330631
15.785629001439117, 83.98375734186719
0.0, 15.785629001439117
0.0, 15.785629001439117
210.7964514795778, 7.561482682513002
49.349100770365666, 161.44735070921212
0.0, 49.349100770365666
0.0, 49.349100770365666
200.186525978899, 10.609925500678798
0.0, 200.186525978899
0.0, 200.186525978899
240.78582908523504, 5.622079825008569
0.0, 240.78582908523504
212.80334450492208, 27.982484580312956
165.78733402186202, 47.01601048306006
22.726610273664132, 143.0607237481979
0.0, 22.726610273664132
0.0, 22.726610273664132
26.997439529056265, 138.78989449280576
0.0, 26.997439529056265
0.0, 26.997439529056265
203.58240166855012, 9.220942836371961
0.0, 203.58240166855012
0.0, 203.58240166855012
248.5745826538862, 15.471231047966711
0.0, 248.5745826538862
241.18062393152894, 7.393958722357269
0.0, 241.18062393152894
210.52421611071765, 30.656407820811296
0.0, 210.52421611071765
66.39803047025863, 144.12618564045903
0.0, 66.39803047025863
0.0, 66.39803047025863
1458.494366769777, 929.6807887015054
270.17574149340817, 1188.3186252763687
239.82004732914055, 30.355694164267618
210.30265478491566, 29.51739254422489
41.321892622432, 168.98076216248364
0.0, 41.321892622432
0.0, 41.321892622432
200.85593792937775, 9.446716855537915
98.54376234334936, 102.31217558602839
0.0, 98.54376234334936
0.0, 98.54376234334936
181.7957168068514, 19.060221122526343
0.0, 181.7957168068514
31.2727174296479, 150.5229993772035
0.0, 31.2727174296479
0.0, 31.2727174296479
220.42852956804526, 19.391517761095287
0.0, 220.42852956804526
208.79807007447684, 11.630459493568424
0.0, 208.79807007447684
47.567086139580205, 161.23098393489664
0.0, 47.567086139580205
0.0, 47.567086139580205
265.39447069611526, 4.781270797292905
0.0, 265.39447069611526
222.02828142851257, 43.36618926760269
206.25436903204493, 15.773912396467637
17.296802196451605, 188.95756683559333
0.0, 17.296802196451605
15.902367286619143, 1.3944349098324622
0.0, 15.902367286619143
0.0, 15.902367286619143
201.88750503319562, 4.366863998849311
0.0, 201.88750503319562
0.0, 201.88750503319562
218.13962119239125, 3.888660236121325
0.0, 218.13962119239125
201.39024567504876, 16.749375517342486
0.0, 201.39024567504876
200.91968416979734, 0.4705615052514247
0.0, 200.91968416979734
0.0, 200.91968416979734
320.78965260403373, 1137.704714165743
203.87306176603346, 116.91659083800027
130.09136432847853, 73.78169743755493
0.0, 130.09136432847853
44.5352926309923, 85.55607169748623
0.0, 44.5352926309923
0.0, 44.5352926309923
200.7186515708458, 3.1544101951876655
0.0, 200.7186515708458
139.28902975694453, 61.429621813901264
7.546413698982557, 131.74261605796198
0.0, 7.546413698982557
0.0, 7.546413698982557
20.738576452486004, 118.55045330445853
0.0, 20.738576452486004
0.0, 20.738576452486004
260.78404413052, 60.005608473513746
0.0, 260.78404413052
201.76811749662062, 59.01592663389937
0.0, 201.76811749662062
200.26946217693336, 1.4986553196872592
0.0, 200.26946217693336
91.20382023895074, 109.06564193798262
0.0, 91.20382023895074
58.093024227658766, 33.110796011291974
0.0, 58.093024227658766
23.501637396229643, 34.59138683142912
0.0, 23.501637396229643
0.0, 23.501637396229643
10789.510130458564, 50.3069846076105
282.6405055441438, 10506.86962491442
253.1955124073346, 29.444993136809217
205.405010772728, 47.79050163460661
0.0, 205.405010772728
203.73314659122477, 1.6718641815032242
123.82273705624365, 79.91040953498111
0.0, 123.82273705624365
39.57134456644079, 84.25139248980287
0.0, 39.57134456644079
0.0, 39.57134456644079
200.8710813992631, 2.862065191961676
0.0, 200.8710813992631
200.74564006557893, 0.1254413336841651
0.0, 200.74564006557893
31.395333566322304, 169.35030649925662
0.0, 31.395333566322304
14.465232247925165, 16.93010131839714
0.0, 14.465232247925165
0.0, 14.465232247925165
232.5040996405082, 20.691412766826403
200.98953231714123, 31.514567323366975
0.0, 200.98953231714123
171.2289540904419, 29.760578226699323
0.0, 171.2289540904419
63.44539066398645, 107.78356342645546
0.0, 63.44539066398645
32.317697260759914, 31.127693403226537
0.0, 32.317697260759914
0.0, 32.317697260759914
226.1586088562967, 6.345490784211506
209.9694265204997, 16.189182335797
0.0, 209.9694265204997
173.66033824979908, 36.30908827070061
56.840279551593206, 116.82005869820588
0.0, 56.840279551593206
0.0, 56.840279551593206
93.43337034422696, 80.22696790557212
0.0, 93.43337034422696
78.71784930269152, 14.715521041535439
0.0, 78.71784930269152
0.0, 78.71784930269152
220.98931289566664, 5.169295960630052
7.103170976296184, 213.88614191937046
0.0, 7.103170976296184
0.0, 7.103170976296184
211.64440425170773, 9.344908643958917
200.0121433618861, 11.632260889821623
0.0, 200.0121433618861
38.773866764120996, 161.2382765977651
0.0, 38.773866764120996
0.0, 38.773866764120996
203.991950752084, 7.652453499623732
201.53878273232831, 2.4531680197556796
0.0, 201.53878273232831
0.0, 201.53878273232831
201.81294406771107, 2.179006684372922
200.72793254273398, 1.0850115249770909
115.76852829965351, 84.95940424308047
0.0, 115.76852829965351
0.0, 115.76852829965351
128.9203799380332, 71.80755260470079
0.0, 128.9203799380332
37.59348395436047, 91.32689598367273
0.0, 37.59348395436047
0.0, 37.59348395436047
201.59718645423186, 0.2157576134792123
0.0, 201.59718645423186
0.0, 201.59718645423186
259.47612999917624, 23.164375544967584
203.64164825239885, 55.834481746777385
26.836249641669923, 176.80539861072893
0.0, 26.836249641669923
0.0, 26.836249641669923
203.21187026097823, 0.4297779914206217
0.0, 203.21187026097823
20.738564129897476, 182.47330613108076
0.0, 20.738564129897476
0.0, 20.738564129897476
225.43072682820477, 34.04540317097147
0.0, 225.43072682820477
206.43427057891526, 18.99645624928951
0.0, 206.43427057891526
0.0, 206.43427057891526
339.40537455570075, 10450.104755902863
222.4585783560616, 116.94679619963915
200.86173999300925, 21.596838363052342
0.0, 200.86173999300925
0.0, 200.86173999300925
215.4354194302299, 7.023158925831694
208.91376127299972, 6.521658157230178
0.0, 208.91376127299972
201.3632170721768, 7.550544200822912
0.0, 201.3632170721768
200.98483128527045, 0.3783857869063638
0.0, 200.98483128527045
0.0, 200.98483128527045
211.9959777319705, 3.439441698259401
202.30396204914624, 9.692015682824263
0.0, 202.30396204914624
134.48167235374757, 67.82228969539867
0.0, 134.48167235374757
43.79441874693392, 90.68725360681364
0.0, 43.79441874693392
32.641088925226434, 11.153329821707487
0.0, 32.641088925226434
0.0, 32.641088925226434
209.03599648527523, 2.959981246695264
0.0, 209.03599648527523
200.90030659265759, 8.135689892617648
0.0, 200.90030659265759
127.0152688359531, 73.88503775670449
0.0, 127.0152688359531
0.0, 127.0152688359531
325.1842037215356, 14.22117083416515
231.27527640807574, 93.90892731345986
142.03136730584495, 89.24390910223079
0.0, 142.03136730584495
79.91395161408643, 62.117415691758524
0.0, 79.91395161408643
0.0, 79.91395161408643
203.41488038349522, 27.860396024580524
0.0, 203.41488038349522
200.00880160021822, 3.406078783276996
4.542409264735461, 195.46639233548277
0.0, 4.542409264735461
0.0, 4.542409264735461
190.82901316420106, 9.179788436017162
7.089577339246343, 183.7394358249547
0.0, 7.089577339246343
0.0, 7.089577339246343
56.740657181956124, 134.08835598224493
0.0, 56.740657181956124
0.0, 56.740657181956124
269.71115003019196, 55.47305369134364
210.74220547559668, 58.96894455459528
0.0, 210.74220547559668
0.0, 210.74220547559668
217.10814642869872, 52.60300360149324
206.91038626836743, 10.197760160331285
167.82761360911877, 39.08277265924866
52.49582874920321, 115.33178485991556
0.0, 52.49582874920321
0.0, 52.49582874920321
165.044617797352, 2.7829958117667672
0.0, 165.044617797352
23.745089054530894, 141.2995287428211
0.0, 23.745089054530894
0.0, 23.745089054530894
205.07456070619017, 1.8358255621772628
0.0, 205.07456070619017
127.88486065273918, 77.18970005345099
0.0, 127.88486065273918
0.0, 127.88486065273918
213.64011693187268, 3.468029496826034
202.6365201946312, 11.00359673724148
0.0, 202.6365201946312
112.32424907067016, 90.31227112396104
0.0, 112.32424907067016
0.0, 112.32424907067016
210.9696879704764, 2.670428961396283
0.0, 210.9696879704764
102.72299962648151, 108.24668834399489
0.0, 102.72299962648151
0.0, 102.72299962648151
