node_generations, branch_length
1182.5558366600083, 21238.8220914795
1069.9101917475875, 112.64564491242072
452.06540870592835, 617.8447830416592
0.0, 452.06540870592835
166.26673850914355, 285.79867019678477
0.0, 166.26673850914355
0.0, 166.26673850914355
1040.3547526646637, 29.55543908292384
440.11655589162774, 600.238196773036
0.0, 440.11655589162774
188.2107732478284, 251.90578264379934
0.0, 188.2107732478284
12.37779413933329, 175.83297910849512
0.0, 12.37779413933329
0.0, 12.37779413933329
1032.9641566759522, 7.390595988711539
1001.5366918254499, 31.427464850502247
0.0, 1001.5366918254499
731.9202962999221, 269.61639552552776
174.63291028419246, 557.2873860157297
0.0, 174.63291028419246
20.062692678224302, 154.57021760596817
0.0, 20.062692678224302
0.0, 20.062692678224302
336.92614416554983, 394.9941521343723
0.0, 336.92614416554983
0.0, 336.92614416554983
1003.1742391470505, 29.789917528901697
0.0, 1003.1742391470505
712.3764880950448, 290.79775105200565
66.78299489299226, 645.5934932020525
0.0, 66.78299489299226
47.092171359733264, 19.690823533259
0.0, 47.092171359733264
0.0, 47.092171359733264
566.3118117159478, 146.06467637909702
248.0223371112565, 318.2894746046913
120.66500800482468, 127.3573291064318
0.0, 120.66500800482468
78.08528918456601, 42.57971882025868
0.0, 78.08528918456601
0.0, 78.08528918456601
184.96351603085213, 63.05882108040436
0.0, 184.96351603085213
15.019825487282592, 169.94369054356955
0.0, 15.019825487282592
0.0, 15.019825487282592
400.11001113284925, 166.20180058309853
0.0, 400.11001113284925
0.0, 400.11001113284925
1102.0236178692933, 80.53221879071498
1002.8427310726189, 99.18088679667437
0.0, 1002.8427310726189
547.0147793840391, 455.8279516885798
0.0, 547.0147793840391
113.92415371248588, 433.09062567155325
0.0, 113.92415371248588
0.0, 113.92415371248588
1070.5136916210663, 31.509926248226975
156.88664955010753, 913.6270420709587
0.0, 156.88664955010753
0.0, 156.88664955010753
325.23668861141374, 745.2770030096526
0.0, 325.23668861141374
89.30015930277438, 235.93652930863936
0.0, 89.30015930277438
66.06772809304289, 23.232431209731487
0.0, 66.06772809304289
0.0, 66.06772809304289
6824.496598489555, 15596.881329649952
4354.6854402656, 2469.8111582239553
1307.7697534503297, 3046.9156868152704
1209.146286458918, 98.62346699141176
1004.4020063678371, 204.7442800910809
333.6540228685306, 670.7479834993064
0.0, 333.6540228685306
0.0, 333.6540228685306
433.7671144143421, 570.6348919534951
0.0, 433.7671144143421
404.9787518920002, 28.788362522341856
0.0, 404.9787518920002
0.0, 404.9787518920002
1188.0906403012382, 21.055646157679803
1029.058860371355, 159.0317799298832
447.5922273411421, 581.4666330302128
0.0, 447.5922273411421
356.3353149515873, 91.25691238955483
0.0, 356.3353149515873
9.428805981546654, 346.90650897004065
0.0, 9.428805981546654
0.0, 9.428805981546654
1016.6533998037912, 12.40546056756375
132.49204977651985, 884.1613500272714
0.0, 132.49204977651985
109.82897034405006, 22.663079432469786
44.536504854934705, 65.29246548911536
0.0, 44.536504854934705
0.0, 44.536504854934705
91.41966804114051, 18.409302302909552
0.0, 91.41966804114051
50.62550428436734, 40.79416375677317
0.0, 50.62550428436734
0.0, 50.62550428436734
674.1278124068025, 342.5255873969887
0.0, 674.1278124068025
0.0, 674.1278124068025
1074.1122691140295, 113.97837118720872
1040.1057552037023, 34.00651391032716
1019.9397078734087, 20.166047330293623
1012.8096413600255, 7.130066513383213
0.0, 1012.8096413600255
55.85667533556733, 956.9529660244582
0.0, 55.85667533556733
0.0, 55.85667533556733
1015.1939111605741, 4.74579671283459
1011.0229676878096, 4.17094347276452
838.591126242972, 172.43184144483757
10.154620133302839, 828.4365061096692
0.0, 10.154620133302839
0.0, 10.154620133302839
54.77437872430137, 783.8167475186706
0.0, 54.77437872430137
0.0, 54.77437872430137
945.8566582998659, 65.16630938794367
0.0, 945.8566582998659
6.021268399812658, 939.8353899000532
0.0, 6.021268399812658
0.0, 6.021268399812658
1014.4390542982104, 0.7548568623636811
0.0, 1014.4390542982104
1013.5084562196372, 0.9305980785732118
807.2297474296425, 206.27870878999465
0.0, 807.2297474296425
300.5627313876952, 506.66701604194736
0.0, 300.5627313876952
0.0, 300.5627313876952
1013.4512828152984, 0.05717340433875506
1013.0792471151727, 0.3720357001257071
1001.3830811870555, 11.696165928117239
0.0, 1001.3830811870555
463.7337184422923, 537.6493627447633
0.0, 463.7337184422923
344.51690784064857, 119.21681060164372
42.80916054578571, 301.7077472948629
0.0, 42.80916054578571
0.0, 42.80916054578571
156.74990168166337, 187.7670061589852
0.0, 156.74990168166337
17.825781460228306, 138.92412022143506
0.0, 17.825781460228306
0.0, 17.825781460228306
1001.7968073413224, 11.282439773850342
0.0, 1001.7968073413224
346.57800010350167, 655.2188072378208
0.0, 346.57800010350167
110.40445187571359, 236.17354822778807
0.0, 110.40445187571359
0.0, 110.40445187571359
1013.4079391170303, 0.04334369826813145
0.0, 1013.4079391170303
923.6096184539125, 89.7983206631178
0.0, 923.6096184539125
144.97570768638224, 778.6339107675303
0.0, 144.97570768638224
73.52080402300776, 71.45490366337448
0.0, 73.52080402300776
0.0, 73.52080402300776
1031.3128467327335, 8.792908470968769
1002.5330278110085, 28.779818921724996
141.62811544946257, 860.9049123615459
0.0, 141.62811544946257
0.0, 141.62811544946257
235.51892960021695, 767.0140982107916
0.0, 235.51892960021695
206.90153832428896, 28.617391275927986
0.0, 206.90153832428896
187.45403335280744, 19.44750497148152
0.0, 187.45403335280744
91.25236181253274, 96.2016715402747
0.0, 91.25236181253274
58.65336958409616, 32.59899222843658
0.0, 58.65336958409616
0.0, 58.65336958409616
1012.8666535344969, 18.446193198236642
0.0, 1012.8666535344969
1006.4923656535888, 6.374287880908128
746.6252790425231, 259.8670866110657
330.90731667779534, 415.7179623647277
0.0, 330.90731667779534
8.625111483447043, 322.2822051943483
0.0, 8.625111483447043
0.0, 8.625111483447043
447.155212306596, 299.47006673592705
0.0, 447.155212306596
421.0374722656834, 26.117740040912622
0.0, 421.0374722656834
0.0, 421.0374722656834
1000.2002938070581, 6.292071846530689
0.0, 1000.2002938070581
184.31413509189719, 815.886158715161
0.0, 184.31413509189719
0.0, 184.31413509189719
1069.9882166072603, 4.124052506769203
1014.6519824614951, 55.33623414576516
685.2364506170215, 329.41553184447355
102.17785819463995, 583.0585924223816
0.0, 102.17785819463995
0.0, 102.17785819463995
525.8789523726865, 159.35749824433503
0.0, 525.8789523726865
297.77647179516777, 228.10248057751875
31.783558566495028, 265.99291322867276
0.0, 31.783558566495028
0.0, 31.783558566495028
100.68385645579674, 197.09261533937104
0.0, 100.68385645579674
64.78774874138314, 35.8961077144136
0.0, 64.78774874138314
0.0, 64.78774874138314
1009.4233850739935, 5.2285973875016225
552.0380297135617, 457.38535536043173
216.2624406816851, 335.7755890318766
0.0, 216.2624406816851
0.0, 216.2624406816851
390.88891053285414, 161.1491191807076
0.0, 390.88891053285414
267.457874115331, 123.43103641752316
0.0, 267.457874115331
128.61262567587934, 138.84524843945164
0.0, 128.61262567587934
0.0, 128.61262567587934
866.5948525466412, 142.8285325273523
289.8163856001471, 576.7784669464941
0.0, 289.8163856001471
236.75097225976975, 53.06541334037735
0.0, 236.75097225976975
95.6887201774577, 141.06225208231206
0.0, 95.6887201774577
18.742644460971118, 76.94607571648658
0.0, 18.742644460971118
0.0, 18.742644460971118
784.223780636267, 82.37107191037421
0.0, 784.223780636267
556.8343998778593, 227.3893807584077
0.0, 556.8343998778593
0.0, 556.8343998778593
1063.302875336276, 6.685341270984281
1013.6930043935369, 49.60987094273912
592.7210504172216, 420.97195397631526
18.299740493724872, 574.4213099234967
0.0, 18.299740493724872
0.0, 18.299740493724872
113.32585615037267, 479.39519426684893
0.0, 113.32585615037267
66.3664291453292, 46.959427005043466
0.0, 66.3664291453292
60.85974356098971, 5.506685584339493
0.0, 60.85974356098971
0.0, 60.85974356098971
1001.5276969689089, 12.16530742462794
22.760590812718778, 978.7671061561902
0.0, 22.760590812718778
0.0, 22.760590812718778
656.9627162271504, 344.5649807417585
342.2510285698522, 314.71168765729817
0.0, 342.2510285698522
49.79233701585941, 292.4586915539928
0.0, 49.79233701585941
0.0, 49.79233701585941
501.1785129936728, 155.78420323347757
0.0, 501.1785129936728
71.3353034612379, 429.8432095324349
0.0, 71.3353034612379
50.4797920315019, 20.855511429735998
0.0, 50.4797920315019
0.0, 50.4797920315019
1040.8969458123947, 22.40592952388124
0.0, 1040.8969458123947
1006.471472007965, 34.42547380442977
105.77269276685134, 900.6987792411136
0.0, 105.77269276685134
75.93191620026899, 29.84077656658235
0.0, 75.93191620026899
0.0, 75.93191620026899
725.0779995602885, 281.39347244767646
232.5347638280805, 492.543235732208
0.0, 232.5347638280805
0.0, 232.5347638280805
411.3808980482868, 313.6971015120017
0.0, 411.3808980482868
338.907022191541, 72.47387585674579
21.6651810880352, 317.2418411035058
0.0, 21.6651810880352
15.212488051558825, 6.452693036476376
0.0, 15.212488051558825
0.0, 15.212488051558825
158.67747225442702, 180.22954993711397
0.0, 158.67747225442702
139.979453647755, 18.698018606672008
0.0, 139.979453647755
0.0, 139.979453647755
1215.3463236009138, 92.42342984941592
251.86434919181661, 963.4819744090972
0.0, 251.86434919181661
165.35446477537332, 86.5098844164433
0.0, 165.35446477537332
98.07550619873261, 67.2789585766407
0.0, 98.07550619873261
16.682274408596165, 81.39323179013644
0.0, 16.682274408596165
0.0, 16.682274408596165
1140.880045919821, 74.46627768109283
1041.0081574109945, 99.87188850882649
1000.9497550864614, 40.05840232453306
18.232095283042963, 982.7176598034184
0.0, 18.232095283042963
0.0, 18.232095283042963
770.9202402774856, 230.02951480897582
0.0, 770.9202402774856
429.0859765236463, 341.8342637538393
0.0, 429.0859765236463
0.0, 429.0859765236463
1004.2478970370182, 36.76026037397628
0.0, 1004.2478970370182
568.9337626146016, 435.3141344224166
0.0, 568.9337626146016
231.8625622871266, 337.071200327475
0.0, 231.8625622871266
0.0, 231.8625622871266
1139.1029292848152, 1.7771166350057683
1008.3273251503728, 130.77560413444246
871.6616933039373, 136.66563184643542
114.90452374029992, 756.7571695636374
0.0, 114.90452374029992
0.0, 114.90452374029992
682.1453531334657, 189.5163401704716
0.0, 682.1453531334657
328.1672667100298, 353.9780864234359
127.99148625480606, 200.17578045522376
0.0, 127.99148625480606
23.364919265512164, 104.6265669892939
0.0, 23.364919265512164
0.0, 23.364919265512164
161.8125894905325, 166.35467721949732
0.0, 161.8125894905325
0.0, 161.8125894905325
1006.5866137713426, 1.740711379030131
137.65723785120045, 868.9293759201422
0.0, 137.65723785120045
0.0, 137.65723785120045
831.5160043824575, 175.07060938888515
0.0, 831.5160043824575
0.0, 831.5160043824575
1021.8883569280889, 117.21457235672631
0.0, 1021.8883569280889
1004.9732619433802, 16.91509498470873
18.75657686172585, 986.2166850816543
0.0, 18.75657686172585
0.0, 18.75657686172585
1003.4378762347058, 1.5353857086744256
200.73207143824692, 802.7058047964588
0.0, 200.73207143824692
0.0, 200.73207143824692
292.43140699476027, 711.0064692399455
0.0, 292.43140699476027
0.0, 292.43140699476027
4016.6719897674807, 338.01345049811925
1125.3429603707693, 2891.329029396711
1087.1834105873868, 38.159549783382545
1016.8716466194419, 70.3117639679449
594.8455321943646, 422.02611442507725
0.0, 594.8455321943646
583.0645630315886, 11.780969162776046
2.2001021421446407, 580.864460889444
0.0, 2.2001021421446407
0.0, 2.2001021421446407
297.04623448764033, 286.01832854394826
0.0, 297.04623448764033
0.0, 297.04623448764033
755.4600677021326, 261.41157891730927
0.0, 755.4600677021326
579.2548029433012, 176.2052647588314
238.8478850651424, 340.4069178781588
0.0, 238.8478850651424
0.0, 238.8478850651424
363.90976357865554, 215.3450393646457
206.25339095870694, 157.6563726199486
63.05419486790666, 143.19919609080029
0.0, 63.05419486790666
0.0, 63.05419486790666
95.10632574589685, 111.14706521281009
0.0, 95.10632574589685
0.0, 95.10632574589685
218.26654371743132, 145.64321986122422
0.0, 218.26654371743132
0.0, 218.26654371743132
1038.3792349771627, 48.80417561022409
1011.5711841951877, 26.808050781975
546.1888251930361, 465.3823590021516
0.0, 546.1888251930361
6.09384158109283, 540.0949836119432
0.0, 6.09384158109283
0.0, 6.09384158109283
633.0483854606629, 378.5227987345248
0.0, 633.0483854606629
369.2388189524721, 263.80956650819076
0.0, 369.2388189524721
0.0, 369.2388189524721
1025.1439335731957, 13.235301403967014
1004.7645211268307, 20.379412446364995
30.755197412184554, 974.0093237146461
0.0, 30.755197412184554
18.036467572820936, 12.718729839363618
0.0, 18.036467572820936
14.982572752879815, 3.053894819941121
0.0, 14.982572752879815
0.0, 14.982572752879815
907.3555833130788, 97.40893781375189
0.0, 907.3555833130788
392.21752564988986, 515.1380576631889
150.74451043321196, 241.4730152166779
0.0, 150.74451043321196
88.67705459879141, 62.06745583442054
0.0, 88.67705459879141
0.0, 88.67705459879141
337.86096499062324, 54.35656065926662
0.0, 337.86096499062324
52.88693881113172, 284.97402617949155
0.0, 52.88693881113172
0.0, 52.88693881113172
1017.3798082407692, 7.764125332426488
487.0596535414057, 530.3201546993635
7.809187651540166, 479.2504658898655
0.0, 7.809187651540166
0.0, 7.809187651540166
479.39670902658776, 7.662944514817923
0.0, 479.39670902658776
292.07859820311194, 187.31811082347582
0.0, 292.07859820311194
124.29075203366517, 167.78784616944677
0.0, 124.29075203366517
0.0, 124.29075203366517
629.854485164964, 387.5253230758052
0.0, 629.854485164964
299.02198785251005, 330.83249731245394
0.0, 299.02198785251005
0.0, 299.02198785251005
1099.3427570929425, 26.000203277826813
984.9709435000271, 114.37181359291537
0.0, 984.9709435000271
421.3092333515997, 563.6617101484275
83.37912583534627, 337.93010751625343
0.0, 83.37912583534627
0.0, 83.37912583534627
294.4051631253753, 126.9040702262244
0.0, 294.4051631253753
126.42263138802386, 167.98253173735142
0.0, 126.42263138802386
64.01424354263723, 62.40838784538663
0.0, 64.01424354263723
0.0, 64.01424354263723
1034.6874896305026, 64.65526746243995
0.0, 1034.6874896305026
1016.6050910392464, 18.08239859125615
0.0, 1016.6050910392464
628.1210968877604, 388.48399415148606
179.5036946344568, 448.61740225330357
0.0, 179.5036946344568
78.89219783364217, 100.61149680081462
0.0, 78.89219783364217
0.0, 78.89219783364217
400.44019633818874, 227.68090054957162
292.39627033029683, 108.04392600789191
0.0, 292.39627033029683
0.0, 292.39627033029683
307.01418558336906, 93.42601075481969
1.1975206696306802, 305.81666491373835
0.0, 1.1975206696306802
0.0, 1.1975206696306802
70.96391923579812, 236.05026634757093
0.0, 70.96391923579812
35.517973135847555, 35.44594609995056
0.0, 35.517973135847555
0.0, 35.517973135847555
2014.4403381566694, 2002.2316516108112
1113.5445053888172, 900.8958327678522
0.0, 1113.5445053888172
1027.9180850275302, 85.62642036128705
1017.5012675413807, 10.416817486149512
162.8038153849285, 854.6974521564522
0.0, 162.8038153849285
111.57069043303568, 51.23312495189282
0.0, 111.57069043303568
0.0, 111.57069043303568
643.422120594644, 374.0791469467367
0.0, 643.422120594644
199.17105584727375, 444.2510647473702
0.0, 199.17105584727375
113.25302823667708, 85.91802761059667
0.0, 113.25302823667708
44.954932969518346, 68.29809526715874
0.0, 44.954932969518346
0.0, 44.954932969518346
1018.6279421122574, 9.290142915272781
0.0, 1018.6279421122574
1013.6495793505744, 4.978362761683002
418.093077540105, 595.5565018104694
0.0, 418.093077540105
0.0, 418.093077540105
479.54253589363043, 534.107043456944
166.20001661893568, 313.3425192746947
0.0, 166.20001661893568
28.366905823975475, 137.8331107949602
0.0, 28.366905823975475
0.0, 28.366905823975475
192.30506673036874, 287.2374691632617
0.0, 192.30506673036874
0.0, 192.30506673036874
1254.8962068919227, 759.5441312647467
1063.952930399154, 190.94327649276875
1046.4674861178935, 17.48544428126047
1029.4135749249947, 17.053911192898795
1007.8766499601525, 21.53692496484223
0.0, 1007.8766499601525
177.52325597066354, 830.353393989489
0.0, 177.52325597066354
27.698482566631142, 149.82477340403238
0.0, 27.698482566631142
0.0, 27.698482566631142
1024.5460719506493, 4.867502974345371
0.0, 1024.5460719506493
1019.0470050696282, 5.499066881021122
0.0, 1019.0470050696282
1009.5341075328852, 9.512897536743026
318.4717391246155, 691.0623684082697
0.0, 318.4717391246155
192.74834952456447, 125.72338960005104
0.0, 192.74834952456447
0.0, 192.74834952456447
1009.3365855843765, 0.19752194850866545
0.0, 1009.3365855843765
564.749138010593, 444.5874475737835
332.9383334060688, 231.8108046045242
0.0, 332.9383334060688
146.4493415932969, 186.4889918127719
25.60974807926098, 120.83959351403593
0.0, 25.60974807926098
15.21875980574941, 10.39098827351157
0.0, 15.21875980574941
0.0, 15.21875980574941
74.54176121358901, 71.9075803797079
0.0, 74.54176121358901
46.491709719221085, 28.050051494367928
0.0, 46.491709719221085
0.0, 46.491709719221085
333.4125146121313, 231.3366233984617
0.0, 333.4125146121313
156.25712411550236, 177.15539049662894
0.0, 156.25712411550236
30.048676419951846, 126.20844769555052
0.0, 30.048676419951846
0.0, 30.048676419951846
1030.0792835855116, 16.38820253238191
816.4830524828417, 213.5962311026699
430.4645903861697, 386.018462096672
240.29584250399506, 190.1687478821746
0.0, 240.29584250399506
0.0, 240.29584250399506
256.16542726945084, 174.29916311671883
0.0, 256.16542726945084
0.0, 256.16542726945084
547.1868787828107, 269.296173700031
2.781106747120277, 544.4057720356905
0.0, 2.781106747120277
0.0, 2.781106747120277
18.402224870693946, 528.7846539121167
0.0, 18.402224870693946
0.0, 18.402224870693946
1002.8045333190319, 27.274750266479714
0.0, 1002.8045333190319
933.0610327472102, 69.74350057182164
0.0, 933.0610327472102
43.49252906644134, 889.5685036807689
0.0, 43.49252906644134
34.031160372592005, 9.461368693849337
0.0, 34.031160372592005
0.0, 34.031160372592005
1055.1376222752156, 8.815308123938394
279.2262124375139, 775.9114098377017
0.0, 279.2262124375139
204.0177699975921, 75.20844243992178
0.0, 204.0177699975921
14.887321153108209, 189.13044884448388
0.0, 14.887321153108209
0.0, 14.887321153108209
590.96150622334, 464.1761160518755
0.0, 590.96150622334
0.0, 590.96150622334
1237.490644750144, 17.405562141778773
1185.705274428715, 51.7853703214289
1031.8626723236248, 153.84260210509024
129.84768362478087, 902.0149886988439
0.0, 129.84768362478087
0.0, 129.84768362478087
1029.9595182212763, 1.9031541023484806
104.13077317844889, 925.8287450428274
0.0, 104.13077317844889
0.0, 104.13077317844889
473.040487380331, 556.9190308409453
0.0, 473.040487380331
221.83226747935132, 251.20821990097969
62.63183677126272, 159.2004307080886
0.0, 62.63183677126272
0.0, 62.63183677126272
142.97155098598466, 78.86071649336665
0.0, 142.97155098598466
77.48745098348357, 65.4841000025011
0.0, 77.48745098348357
0.0, 77.48745098348357
1061.7130047573166, 123.99226967139839
1002.6965515125754, 59.01645324474123
0.0, 1002.6965515125754
998.3355308569217, 4.3610206556537605
101.44149232672827, 896.8940385301934
5.13958880954321, 96.30190351718505
0.0, 5.13958880954321
0.0, 5.13958880954321
20.470677257239085, 80.97081506948918
0.0, 20.470677257239085
0.0, 20.470677257239085
966.1445825807285, 32.190948276193126
0.0, 966.1445825807285
0.0, 966.1445825807285
1014.1225154265388, 47.590489330777814
0.0, 1014.1225154265388
1013.5661959708234, 0.5563194557154247
681.0707437502069, 332.49545222061647
378.7489093851978, 302.3218343650091
0.0, 378.7489093851978
0.0, 378.7489093851978
562.0581602635883, 119.01258348661861
0.0, 562.0581602635883
0.0, 562.0581602635883
1007.9136772619738, 5.652518708849584
0.0, 1007.9136772619738
216.2878353338697, 791.6258419281041
0.0, 216.2878353338697
118.33251277145155, 97.95532256241816
0.0, 118.33251277145155
0.0, 118.33251277145155
1208.9647391864064, 28.525905563737524
1166.5901611953116, 42.37457799109484
1059.0141890309035, 107.57597216440809
1007.1035847190934, 51.91060431181006
573.1072247005961, 433.9963600184973
448.22832120703197, 124.87890349356417
0.0, 448.22832120703197
0.0, 448.22832120703197
524.8429122668657, 48.264312433730424
287.63195568489715, 237.21095658196856
0.0, 287.63195568489715
225.32037769841511, 62.311577986482035
0.0, 225.32037769841511
0.0, 225.32037769841511
516.538131906812, 8.304780360053655
0.0, 516.538131906812
496.6951943789915, 19.84293752782054
0.0, 496.6951943789915
164.51797988163185, 332.17721449735967
0.0, 164.51797988163185
0.0, 164.51797988163185
1001.157871036762, 5.945713682331416
669.4502273137574, 331.7076437230046
0.0, 669.4502273137574
663.2709001747202, 6.179327139037241
280.9423053466412, 382.32859482807896
0.0, 280.9423053466412
183.41038108926358, 97.53192425737763
0.0, 183.41038108926358
0.0, 183.41038108926358
646.082510382542, 17.188389792178214
70.698815245145, 575.3836951373969
0.0, 70.698815245145
0.0, 70.698815245145
274.1241747422881, 371.95833564025384
0.0, 274.1241747422881
183.45907636047096, 90.66509838181716
0.0, 183.45907636047096
80.66621754659337, 102.79285881387759
0.0, 80.66621754659337
0.0, 80.66621754659337
905.0103152726783, 96.14755576408368
628.5363397454034, 276.4739755272749
47.63205393840197, 580.9042858070014
0.0, 47.63205393840197
44.86604303962683, 2.7660108987751357
0.0, 44.86604303962683
31.620694694373757, 13.245348345253074
0.0, 31.620694694373757
0.0, 31.620694694373757
430.33378573968577, 198.20255400571767
54.56306261980607, 375.7707231198797
0.0, 54.56306261980607
0.0, 54.56306261980607
384.6190012930788, 45.714784446606984
154.77569009193948, 229.8433112011393
0.0, 154.77569009193948
0.0, 154.77569009193948
353.77691733718103, 30.84208395589775
110.63513391828151, 243.14178341889954
0.0, 110.63513391828151
0.0, 110.63513391828151
197.01879686727827, 156.75812046990276
0.0, 197.01879686727827
172.52346156254237, 24.495335304735903
0.0, 172.52346156254237
0.0, 172.52346156254237
697.4568158073879, 207.55349946529043
15.858829093728128, 681.5979867136598
0.0, 15.858829093728128
0.0, 15.858829093728128
152.32011527133557, 545.1367005360523
0.0, 152.32011527133557
48.20822342284375, 104.11189184849181
0.0, 48.20822342284375
0.0, 48.20822342284375
1009.8894923776373, 49.12469665326614
0.0, 1009.8894923776373
684.6939298334859, 325.19556254415147
0.0, 684.6939298334859
416.6500724613821, 268.0438573721038
0.0, 416.6500724613821
0.0, 416.6500724613821
1099.0203254962173, 67.56983569909426
201.8909353757536, 897.1293901204638
0.0, 201.8909353757536
0.0, 201.8909353757536
1074.7545794591967, 24.265746037020563
1005.9768036559024, 68.77777580329439
0.0, 1005.9768036559024
1001.5758350828368, 4.400968573065597
0.0, 1001.5758350828368
0.0, 1001.5758350828368
1070.4236303458993, 4.330949113297493
903.2871151352622, 167.13651521063707
0.0, 903.2871151352622
116.1530298308572, 787.134085304405
0.0, 116.1530298308572
0.0, 116.1530298308572
949.7654510267355, 120.65817931916376
0.0, 949.7654510267355
675.3579515622074, 274.4074994645281
189.51135900389608, 485.84659255831133
0.0, 189.51135900389608
0.0, 189.51135900389608
222.74775531655348, 452.6101962456539
0.0, 222.74775531655348
103.37112828290282, 119.37662703365066
0.0, 103.37112828290282
8.049985941425195, 95.32114234147762
0.0, 8.049985941425195
0.0, 8.049985941425195
1204.563684230333, 4.401054956073494
581.3677935107113, 623.1958907196216
0.0, 581.3677935107113
193.5320614250088, 387.8357320857025
0.0, 193.5320614250088
0.0, 193.5320614250088
1199.3697696360075, 5.193914594325406
0.0, 1199.3697696360075
1082.8755377389923, 116.4942318970152
1009.5856638694569, 73.28987386953543
224.90212724211523, 784.6835366273417
0.0, 224.90212724211523
0.0, 224.90212724211523
895.5412863037129, 114.04437756574396
0.0, 895.5412863037129
212.86912716332495, 682.672159140388
0.0, 212.86912716332495
128.93918883334047, 83.92993832998448
0.0, 128.93918883334047
126.65258089753415, 2.286607935806316
0.0, 126.65258089753415
81.16367895461254, 45.488901942921615
0.0, 81.16367895461254
27.58546719006299, 53.57821176454955
0.0, 27.58546719006299
0.0, 27.58546719006299
1038.1852560507095, 44.69028168828277
476.03496024295856, 562.150295807751
0.0, 476.03496024295856
323.4255441814833, 152.60941606147526
0.0, 323.4255441814833
0.0, 323.4255441814833
1034.6334037765832, 3.551852274126304
0.0, 1034.6334037765832
457.1088647777844, 577.5245389987988
0.0, 457.1088647777844
421.77763497359115, 35.33122980419324
0.0, 421.77763497359115
0.0, 421.77763497359115
5033.067801907159, 1791.428796582396
2557.4337722227947, 2475.6340296843646
1122.1617190181178, 1435.272053204677
305.7809895067141, 816.3807295114036
0.0, 305.7809895067141
0.0, 305.7809895067141
1105.3549169257185, 16.806802092399266
1007.2711003071606, 98.08381661855788
93.11906573611685, 914.1520345710437
0.0, 93.11906573611685
0.0, 93.11906573611685
635.5457195105446, 371.72538079661604
0.0, 635.5457195105446
119.93172557445735, 515.6139939360872
0.0, 119.93172557445735
0.0, 119.93172557445735
1102.952450169707, 2.402466756011563
988.9801929892133, 113.97225718049367
21.427955112633757, 967.5522378765795
0.0, 21.427955112633757
0.0, 21.427955112633757
969.0425884404599, 19.93760454875337
0.0, 969.0425884404599
0.0, 969.0425884404599
1098.6044330207835, 4.348017148923418
865.6949611464516, 232.90947187433187
329.96659428710655, 535.7283668593451
0.0, 329.96659428710655
0.0, 329.96659428710655
806.9388650720841, 58.75609607436752
0.0, 806.9388650720841
239.38070526489943, 567.5581598071847
0.0, 239.38070526489943
74.30079151548632, 165.0799137494131
0.0, 74.30079151548632
0.0, 74.30079151548632
1033.9084119998652, 64.69602102091835
1019.852796815351, 14.055615184514181
0.0, 1019.852796815351
29.068001886815622, 990.7847949285353
0.0, 29.068001886815622
0.0, 29.068001886815622
1030.1047506232517, 3.8036613766134906
290.61266717600085, 739.4920834472508
0.0, 290.61266717600085
0.0, 290.61266717600085
676.8146436779961, 353.2901069452556
0.0, 676.8146436779961
453.2014978507721, 223.61314582722395
0.0, 453.2014978507721
0.0, 453.2014978507721
1643.225028647031, 914.2087435757637
1056.6673111750515, 586.5577174719795
1046.748331386508, 9.918979788543538
924.0827856885026, 122.66554569800542
331.8108089583124, 592.2719767301901
0.0, 331.8108089583124
248.86901885014188, 82.94179010817052
0.0, 248.86901885014188
69.29798728219998, 179.5710315679419
0.0, 69.29798728219998
0.0, 69.29798728219998
662.1392749336279, 261.94351075487464
0.0, 662.1392749336279
0.0, 662.1392749336279
1044.5699640790483, 2.1783673074596663
1012.508923937318, 32.06104014173036
783.8085289447614, 228.70039499255654
388.9583245067671, 394.8502044379943
0.0, 388.9583245067671
0.0, 388.9583245067671
497.17773756078765, 286.63079138397376
0.0, 497.17773756078765
253.21417614740872, 243.96356141337893
0.0, 253.21417614740872
79.4805934730649, 173.73358267434384
0.0, 79.4805934730649
0.0, 79.4805934730649
1004.585379606879, 7.923544330438972
0.0, 1004.585379606879
0.0, 1004.585379606879
1020.1334235961402, 24.43654048290807
0.0, 1020.1334235961402
80.60180169923598, 939.5316218969042
0.0, 80.60180169923598
56.81074694029646, 23.791054758939516
0.0, 56.81074694029646
37.839735531057705, 18.971011409238756
0.0, 37.839735531057705
0.0, 37.839735531057705
1054.2429589854332, 2.4243521896182756
711.3456688646359, 342.8972901207974
0.0, 711.3456688646359
482.22953172794826, 229.1161371366876
78.24622378621034, 403.9833079417379
0.0, 78.24622378621034
0.0, 78.24622378621034
404.06055713381164, 78.16897459413661
132.41616596616458, 271.6443911676471
0.0, 132.41616596616458
0.0, 132.41616596616458
226.6262488661089, 177.43430826770273
0.0, 226.6262488661089
0.0, 226.6262488661089
1037.8237024605924, 16.419256524840875
509.26986742302324, 528.5538350375691
0.0, 509.26986742302324
179.8666268442047, 329.40324057881855
0.0, 179.8666268442047
0.0, 179.8666268442047
1001.0297829703438, 36.79391949024853
0.0, 1001.0297829703438
1000.9843056887556, 0.04547728158820519
442.3183428907731, 558.6659627979825
98.07010166686153, 344.2482412239116
0.0, 98.07010166686153
8.728100435017513, 89.34200123184402
0.0, 8.728100435017513
0.0, 8.728100435017513
103.3862840275065, 338.9320588632666
0.0, 103.3862840275065
0.0, 103.3862840275065
723.7375161274447, 277.24678956131095
207.41104908741448, 516.3264670400301
0.0, 207.41104908741448
126.01650459247057, 81.39454449494391
0.0, 126.01650459247057
0.0, 126.01650459247057
565.4020565005559, 158.3354596268888
400.1765633434471, 165.22549315710876
0.0, 400.1765633434471
272.53681062415836, 127.63975271928877
0.0, 272.53681062415836
0.0, 272.53681062415836
406.31303625351086, 159.08902024704503
0.0, 406.31303625351086
0.0, 406.31303625351086
1134.9307938733648, 508.2942347736662
1005.244108023479, 129.68668584988575
0.0, 1005.244108023479
1003.6948905024028, 1.5492175210762298
86.30241089318513, 917.3924796092177
0.0, 86.30241089318513
14.35645737326995, 71.94595351991518
0.0, 14.35645737326995
0.0, 14.35645737326995
186.27407986010553, 817.4208106422973
0.0, 186.27407986010553
97.2864464083276, 88.98763345177792
0.0, 97.2864464083276
0.0, 97.2864464083276
1007.9958840973991, 126.9349097759657
27.973608335235124, 980.022275762164
0.0, 27.973608335235124
21.771020620912125, 6.202587714322998
0.0, 21.771020620912125
0.0, 21.771020620912125
242.12422896512447, 765.8716551322746
9.489838172731881, 232.6343907923926
0.0, 9.489838172731881
0.004728812345189051, 9.485109360386693
0.0, 0.004728812345189051
0.0, 0.004728812345189051
137.22214995111878, 104.9020790140057
0.0, 137.22214995111878
0.0, 137.22214995111878
3516.7613130262653, 1516.306488880894
1026.7426257865377, 2490.0186872397276
967.8765176561643, 58.86610813037339
240.46383764908447, 727.4126800070799
0.0, 240.46383764908447
134.7286861421679, 105.73515150691657
0.0, 134.7286861421679
0.0, 134.7286861421679
311.550316989618, 656.3262006665464
0.0, 311.550316989618
165.43927150804802, 146.11104548157
79.0013894083621, 86.43788209968592
0.0, 79.0013894083621
0.0, 79.0013894083621
92.91991147973992, 72.5193600283081
0.0, 92.91991147973992
0.0, 92.91991147973992
1017.1883854198974, 9.554240366640329
250.61381592083052, 766.5745694990669
0.0, 250.61381592083052
0.0, 250.61381592083052
369.1701876140908, 648.0181978058065
122.11836848672466, 247.05181912736617
0.0, 122.11836848672466
0.0, 122.11836848672466
161.64787590328805, 207.52231171080277
0.0, 161.64787590328805
0.0, 161.64787590328805
1030.1923313323236, 2486.5689816939416
0.0, 1030.1923313323236
0.0, 1030.1923313323236
