Node, generations
Node 10286, 31978.158859856685
Node 6917, 183.4949734679168
Node 6727, 131.88682180453293
Node 6498, 115.85866644745519
Node 5786, 103.45325020131858
Node 4344, 100.28248797074917
Node 1685, 13.64736718324124
Node 4799, 100.80065267008837
Node 6365, 110.50841529210136
Node 2625, 49.44665934627201
Node 2122, 30.90735862100895
Node 6205, 107.29934551364208
Node 3654, 86.34122097155657
Node 2530, 46.41792135088859
Node 5769, 103.378522411343
Node 2084, 29.257617569742102
Node 5328, 101.78830205814312
Node 5031, 101.13213513432046
Node 6726, 131.62908200409748
Node 6064, 105.47361079711155
Node 5663, 102.86114959896423
Node 6569, 119.76268315997203
Node 5295, 101.69346972406393
Node 6513, 116.92145436075047
Node 6316, 109.43751307838212
Node 4933, 100.9867836173418
Node 2779, 55.36705963738026
Node 4384, 100.32208899529566
Node 3876, 94.81077996072743
Node 6479, 114.69501230974144
Node 6119, 106.02783935238035
Node 1618, 10.322828218245823
Node 5012, 101.10835014880742
Node 3311, 73.74200622377447
Node 1968, 25.332244109582657
Node 1960, 24.818498174613055
Node 1814, 19.234473955908257
Node 4911, 100.9515512225113
Node 6768, 137.9541106471499
Node 6472, 114.45900315265024
Node 5414, 102.05194925682147
Node 2110, 30.376257905871626
Node 2108, 30.300408240226528
Node 1653, 11.846160235847158
Node 3802, 92.20467599122178
Node 2711, 53.02611476237677
Node 6633, 123.94124066995963
Node 6489, 115.35615562594859
Node 2001, 26.304810740636896
Node 1895, 22.579034028311266
Node 5819, 103.62100232708057
Node 2304, 38.50264954651778
Node 4519, 100.4717915752671
Node 9525, 15493.896563683049
Node 8720, 6892.019065869356
Node 7122, 537.6619212292958
Node 6279, 108.42899270997623
Node 3883, 94.9381613310152
Node 2907, 59.472089264816724
Node 7087, 458.45626046895853
Node 6573, 119.96372491625195
Node 2462, 44.19764553803984
Node 1507, 2.4923167833612268
Node 6411, 111.72693110285164
Node 5202, 101.45574074437211
Node 2848, 57.474536665959405
Node 4487, 100.43615060160042
Node 3343, 74.76997464356741
Node 4486, 100.43566528781747
Node 2213, 34.395234798210375
Node 6309, 109.27413070328342
Node 5274, 101.63964924451759
Node 4081, 100.05652809309835
Node 1579, 8.267766717592275
Node 2107, 30.297188532459792
Node 5106, 101.26506893739466
Node 6296, 108.94664546815734
Node 6274, 108.32474064625218
Node 6023, 105.13621705723365
Node 6973, 211.66303968193282
Node 6966, 208.04605656548142
Node 6741, 133.59384337398424
Node 3053, 64.7553645949174
Node 2919, 60.18216352901215
Node 1994, 26.045468839711567
Node 6668, 126.5688475324979
Node 6054, 105.38550284370254
Node 5845, 103.76875160866237
Node 5632, 102.73712968519744
Node 2029, 27.220532998468705
Node 4215, 100.15686561542167
Node 1508, 2.5477389557359764
Node 6222, 107.56631524505936
Node 2557, 47.205300485340594
Node 2377, 41.22951723054331
Node 5352, 101.85221985329322
Node 3951, 97.73093510040506
Node 1864, 21.23121321767142
Node 1915, 23.33071014830322
Node 5340, 101.81858257016437
Node 2243, 35.60655990440594
Node 6961, 203.4729979180487
Node 4329, 100.2696609000048
Node 6786, 141.35144502488814
Node 5047, 101.15942777506979
Node 2680, 51.70817021521179
Node 6602, 121.58878799365696
Node 5448, 102.16269857504531
Node 5249, 101.59211806591637
Node 8325, 4580.32760963685
Node 6854, 159.67772001361047
Node 5724, 103.16296337501582
Node 3106, 66.79020857612879
Node 2546, 46.929517146580416
Node 6828, 151.2733439891762
Node 3999, 99.62374132238178
Node 1943, 24.102761426286172
Node 2161, 32.001515736209114
Node 6630, 123.36063726288701
Node 6406, 111.58767486511059
Node 5415, 102.0641147978865
Node 3660, 86.60362441098323
Node 1520, 3.7647261720290874
Node 2987, 62.741661578606546
Node 5177, 101.40093312170403
Node 6086, 105.73425032153429
Node 5654, 102.82813325085179
Node 4334, 100.27367541159045
Node 3663, 86.805025356009
Node 2066, 28.72019110163568
Node 1500, 1.7981939909608549
Node 4896, 100.92179192302783
Node 3129, 67.46413877839947
Node 4871, 100.88564034531296
Node 4717, 100.70822587004655
Node 5842, 103.76273944373091
Node 1590, 8.855561412012916
Node 4272, 100.20785067331953
Node 3069, 65.53477337075626
Node 6563, 119.43309471214941
Node 5667, 102.8811844912329
Node 1970, 25.373618038895163
Node 2408, 42.23931555856755
Node 2398, 42.018353830003704
Node 2229, 35.05594947200431
Node 6431, 112.36243219013527
Node 2321, 39.09436135183521
Node 1540, 5.576929197340983
Node 1513, 2.792424029232281
Node 3331, 74.25945195406236
Node 1829, 19.745450222024758
Node 1672, 12.768680978773821
Node 7509, 1518.806686853836
Node 6297, 108.97033432683001
Node 6144, 106.35666578049818
Node 4798, 100.79929066939033
Node 2921, 60.19316580637311
Node 5064, 101.1847019163243
Node 2513, 45.97564457318906
Node 4943, 100.99787263361061
Node 2473, 44.49588685620294
Node 2192, 33.31593326318287
Node 1691, 13.815389179830504
Node 4703, 100.68510059902762
Node 1881, 22.08797582795472
Node 1679, 13.412104902066034
Node 6190, 107.01690305223482
Node 6803, 145.37133511561348
Node 2916, 60.09371733328827
Node 6722, 131.2930144944252
Node 6718, 131.2096247237862
Node 6606, 121.84907659556072
Node 6506, 116.41407133137506
Node 5335, 101.80322589716134
Node 5586, 102.56464671176599
Node 6515, 116.9453194001421
Node 6469, 114.28941398531522
Node 5610, 102.6401248140768
Node 5096, 101.25401573889853
Node 5969, 104.5810861276776
Node 5902, 104.10256287487931
Node 6714, 130.83212595438044
Node 1667, 12.58934484801834
Node 6582, 120.49219569950107
Node 6523, 117.29423977925265
Node 6042, 105.28204743623337
Node 3868, 94.42635172849029
Node 2254, 36.067337253922105
Node 5709, 103.0690883757947
Node 5128, 101.28971008768167
Node 1990, 25.927929284511524
Node 1909, 23.11507736174099
Node 4336, 100.27734006194045
Node 6230, 107.69057442905165
Node 2307, 38.64629195961515
Node 5601, 102.6187368794047
Node 6720, 131.2894709108947
Node 1992, 25.967463514624647
Node 1577, 8.21460892590537
Node 1971, 25.377587284607028
Node 1550, 6.222863062816493
Node 5703, 103.02077694675597
Node 3558, 82.34739199911755
Node 1769, 17.205767191037975
Node 2207, 34.058852333771426
Node 1948, 24.269583646879916
Node 9374, 12991.098884675315
Node 8519, 5648.98846903237
Node 7214, 770.8575120900763
Node 6672, 126.5933998354565
Node 6227, 107.64859794859126
Node 3023, 63.90415015219558
Node 1549, 6.213695626072058
Node 6156, 106.52627501434334
Node 4248, 100.17984654240195
Node 3757, 90.4205377748437
Node 5901, 104.09654912505727
Node 5349, 101.84303708893918
Node 2296, 38.14553913638059
Node 6664, 126.20055631761062
Node 6507, 116.58651561647194
Node 5357, 101.85933325389588
Node 4563, 100.51394135356797
Node 1617, 10.304628695733674
Node 1964, 25.041101973693557
Node 1602, 9.503534586655826
Node 1578, 8.215125637764087
Node 5594, 102.60856011308817
Node 4920, 100.9695412751647
Node 6600, 121.28368572482667
Node 6129, 106.24528386144313
Node 6174, 106.79532102624432
Node 4723, 100.71273309037196
Node 2914, 59.92207841688646
Node 2378, 41.280951457976386
Node 1582, 8.37784177833714
Node 5779, 103.41985978060121
Node 3924, 96.82976147351826
Node 3738, 89.79930117829647
Node 5021, 101.12043033316344
Node 2114, 30.551748236394737
Node 4923, 100.9738404299527
Node 7041, 361.9157664497243
Node 6935, 192.72362927724407
Node 6698, 129.1222427295958
Node 5974, 104.61898508821979
Node 5573, 102.51658602538694
Node 3279, 72.59188806369819
Node 1853, 20.96113616851688
Node 5836, 103.7228636271685
Node 2223, 34.64980995490691
Node 1530, 4.8554685885100755
Node 5474, 102.23787476848509
Node 4168, 100.12253839759087
Node 2330, 39.388910207656835
Node 1813, 19.199740573743263
Node 6670, 126.58537145728296
Node 6360, 110.40314264223707
Node 6084, 105.73075815413777
Node 5190, 101.42754652751489
Node 2231, 35.181667098935804
Node 1877, 21.897182625365506
Node 6256, 108.03033211244451
Node 3473, 79.61960480092625
Node 1911, 23.15128530684087
Node 1527, 4.473671913002258
Node 5992, 104.7893347624412
Node 5158, 101.3616585715069
Node 5964, 104.5573132381453
Node 2527, 46.278581461977765
Node 5324, 101.77547793181171
Node 2957, 61.47832434679266
Node 6542, 118.13324996650076
Node 5260, 101.61020459729488
Node 2461, 44.19183537237807
Node 4451, 100.38975165017224
Node 3080, 65.79129475943931
Node 2474, 44.523674839328955
Node 6154, 106.5198572354057
Node 3346, 74.93863323775163
Node 1840, 20.338749323096785
Node 2988, 62.799638597258095
Node 1503, 2.140926033830553
Node 6133, 106.28243310304063
Node 5527, 102.38958109242276
Node 2802, 56.21802905551167
Node 1944, 24.208442711820773
Node 2720, 53.28007722320125
Node 1938, 23.956215850834955
Node 1524, 4.061097526883512
Node 4291, 100.23632447213252
Node 5662, 102.86103003034162
Node 5648, 102.80507063420089
Node 4898, 100.92717310985512
Node 3277, 72.51250972822245
Node 2026, 27.155854995586356
Node 1838, 20.218075969385094
Node 6705, 129.73790225622142
Node 5456, 102.17564107787568
Node 5237, 101.55580373008586
Node 2332, 39.437286220612705
Node 3364, 75.41224924638817
Node 2971, 61.89624507752382
Node 2514, 45.988457480349155
Node 1795, 18.156972674855258
Node 6041, 105.28144186672245
Node 5131, 101.29888259391306
Node 2800, 56.17238182944183
Node 2270, 36.90838335003281
Node 3622, 85.03316339430867
Node 3426, 77.60043525768239
Node 1639, 11.24739326454263
Node 1883, 22.121236990070983
Node 1548, 6.142373534474739
Node 7030, 292.3573649507338
Node 6927, 188.93797872859764
Node 6110, 105.95529853577003
Node 5646, 102.79411492599628
Node 5461, 102.20064945174353
Node 5430, 102.13142494747632
Node 1993, 26.02712600332742
Node 1566, 7.4270236613875955
Node 5977, 104.70465683374587
Node 5921, 104.26649866351494
Node 6840, 155.9727344995326
Node 6248, 107.94384983404778
Node 3137, 67.70399817841282
Node 6191, 107.04606679954964
Node 6161, 106.54191137149787
Node 4667, 100.64515591547237
Node 1760, 16.930426103075533
Node 3898, 95.864283365922
Node 2371, 40.94215567777038
Node 2603, 48.59014331324441
Node 6008, 104.99397918436627
Node 4044, 100.03106017187609
Node 2565, 47.40758973959084
Node 6501, 116.08453709122162
Node 5877, 104.01576280907253
Node 1553, 6.540062236339218
Node 6486, 115.20490810744923
Node 5825, 103.66269358469118
Node 2106, 30.25016926737886
Node 5909, 104.16246609605076
Node 5521, 102.37107464921378
Node 3541, 81.89516518561739
Node 5868, 103.93972792322057
Node 5708, 103.06632446543489
Node 7004, 236.75874480014159
Node 6202, 107.24475971097816
Node 5322, 101.76758569834239
Node 2415, 42.434927985364105
Node 6014, 105.04306053317747
Node 4634, 100.59947584686496
Node 5892, 104.07143341128362
Node 4745, 100.7398431536131
Node 1688, 13.745964628625464
Node 2046, 28.011166883479135
Node 1874, 21.7089514984376
Node 6603, 121.61669890653371
Node 6234, 107.76511197750959
Node 5710, 103.074418759846
Node 5124, 101.28510793865594
Node 5891, 104.06424748287547
Node 4180, 100.13365810152412
Node 2544, 46.820913708754674
Node 7706, 2080.106955132342
Node 7009, 238.45704508056488
Node 6974, 212.54637209715682
Node 6590, 120.96976197209625
Node 5134, 101.30898656309449
Node 5156, 101.3577181621427
Node 4909, 100.94250159694097
Node 6839, 155.10401392432237
Node 5674, 102.90534007626394
Node 5608, 102.63380028807235
Node 5113, 101.27065122793374
Node 4438, 100.37986309096914
Node 2035, 27.44971265512561
Node 3788, 91.66293278212065
Node 2417, 42.46464595586564
Node 6772, 138.42735514601716
Node 5626, 102.71225854523769
Node 5562, 102.49198603382435
Node 4744, 100.73874168613042
Node 6707, 130.04520637311268
Node 1505, 2.438526503062275
Node 6703, 129.52515947526348
Node 6018, 105.06478036685603
Node 2079, 29.089179674684797
Node 3553, 82.19007114909654
Node 2126, 30.97910544469563
Node 6594, 121.11598492990312
Node 6427, 112.27867228340526
Node 1506, 2.439155222028242
Node 6219, 107.53813320958118
Node 5936, 104.35052060275733
Node 5314, 101.75170505865613
Node 3293, 73.15613617289146
Node 3274, 72.38150256714893
Node 5657, 102.83772341488631
Node 5334, 101.80129224835656
Node 5217, 101.48955545296029
Node 3565, 82.78261874725985
Node 6494, 115.6325757343502
Node 6218, 107.5363924273905
Node 5897, 104.08895094854148
Node 5800, 103.51260851878968
Node 4628, 100.591219901518
Node 4427, 100.36661685053622
Node 3388, 76.3252292528836
Node 6448, 113.15234620736817
Node 6135, 106.3081715289577
Node 2424, 42.76913777750895
Node 1492, 1.1378416961779647
Node 2313, 38.9458411936158
Node 1884, 22.134403999927414
Node 2088, 29.472301415564978
Node 6121, 106.07258682119857
Node 4461, 100.40084363606964
Node 1510, 2.669549008767178
Node 5951, 104.46011145495451
Node 3585, 83.86205934585264
Node 6996, 232.50093853749817
Node 6842, 157.31034777013537
Node 2718, 53.14977042210336
Node 1564, 7.265094981622014
Node 6776, 138.78753050817815
Node 6388, 111.1429680526844
Node 6239, 107.79707251139246
Node 4576, 100.52682189231666
Node 6116, 105.98980277580895
Node 6532, 117.53361827870383
Node 6301, 109.09306715288581
Node 6180, 106.86757008953379
Node 5126, 101.28795292073457
Node 2806, 56.26887241644835
Node 2385, 41.608187574705305
Node 1850, 20.83600622419281
Node 6525, 117.33505303714159
Node 6276, 108.36062446521231
Node 5238, 101.55580838786702
Node 4976, 101.04109427097984
Node 6482, 114.86015049698888
Node 5604, 102.62531591951725
Node 4318, 100.25845882276768
Node 1485, 0.8193604844122852
Node 4557, 100.51179971865733
Node 6912, 180.73335020618356
Node 6679, 127.45047337970632
Node 6497, 115.80942061257947
Node 2074, 28.826964188957703
Node 5986, 104.76070177809801
Node 5535, 102.4074293297627
Node 3750, 90.19559862908164
Node 5886, 104.04825813758623
Node 5859, 103.87262190932847
Node 4425, 100.3631102289158
Node 5471, 102.23174470854865
Node 5259, 101.6071480132894
Node 4325, 100.26623554603312
Node 6554, 118.71827951406549
Node 6546, 118.22862688292493
Node 4556, 100.51109118768134
Node 2156, 31.89574649688515
Node 2561, 47.312666234470036
Node 5739, 103.24939997787088
Node 2158, 31.943986141639357
Node 1610, 9.880454982599352
Node 1675, 13.034216145237009
Node 5147, 101.33456557116247
Node 2671, 51.454188772733715
Node 2657, 50.86035907773516
Node 1699, 14.201011779290205
Node 6850, 158.72329901685256
Node 6071, 105.55886976878415
Node 3953, 97.88965625673737
Node 4998, 101.08315146233159
Node 4755, 100.74661111685354
Node 4437, 100.37897905775172
Node 4767, 100.76660945463948
Node 1625, 10.721014606264635
Node 4554, 100.50907979229133
Node 6638, 124.0948106177684
Node 2309, 38.696572907246214
Node 1868, 21.43538158007268
Node 1867, 21.36032122448554
Node 1751, 16.44841573422708
Node 6557, 118.83295432266107
Node 4539, 100.49161095622676
Node 4416, 100.35467624344662
Node 6433, 112.36826767660767
Node 6076, 105.58303872110793
Node 4688, 100.67302986975808
Node 3037, 64.21473573048647
Node 5649, 102.81006091503399
Node 4370, 100.30484399095299
Node 5587, 102.56621546712032
Node 6397, 111.28584201348981
Node 2433, 43.33408870769227
Node 6103, 105.91465348460014
Node 4230, 100.16960114061096
Node 2056, 28.522221889013696
Node 1568, 7.508082792339486
Node 6101, 105.88217283025101
Node 1642, 11.346465773576895
Node 5806, 103.53205404661928
Node 5142, 101.32801905961526
Node 3213, 70.33477466897455
Node 1772, 17.324026876495374
Node 5464, 102.214008381297
Node 5363, 101.87346671736304
Node 1689, 13.75020490017241
Node 7243, 838.532773677132
Node 6876, 169.00147348510353
Node 6665, 126.38762948224776
Node 6443, 112.89935228636561
Node 5032, 101.13745525451466
Node 2659, 50.94005019389148
Node 4838, 100.84190656087718
Node 1744, 16.260744879758622
Node 1665, 12.507622998089559
Node 6053, 105.37100241218917
Node 6033, 105.2226776163897
Node 5787, 103.46788445952946
Node 6547, 118.24364318736599
Node 5965, 104.55887607437683
Node 4672, 100.65126357604501
Node 2759, 54.62706532929792
Node 5717, 103.10166563552258
Node 4528, 100.47857653654691
Node 2263, 36.460502381534226
Node 2256, 36.1419033126067
Node 3642, 85.78798755343017
Node 1546, 6.124783229817392
Node 5618, 102.68288606148613
Node 5491, 102.28638377347774
Node 5212, 101.48073612468137
Node 5488, 102.28149339434532
Node 6533, 117.53878755259022
Node 5985, 104.7526844534354
Node 5505, 102.32778260012715
Node 2537, 46.568365234081845
Node 5691, 102.97686085352987
Node 2273, 37.17055845845382
Node 1937, 23.886716614197635
Node 3412, 77.03534918541415
Node 2586, 48.07395879859607
Node 6398, 111.3575701441107
Node 5399, 101.99992161875521
Node 2952, 61.23153839435586
Node 1728, 15.564876747549897
Node 5640, 102.77573154367965
Node 6794, 142.97233218881624
Node 6681, 127.56683130009036
Node 5569, 102.50957733534236
Node 2538, 46.58902249472343
Node 1821, 19.451366075013503
Node 2521, 46.121274067355564
Node 6085, 105.73260006599602
Node 2818, 56.661235792546144
Node 6767, 137.78212970272804
Node 6327, 109.7304831506922
Node 4686, 100.66415369482837
Node 6197, 107.17553517290413
Node 5753, 103.30283118790345
Node 3367, 75.5176567964578
Node 1995, 26.060360622827528
Node 6077, 105.60582286849075
Node 5033, 101.13927236749676
Node 1705, 14.385502752412304
Node 1620, 10.518941804632785
Node 2804, 56.26481620813886
Node 2500, 45.56296713620462
Node 6575, 119.99206005343363
Node 6381, 110.99439445785971
Node 6931, 190.49317327746758
Node 6699, 129.12810063023116
Node 6343, 110.05441024787748
Node 6292, 108.79995915405162
Node 6201, 107.23507936958767
Node 6621, 122.84965013969892
Node 6808, 146.01347143756885
Node 2235, 35.25129988070624
Node 6060, 105.41871330284923
Node 4396, 100.33181183010159
Node 6040, 105.2746871282607
Node 8846, 7888.576121561704
Node 8172, 3828.9998401607804
Node 7268, 901.8978666155496
Node 6809, 146.1117488787175
Node 6688, 127.72156332113217
Node 6073, 105.56787952177127
Node 1837, 20.131841973293476
Node 6057, 105.39221361701512
Node 1498, 1.694045147300696
Node 5791, 103.47440353833652
Node 4902, 100.93132496146748
Node 4892, 100.91310624384138
Node 1574, 8.1181952569143
Node 4118, 100.08482456602053
Node 2080, 29.113848842887275
Node 4945, 101.000556673139
Node 6538, 117.87936833441029
Node 6385, 111.06714624402075
Node 5315, 101.75236329531705
Node 1671, 12.756856250452358
Node 5271, 101.63102098956425
Node 2646, 50.428346025446636
Node 1481, 0.25103579895730416
Node 2202, 33.92036129767806
Node 5078, 101.21218579872831
Node 2064, 28.68233591767135
Node 3167, 69.07111197241424
Node 2093, 29.853000186149675
Node 1533, 5.139520946610904
Node 5671, 102.89455798458455
Node 4617, 100.56858108434747
Node 1846, 20.7467024552597
Node 2098, 30.03213422865341
Node 1612, 9.93073124980843
Node 1591, 8.881617957594877
Node 4845, 100.85383196385125
Node 6774, 138.59671706185608
Node 6354, 110.31805954259312
Node 6283, 108.63013766637741
Node 2717, 53.094652899925
Node 3054, 64.82751758040789
Node 2120, 30.847346099326618
Node 1715, 14.889949194825093
Node 6376, 110.76804302987212
Node 5679, 102.93885390377852
Node 7223, 791.2044778169816
Node 6952, 198.1258661454465
Node 6889, 172.01837639377143
Node 6580, 120.20946527700984
Node 1608, 9.856950664531741
Node 6286, 108.72693918289283
Node 2154, 31.799252657123066
Node 1790, 17.95482729655598
Node 1537, 5.316279572592176
Node 6765, 137.474120541196
Node 6704, 129.65176884788502
Node 5732, 103.21976194894592
Node 5053, 101.1710848247079
Node 5020, 101.12009185911649
Node 4996, 101.0820117001788
Node 3725, 89.2708691477229
Node 3628, 85.20717022191052
Node 3640, 85.77036410798055
Node 5196, 101.44342655269972
Node 6446, 112.94390663713068
Node 6179, 106.83563880499162
Node 1999, 26.228696568025498
Node 6017, 105.05814070530187
Node 5380, 101.92730261955937
Node 2311, 38.838412751156355
Node 1604, 9.558766842088547
Node 1545, 6.030495514017016
Node 5027, 101.12840340235493
Node 5658, 102.84852007325097
Node 5445, 102.15946405393399
Node 2724, 53.43284374849074
Node 1866, 21.34598730850928
Node 5092, 101.2421670630463
Node 1480, 0.1478686604194199
Node 6437, 112.58016747092888
Node 2104, 30.193720304561975
Node 1974, 25.431719511645454
Node 6347, 110.14035393614928
Node 5443, 102.15759470639242
Node 4504, 100.4511878119085
Node 2342, 39.8779911304542
Node 1917, 23.47410408347983
Node 2217, 34.48617485253284
Node 1588, 8.811422761105808
Node 1509, 2.641597612295761
Node 6736, 133.03947683894975
Node 6576, 120.11600393343797
Node 6032, 105.2186907886318
Node 5168, 101.38316716972486
Node 4038, 100.0268024885084
Node 1559, 7.049132288115469
Node 2414, 42.41650042396931
Node 2151, 31.580312072194406
Node 1558, 6.925832404769591
Node 5631, 102.73617264732698
Node 6458, 113.64511215072594
Node 6352, 110.29341580860002
Node 1539, 5.409685454308403
Node 6356, 110.36720793332626
Node 5525, 102.37992668695195
Node 1707, 14.463202295098942
Node 6355, 110.3228200565453
Node 5494, 102.29743332958506
Node 5143, 101.33055524967806
Node 2783, 55.56944202010022
Node 2115, 30.56117161575443
Node 5252, 101.59568038790977
Node 2392, 41.762046339686975
Node 2317, 39.06148495862246
Node 3318, 73.95774071853897
Node 6272, 108.25019658602335
Node 6112, 105.98279906523746
Node 6728, 131.88810790693918
Node 4707, 100.68988143307456
Node 3062, 65.2212720119173
Node 2091, 29.804575558588475
Node 1486, 0.8760709797604538
Node 3003, 63.42832517350271
Node 6918, 183.97428295759968
Node 6463, 113.93617898081837
Node 6392, 111.19365947621675
Node 5686, 102.95763688259267
Node 3600, 84.09355200580566
Node 1584, 8.60196324487077
Node 5541, 102.44570944587808
Node 2774, 55.20603618381128
Node 1502, 2.036758732292055
Node 1804, 18.667890468055237
Node 6194, 107.09535175477744
Node 1482, 0.7272872517566116
Node 2372, 40.96307997373914
Node 1730, 15.58427942444003
Node 6410, 111.63896592113092
Node 6275, 108.33206828966756
Node 6223, 107.60302565248591
Node 4366, 100.30248684419692
Node 5459, 102.18467827022428
Node 2730, 53.51331836517719
Node 1708, 14.481073317219046
Node 1683, 13.571216449889336
Node 6246, 107.92923832051089
Node 5978, 104.70969132750629
Node 6186, 106.95534522185862
Node 3453, 78.92700894617003
Node 6160, 106.54025968874781
Node 6137, 106.32048468796481
Node 5874, 103.96569341108756
Node 5301, 101.71139203390439
Node 5675, 102.90608929783569
Node 3161, 68.71315620249996
Node 4750, 100.74180892448916
Node 6894, 174.19347605619862
Node 3616, 84.6982295321123
Node 2141, 31.31770377933422
Node 1746, 16.276104389343075
Node 6363, 110.49513603216569
Node 3858, 94.05716671719627
Node 7034, 313.21779359513215
Node 6551, 118.51306002807337
Node 6442, 112.84829188462476
Node 4355, 100.29658954179253
Node 2087, 29.468130183241612
Node 6281, 108.46290287852297
Node 5319, 101.76432328419871
Node 6511, 116.86192214086408
Node 6181, 106.87707626783227
Node 5226, 101.52202279370988
Node 2379, 41.31724499607105
Node 6049, 105.34114020472911
Node 5435, 102.13962511429203
Node 2599, 48.43750881296794
Node 3629, 85.21169421792119
Node 1652, 11.820537261748077
Node 5439, 102.15054304637657
Node 3400, 76.59015885573932
Node 2648, 50.48538221234709
Node 4957, 101.01465404602088
Node 1794, 18.10069670577247
Node 7016, 243.23003705462705
Node 6849, 158.45403238779426
Node 6821, 148.50445983867306
Node 4937, 100.992681866241
Node 1538, 5.357350653142896
Node 1531, 5.090623916089606
Node 6661, 126.03184697677317
Node 2266, 36.599713479235184
Node 4709, 100.69303593437121
Node 2101, 30.09795005422319
Node 4579, 100.5287572884466
Node 2484, 44.88213356249912
Node 6831, 152.14740549584843
Node 6610, 121.99349686488983
Node 5983, 104.73373887521518
Node 5870, 103.9486477904258
Node 4699, 100.68318635081859
Node 1599, 9.412731689681522
Node 5588, 102.57643873904652
Node 5555, 102.47254847772558
Node 1643, 11.496529930083558
Node 5429, 102.12963555009948
Node 6825, 149.57140663853414
Node 6485, 115.20201899512942
Node 3989, 99.24516030643845
Node 3942, 97.56036153633607
Node 5737, 103.24384705570392
Node 4482, 100.43320012384751
Node 3334, 74.43688114915379
Node 3604, 84.3423509672292
Node 3307, 73.62361375763871
Node 3221, 70.54514562337162
Node 1787, 17.885826674115087
Node 1723, 15.249168660245093
Node 2614, 49.012818869654836
Node 6757, 136.21203293307147
Node 6537, 117.84109598330984
Node 5866, 103.92980634033599
Node 4339, 100.27812484629824
Node 1924, 23.530331800713906
Node 6687, 127.71021029586724
Node 5171, 101.38604835036632
Node 4575, 100.52560806276301
Node 2037, 27.50718022873116
Node 5764, 103.36983467379858
Node 4612, 100.56118679456142
Node 3268, 72.22948953682658
Node 3787, 91.64012022496979
Node 2148, 31.460569393097543
Node 1701, 14.282857948196488
Node 5727, 103.20429738159976
Node 5659, 102.85256997087644
Node 4000, 99.63306140979489
Node 3156, 68.52846481625276
Node 2854, 57.609587819704025
Node 1514, 2.7993504588476075
Node 6921, 186.59675363191502
Node 6644, 124.47692707264135
Node 6404, 111.54808330442029
Node 6314, 109.38563932386143
Node 6035, 105.2504429694442
Node 2023, 26.994905325300877
Node 1878, 22.00075679958592
Node 1801, 18.492978413396223
Node 5838, 103.72502303439873
Node 4879, 100.89555264681013
Node 3996, 99.51634884592823
Node 3420, 77.32195716717047
Node 3030, 64.04767470840522
Node 4082, 100.05694705911982
Node 1491, 1.1111720837847765
Node 6269, 108.24225549597523
Node 5690, 102.97272309489615
Node 5417, 102.08569768469563
Node 2520, 46.10722850762085
Node 5693, 102.99168095219278
Node 4234, 100.17194356224931
Node 6338, 109.92699110090301
Node 1716, 14.955416196605512
Node 6637, 124.05867130296863
Node 4973, 101.03790883226942
Node 4492, 100.44045031718505
Node 3892, 95.50814248812462
Node 3797, 92.0071988717426
Node 6763, 137.1303863013693
Node 5246, 101.57256842136127
Node 6587, 120.79789786857347
Node 6336, 109.85928795288105
Node 6092, 105.78747286352483
Node 2681, 51.70927221354181
Node 5678, 102.93611275350048
Node 4256, 100.1911464873998
Node 1784, 17.83488257661732
Node 3410, 76.87666796088091
Node 2236, 35.25967764568428
Node 6273, 108.29630333054024
Node 5645, 102.78919208081916
Node 5622, 102.69140045687882
Node 6211, 107.4394426293742
Node 4809, 100.81139866959023
Node 1811, 19.04936314667742
Node 1583, 8.493375298303134
Node 2871, 58.25536074710234
Node 2145, 31.42881290253318
Node 1570, 7.75204187262142
Node 1483, 0.7516542180351874
Node 1862, 21.166482198336407
Node 8062, 3399.7460100196076
Node 6861, 162.90891572879613
Node 2740, 53.993332139854175
Node 6814, 146.80599448042045
Node 6626, 123.12188291080834
Node 6278, 108.39653066516823
Node 5982, 104.72979328589682
Node 5504, 102.32289013012152
Node 3372, 75.91706784597847
Node 2733, 53.642632375547315
Node 2113, 30.52486921472136
Node 4883, 100.89870066758593
Node 4695, 100.67810941409309
Node 1696, 14.071664552080183
Node 5944, 104.40660615282934
Node 5884, 104.03235620186315
Node 5661, 102.86044386121566
Node 4250, 100.18234993780092
Node 2436, 43.4357644705144
Node 6500, 115.9666653992422
Node 3072, 65.58888484532221
Node 2024, 27.029495981188678
Node 6713, 130.7229752206714
Node 6669, 126.57372804934911
Node 4928, 100.97841873842493
Node 2903, 59.26538706787982
Node 1650, 11.744879092272274
Node 1945, 24.209533183263375
Node 6293, 108.83103136584852
Node 6253, 107.98492403613022
Node 1942, 24.018518363981656
Node 1488, 1.060082870831771
Node 1687, 13.701363468358284
Node 6204, 107.28283400854961
Node 5773, 103.3938859520234
Node 4690, 100.67349916342161
Node 4316, 100.25783821118327
Node 2190, 33.204488049340405
Node 2112, 30.479793836979542
Node 3944, 97.57165981056566
Node 3067, 65.42782126521762
Node 6910, 179.93982864913195
Node 6251, 107.96115046140912
Node 5916, 104.200562661397
Node 4467, 100.40900729186667
Node 1543, 5.725819254004348
Node 2171, 32.28527744521937
Node 1793, 18.06635639949064
Node 1494, 1.36693761202067
Node 6068, 105.51607639523412
Node 5808, 103.54959203654147
Node 3597, 84.04391495533788
Node 5101, 101.25718863391029
Node 1614, 10.0235243432745
Node 3848, 93.81647813799755
Node 6870, 167.41247778496555
Node 6568, 119.71246308457384
Node 6221, 107.55995080072026
Node 6147, 106.40823894211209
Node 4696, 100.67905349424043
Node 1596, 9.249173657958194
Node 2173, 32.414913303299734
Node 5850, 103.83735034269027
Node 2218, 34.54223179191097
Node 5477, 102.25701233235108
Node 4831, 100.83391567121367
Node 3969, 98.5650470167741
Node 1729, 15.566173943537832
Node 2846, 57.451490863519965
Node 6447, 113.05532741751975
Node 4572, 100.52309203543287
Node 6341, 110.00217033040671
Node 5641, 102.78315747302787
Node 3508, 80.69656606353266
Node 6300, 109.07385273696839
Node 5989, 104.78041121056334
Node 5726, 103.18760877623116
Node 2357, 40.23302860582328
Node 1947, 24.23772159245155
Node 1703, 14.360501230546602
Node 3567, 82.82162531356518
Node 1957, 24.690196183798218
Node 2083, 29.15385113943193
Node 6852, 159.30462036246232
Node 6518, 117.05841213671756
Node 4169, 100.12345038973473
Node 6457, 113.57105002481858
Node 5747, 103.28608620684916
Node 2861, 57.779257948613115
Node 1518, 3.189258003619016
Node 1495, 1.5678578761257462
Node 1912, 23.208405005146815
Node 4794, 100.79584034168361
Node 3291, 73.14259342810324
Node 2109, 30.349889859189286
Node 4330, 100.2698711335555
Node 2510, 45.79059217261281
Node 1916, 23.46339680792782
Node 6384, 111.05469970160135
Node 5945, 104.40944554611752
Node 2476, 44.56550066793243
Node 6310, 109.27728755619579
Node 1600, 9.437978346138642
Node 6846, 158.18739091514303
Node 6627, 123.2346997761038
Node 5507, 102.33877112372899
Node 6250, 107.9568929169227
Node 6043, 105.28950227965278
Node 2160, 31.99014793281716
Node 1727, 15.496110824150888
Node 6079, 105.63916497781992
Node 3514, 80.77354602001975
Node 2535, 46.497110263704556
Node 2253, 36.02056576034915
Node 3386, 76.30902038602147
Node 2738, 53.916366043764036
Node 5684, 102.94590296358085
Node 8499, 5523.065819394842
Node 7387, 1169.9746614252633
Node 7040, 339.5494189985922
Node 7022, 249.33421055190058
Node 6709, 130.45939292877233
Node 6324, 109.61140781631737
Node 6228, 107.67000898787477
Node 5815, 103.60711806818259
Node 5312, 101.73801815217382
Node 6199, 107.21621114904312
Node 5368, 101.88334660904405
Node 5362, 101.87323789567915
Node 1827, 19.69730947603178
Node 1768, 17.199742463875264
Node 3201, 70.09664094128212
Node 6117, 106.01173599036963
Node 2224, 34.72012555464817
Node 6493, 115.62196129007444
Node 5533, 102.4036426731665
Node 1631, 10.869809043669374
Node 1623, 10.614992936567054
Node 2465, 44.2474672030845
Node 1535, 5.173857894984998
Node 1490, 1.1088664409920055
Node 6421, 112.16117656746312
Node 5839, 103.74071387792972
Node 5026, 101.12833272775703
Node 2954, 61.2840804450707
Node 2133, 31.24191927708413
Node 3305, 73.48367830531792
Node 6232, 107.72117053655536
Node 6061, 105.46300320691901
Node 4181, 100.13425426142327
Node 4386, 100.32435897160303
Node 2973, 62.008125487859786
Node 2082, 29.149230928328823
Node 1854, 20.97624727722769
Node 3326, 74.15386370184495
Node 3171, 69.28675670214757
Node 1554, 6.6335326946957744
Node 6224, 107.6038310344349
Node 5578, 102.52281398325218
Node 1733, 15.822977339332079
Node 3320, 74.01328242742628
Node 1972, 25.39665349468654
Node 6022, 105.10100900214125
Node 5041, 101.15027376311808
Node 6998, 234.77469089897244
Node 6899, 176.92508385810376
Node 5867, 103.93460596125033
Node 3280, 72.6339592532117
Node 1732, 15.757420413062922
Node 6833, 152.8455800969851
Node 6237, 107.78639729558337
Node 5584, 102.55358283482789
Node 6007, 104.98328465318052
Node 2781, 55.52380846326698
Node 2598, 48.43450503117662
Node 1894, 22.546634644798612
Node 4417, 100.35636599034214
Node 3322, 74.04224741264254
Node 4259, 100.19391704448145
Node 1562, 7.166586195226241
Node 2164, 32.07218250143485
Node 6593, 121.10406255882054
Node 5796, 103.4987670718831
Node 5374, 101.91424992778354
Node 6236, 107.77643388752911
Node 5938, 104.36705226809062
Node 6059, 105.40092081372644
Node 1763, 16.975239685410944
Node 5482, 102.27399911171013
Node 7180, 664.4924204140926
Node 6744, 133.78117508827728
Node 6409, 111.63164287636086
Node 5542, 102.44928686979624
Node 2100, 30.085930508275997
Node 1833, 19.91732176133285
Node 4182, 100.13473220543563
Node 6312, 109.28290160316715
Node 1541, 5.594645095844561
Node 6690, 127.90987532065236
Node 6478, 114.6494610718274
Node 6372, 110.73204058871855
Node 5980, 104.7238269898069
Node 5952, 104.47397414283581
Node 2606, 48.72176821495753
Node 2298, 38.356486181184216
Node 6025, 105.1417929500127
Node 5627, 102.71935677134752
Node 4016, 100.00936079487886
Node 2572, 47.60211951595261
Node 1615, 10.210658810436387
Node 3902, 95.96349987339943
Node 5381, 101.92801564795805
Node 2327, 39.30788695626198
Node 4782, 100.784468317683
Node 6402, 111.49835149297574
Node 6328, 109.74353445672821
Node 5998, 104.90077269100581
Node 6262, 108.15330727240793
Node 5215, 101.48846061710725
Node 3416, 77.15788898801658
Node 2434, 43.348612745531945
Node 6332, 109.8151192954527
Node 6182, 106.89271197842386
Node 2542, 46.73872093049087
Node 6140, 106.33005763736394
Node 5904, 104.12446506647132
Node 5071, 101.19201809384671
Node 2386, 41.684115802294606
Node 5883, 104.0311699991537
Node 4112, 100.0821732273977
Node 6131, 106.26929589112409
Node 4497, 100.44500745689774
Node 2245, 35.663398702152165
Node 5854, 103.84762729774243
Node 2991, 62.96335684749389
Node 5814, 103.60180354140455
Node 6243, 107.86234802217439
Node 5219, 101.49693037263027
Node 2454, 44.02648622380302
Node 5066, 101.18698444153979
Node 4616, 100.56765234935756
Node 3394, 76.4924459814701
Node 2027, 27.166143307794904
Node 1936, 23.878628177400707
Node 5372, 101.90700640045694
Node 5346, 101.83493493413451
Node 2196, 33.503621635207914
Node 5139, 101.32016503266163
Node 2662, 50.97931585602677
Node 4448, 100.38892734977979
Node 3096, 66.37490545988295
Node 2331, 39.43349830009185
Node 6550, 118.44090303079886
Node 5855, 103.84855233920338
Node 2992, 62.97057390393687
Node 5949, 104.44033412947375
Node 5931, 104.33788314282954
Node 4132, 100.09651425240021
Node 2003, 26.351973805457003
Node 1797, 18.323563946105253
Node 5719, 103.13146838184745
Node 1903, 23.04252689480639
Node 1743, 16.252064341399237
Node 6913, 181.25022967084536
Node 6867, 166.3741517930635
Node 6723, 131.3579178682841
Node 6592, 121.06986107515287
Node 6428, 112.2799748447613
Node 5755, 103.30342253920415
Node 6337, 109.91260373492496
Node 5554, 102.4701282418136
Node 4671, 100.64886366991517
Node 6686, 127.6984070619485
Node 6541, 118.13047860451385
Node 4326, 100.26764633876824
Node 5903, 104.11451493774769
Node 5770, 103.38151830404114
Node 5900, 104.09458990832803
Node 1785, 17.843821644348562
Node 1557, 6.894829806395724
Node 1542, 5.691156438924271
Node 2498, 45.40932998979844
Node 1592, 8.940457578506312
Node 6680, 127.5522417703701
Node 6658, 125.94137712718498
Node 5515, 102.3663809073797
Node 5332, 101.79672710252974
Node 4023, 100.01278406679698
Node 4489, 100.4386033477004
Node 3934, 97.340471118148
Node 6613, 122.2589375235305
Node 6188, 106.98400363685785
Node 3296, 73.30443465907015
Node 6165, 106.6473819515189
Node 5060, 101.1812633399895
Node 4546, 100.4996756916195
Node 2905, 59.39722729955736
Node 1873, 21.693285352486605
Node 5677, 102.92501516310773
Node 6604, 121.72272283995679
Node 6430, 112.32123300327257
Node 6394, 111.20649416293584
Node 6166, 106.65053324058653
Node 5605, 102.62656636631823
Node 6152, 106.49560779730413
Node 4447, 100.38798492487655
Node 1923, 23.524764322816345
Node 6345, 110.12451925614161
Node 4889, 100.90605136315038
Node 3107, 66.84077662667264
Node 4062, 100.04252652923554
Node 2268, 36.82960378125161
Node 1635, 11.125284044014906
Node 2030, 27.29770709335935
Node 1536, 5.229247213214767
Node 3685, 88.00151155509369
Node 6452, 113.48287186944307
Node 5872, 103.96358331934722
Node 2008, 26.587427055256406
Node 6445, 112.94191602308479
Node 5844, 103.76796263876065
Node 4965, 101.03140339677839
Node 1897, 22.771661938861882
Node 3063, 65.31867163760366
Node 5421, 102.10456201582117
Node 6271, 108.24906043820128
Node 2055, 28.404266923347087
Node 1988, 25.832850328599275
Node 6126, 106.206821689585
Node 4367, 100.3035303245742
Node 1949, 24.324948808761167
Node 1758, 16.92820395672724
Node 6779, 139.24125794505048
Node 6512, 116.88616349918537
Node 6209, 107.43415208988762
Node 6088, 105.74133327107653
Node 5138, 101.31951292134633
Node 5136, 101.31271350357238
Node 3960, 98.11768010363168
Node 3830, 93.41560348012382
Node 2419, 42.46735930864156
Node 5010, 101.09987562470238
Node 3821, 92.9956207063741
Node 1561, 7.16001720165874
Node 2135, 31.25192628722508
Node 1622, 10.569059265748177
Node 4398, 100.33303390677719
Node 6145, 106.39909560480014
Node 6102, 105.88288747081045
Node 4931, 100.98326765822286
Node 3932, 97.25371456977737
Node 5827, 103.6711470493126
Node 4837, 100.84129891791449
Node 1761, 16.94090705298809
Node 1664, 12.486244606461236
Node 2899, 59.08510094161287
Node 6390, 111.18238601739075
Node 2483, 44.83569346652346
Node 6318, 109.50178829651847
Node 5813, 103.59648241563728
Node 1800, 18.417812118827595
Node 6747, 134.53338901446227
Node 6400, 111.43970742900972
Node 3419, 77.29847273089683
Node 2767, 54.852583048022964
Node 5899, 104.09288205333199
Node 4863, 100.87846670211262
Node 1905, 23.044860036958
Node 4002, 99.79634665933042
Node 1487, 1.0062347927819333
Node 5130, 101.2968576266173
Node 2262, 36.40983298410877
Node 4907, 100.94184245558577
Node 2214, 34.40386290348952
Node 1753, 16.80310466825785
Node 1484, 0.7892050500084914
Node 1698, 14.190473113662753
Node 4436, 100.37605289742363
Node 1589, 8.815242567648276
Node 1499, 1.7666265961438963
Node 6475, 114.51239183024627
Node 4666, 100.64187259058033
Node 4128, 100.09561436291678
Node 5721, 103.13631316547612
Node 2764, 54.793705750018944
Node 1644, 11.51908836290077
Node 6908, 179.40880990145376
Node 5956, 104.5110006056081
Node 5552, 102.46244146932993
Node 5282, 101.66634393980257
Node 5091, 101.23567497449515
Node 4673, 100.65359614775835
Node 4802, 100.80708053604121
Node 3786, 91.63037580896925
Node 6791, 142.36731026747393
Node 6612, 122.16910224183128
Node 1676, 13.24919767713627
Node 6344, 110.05707700919483
Node 5680, 102.939143972017
Node 5652, 102.81270794043009
Node 6642, 124.42812983058693
Node 6640, 124.3391190013117
Node 1647, 11.68215510345109
Node 4731, 100.72331578605107
Node 1998, 26.22220942325623
Node 3188, 69.77782635070204
Node 2755, 54.536156174150165
Node 8331, 4604.079290805533
Node 7348, 1082.4325261685087
Node 6788, 141.49033474482556
Node 5099, 101.25630775852898
Node 4788, 100.79034714579714
Node 3073, 65.58952483376852
Node 6693, 128.47864658763467
Node 6618, 122.51084282713563
Node 6534, 117.56695630226749
Node 2692, 52.22320317261665
Node 2062, 28.67750719755661
Node 6120, 106.03995608578296
Node 1563, 7.244068526197196
Node 1516, 3.005141597297042
Node 6635, 123.98410811381495
Node 6631, 123.49929888984673
Node 5576, 102.51859187435537
Node 2949, 61.17152643665802
Node 4219, 100.15974082457788
Node 3801, 92.12438206747738
Node 6480, 114.78440168086487
Node 5942, 104.39868845229884
Node 6875, 168.58365417311845
Node 6733, 132.869765050949
Node 6097, 105.83773440279369
Node 5818, 103.6124940723858
Node 5431, 102.13292248603115
Node 1930, 23.67167967784774
Node 1632, 10.955447717629262
Node 5119, 101.27539892176455
Node 3488, 80.05922398630833
Node 1961, 24.900614285346474
Node 1493, 1.2917198981481564
Node 1978, 25.597653285046626
Node 1807, 18.94559676128473
Node 4552, 100.50720775404476
Node 6075, 105.57319666464812
Node 4241, 100.17408489501653
Node 5467, 102.21981617042562
Node 4963, 101.03029873417393
Node 1777, 17.488091354099044
Node 4738, 100.73386996675309
Node 1521, 3.857854189393159
Node 6519, 117.09554303916144
Node 5685, 102.95420080480433
Node 1764, 17.053564516924194
Node 1674, 12.941534824990589
Node 5642, 102.78660445341384
Node 5297, 101.6947418870979
Node 4117, 100.08367317634752
Node 3804, 92.29418280459952
Node 1734, 15.850807452882647
Node 5832, 103.70416251530084
Node 5180, 101.4070230185955
Node 3299, 73.34323170550843
Node 2666, 51.17277855618491
Node 5771, 103.3850275237808
Node 4659, 100.63471580267309
Node 2881, 58.48277053970773
Node 5538, 102.42941057250505
Node 3365, 75.42911217315778
Node 6835, 153.5159270303429
Node 6114, 105.98883178965933
Node 5735, 103.23688984542378
Node 2756, 54.536998181289455
Node 6462, 113.84489630370855
Node 6081, 105.71003574553761
Node 5341, 101.82085340604016
Node 4812, 100.81231421071146
Node 4581, 100.53164556811363
Node 1861, 21.15161050049094
Node 5829, 103.69184106258494
Node 4816, 100.81458204697061
Node 4596, 100.54630344095415
Node 5751, 103.2977490101943
Node 3579, 83.67061262281987
Node 3190, 69.78781303955759
Node 2469, 44.392920447450024
Node 5329, 101.79044658326703
Node 3222, 70.55032113662757
Node 2305, 38.6073129729341
Node 3038, 64.3329041225226
Node 2249, 35.848562401613634
Node 1738, 16.00986233659438
Node 7720, 2135.2326293937804
Node 6905, 178.7341812581377
Node 6560, 118.96853348612287
Node 6358, 110.37697467326434
Node 1896, 22.685217677655658
Node 6264, 108.16010689793261
Node 4066, 100.04467855385893
Node 2713, 53.05930437270703
Node 2667, 51.174695070023446
Node 1771, 17.27627702916517
Node 2543, 46.76845424484446
Node 2427, 42.896198556008414
Node 3271, 72.28593079882296
Node 1515, 2.922630602281121
Node 6074, 105.57143561134419
Node 5191, 101.42771616850487
Node 1648, 11.68685194205065
Node 5939, 104.3713185155192
Node 5699, 103.00799962401388
Node 4076, 100.05358336851636
Node 1830, 19.886761824754792
Node 1586, 8.733682499418817
Node 1504, 2.2068506874302454
Node 6510, 116.79484788204326
Node 4988, 101.06889653723012
Node 2803, 56.21868205544717
Node 4786, 100.78910373037714
Node 3578, 83.62557829736642
Node 2042, 27.942743794119735
Node 4502, 100.44865748864278
Node 3348, 75.01767119244353
Node 6476, 114.53921499465758
Node 4369, 100.30461353236271
Node 3327, 74.16633828628645
Node 7408, 1214.6456313593799
Node 6948, 196.95034244510833
Node 6241, 107.83716843040122
Node 4985, 101.06139994305644
Node 3573, 83.21732423883638
Node 4770, 100.76938042548086
Node 6865, 166.2373374328468
Node 6574, 119.96750455217783
Node 5029, 101.13161751045497
Node 4542, 100.49327403450879
Node 1902, 22.980071627056258
Node 6418, 112.12676794667841
Node 6235, 107.76572467464992
Node 3423, 77.53664291197373
Node 2984, 62.55153977276012
Node 5117, 101.27360463523686
Node 3244, 71.41086514259278
Node 6389, 111.14539190163181
Node 1876, 21.82147818516878
Node 3102, 66.67162353797232
Node 1496, 1.581245162338763
Node 6799, 143.69333825658603
Node 6689, 127.78568323342826
Node 6477, 114.57816776332255
Node 5958, 104.51349896759656
Node 4090, 100.06212084537698
Node 6423, 112.19470760582269
Node 4429, 100.36806125577706
Node 6136, 106.31203996892599
Node 1969, 25.357642065180055
Node 6520, 117.11604409722365
Node 6063, 105.47089115504383
Node 2069, 28.756253592602892
Node 6184, 106.93199624704401
Node 3836, 93.50005001724426
Node 3202, 70.14283546576343
Node 6721, 131.29127675739252
Node 4969, 101.03490741608428
Node 3056, 65.00000941848094
Node 5579, 102.5275820947565
Node 7339, 1068.6118456351528
Node 6464, 114.10334128304127
Node 6295, 108.93447908837258
Node 5948, 104.42534213901212
Node 6225, 107.62548135162142
Node 6024, 105.14165211532513
Node 4524, 100.47574574469755
Node 2857, 57.70638209394301
Node 2276, 37.31142262233979
Node 3774, 91.0566738145247
Node 2279, 37.35347293287513
Node 3379, 76.12894795131801
Node 1712, 14.76295309971289
Node 6207, 107.38703007230552
Node 6030, 105.21297652657243
Node 5750, 103.29610415544347
Node 1501, 1.9104256425543422
Node 5225, 101.50838688132762
Node 2549, 47.002378440156136
Node 6134, 106.30475956949182
Node 2970, 61.882759719099695
Node 5700, 103.00991779274356
Node 2660, 50.94964475279261
Node 3353, 75.13044772736458
Node 6373, 110.75202917681193
Node 3199, 69.98371223361089
Node 6319, 109.52008617516998
Node 5905, 104.13683310684681
Node 5647, 102.80139039819421
Node 6951, 198.0961910525063
Node 6545, 118.17745985860182
Node 4997, 101.08259556947745
Node 2282, 37.474800483311775
Node 6822, 148.5704160268518
Node 6216, 107.51360733882474
Node 1669, 12.724876215648704
Node 6217, 107.51924154783359
