Node, generations
Node 12897, 5813.581017633691
Node 12372, 1058.2865335240513
Node 11988, 1011.1442332763903
Node 7483, 478.5523917402315
Node 11865, 1007.4152710405345
Node 11119, 1000.1301553102847
Node 4160, 196.43387612874528
Node 1222, 20.713983859200578
Node 11724, 1004.9757938758866
Node 12268, 1032.4323537731468
Node 4111, 192.8133555837073
Node 1111, 10.96389943012494
Node 11418, 1001.9061062821929
Node 2177, 79.35921895659372
Node 2292, 85.97674556433286
Node 12859, 3107.7997401265684
Node 12726, 1575.1987268957885
Node 12484, 1119.8617985735132
Node 12460, 1103.9426715575885
Node 11541, 1002.9014483686545
Node 7508, 481.62916336623044
Node 4835, 241.55097105992883
Node 5051, 256.9810852910926
Node 3081, 129.70418316642542
Node 1470, 38.83867419756185
Node 3621, 160.49638879354015
Node 10979, 981.7850306381497
Node 9601, 756.7818605543547
Node 7873, 524.0670191039086
Node 8880, 647.0876969574099
Node 6246, 354.6479704152279
Node 3020, 126.65664583795221
Node 3571, 157.197452991616
Node 3026, 126.92758680782562
Node 10866, 963.7174074566623
Node 8761, 630.6351293215496
Node 5015, 254.83316828700805
Node 1811, 58.3864639153608
Node 10846, 961.4620307936015
Node 5926, 328.1672114688881
Node 1340, 30.82748890016089
Node 5425, 285.3391311099019
Node 1904, 64.38173573777314
Node 1663, 50.61050114608436
Node 5236, 270.75460293753065
Node 12340, 1049.341506082
Node 2093, 75.13129569515317
Node 1620, 48.279719645402515
Node 1412, 34.60967029512758
Node 1429, 35.3766976612451
Node 1040, 2.4685716584794695
Node 1231, 21.65732340751695
Node 10679, 928.9976342225863
Node 6259, 355.43528469635214
Node 3493, 152.8528423241107
Node 3228, 138.35944887158809
Node 2142, 77.63415001909496
Node 1457, 37.58962131262695
Node 3077, 129.49205779834577
Node 1460, 38.01422519500475
Node 1993, 69.00434443327151
Node 4136, 194.65679802679753
Node 2417, 93.25490261399536
Node 1167, 17.10762309821023
Node 2412, 93.07175537648372
Node 1022, 0.16930717432200507
Node 2872, 118.1565140167085
Node 2427, 93.86365576983634
Node 1152, 15.999015216196526
Node 6765, 405.66442334736365
Node 1162, 16.656614888294904
Node 2610, 103.95166966229934
Node 12482, 1117.9146446648424
Node 12140, 1018.8910554034571
Node 11981, 1010.5994059303717
Node 11930, 1009.1587707010618
Node 7025, 431.15550250191467
Node 2609, 103.92128106565077
Node 5542, 295.4501744420151
Node 11539, 1002.8920003567927
Node 7177, 446.7105203772793
Node 3978, 183.80330082982204
Node 12163, 1020.2311859330496
Node 2499, 97.670402637053
Node 2005, 69.6118520725927
Node 9781, 780.4664302296762
Node 6692, 397.25880987485493
Node 4902, 245.9428041904528
Node 6202, 351.27105961666973
Node 5341, 278.12989067738147
Node 4463, 216.09929773123213
Node 3582, 157.8635371263287
Node 9458, 728.2036553757644
Node 2751, 111.03189141518156
Node 9099, 675.740233497454
Node 1591, 46.744618425217666
Node 6930, 423.2046867303862
Node 5760, 314.5017707814298
Node 4911, 246.47235149314838
Node 1302, 27.74129723827222
Node 6441, 371.54709199116166
Node 2685, 107.60444377186873
Node 4464, 216.15557565338275
Node 1742, 54.99208072893841
Node 1075, 7.298219846001926
Node 1293, 27.045138292912725
Node 12678, 1386.3240031930877
Node 12553, 1196.810357391429
Node 12408, 1073.5173108556119
Node 3788, 172.6573174407801
Node 6823, 412.33630064144734
Node 1325, 29.354061516939346
Node 12494, 1125.5571865138475
Node 1393, 33.286972412537146
Node 12409, 1074.3667839796487
Node 12159, 1019.8830755739439
Node 1614, 47.89976505831052
Node 11222, 1000.6187431426329
Node 4399, 211.99772690905587
Node 2493, 97.31717208414196
Node 8519, 599.852578949746
Node 2510, 98.58389706373414
Node 2314, 87.03726746627154
Node 1624, 48.455106298545
Node 1530, 42.40014853146246
Node 2824, 115.41196832114005
Node 1959, 67.04766624372301
Node 12288, 1036.8373207553238
Node 9202, 691.0993878395641
Node 12134, 1018.4505685831325
Node 3497, 153.0315296878468
Node 1824, 59.33615091255242
Node 10050, 823.3200489471706
Node 6941, 424.7530023207372
Node 2736, 110.03184053152873
Node 2541, 100.22574358139899
Node 3138, 133.16374686543412
Node 9857, 792.3597756898496
Node 9812, 785.5211407313142
Node 1937, 66.15668415135062
Node 12665, 1363.6884481401655
Node 12445, 1094.19506764605
Node 9540, 746.5839351012338
Node 6336, 361.3409788434866
Node 4624, 226.87599169602333
Node 1945, 66.4193967012256
Node 1132, 13.639432485937608
Node 7895, 525.665921160904
Node 5625, 302.59601417605734
Node 1053, 4.623599269291706
Node 5581, 298.8752178332583
Node 6838, 414.09848412733936
Node 6484, 375.2303003367531
Node 4759, 236.2135062831618
Node 2263, 84.64799162432519
Node 1030, 1.4586984274563033
Node 1556, 44.343703205349975
Node 2930, 121.23275657135216
Node 1885, 63.24196373442105
Node 1309, 28.423415125319327
Node 1068, 6.29814705986764
Node 1174, 17.42813028226982
Node 1021, 0.12932600129515118
Node 6187, 349.68481540931305
Node 2023, 70.5122714127798
Node 12307, 1040.3057534583186
Node 10390, 877.3328602762689
Node 5638, 303.0618467153204
Node 8988, 662.506204006157
Node 4257, 203.19137530500288
Node 1667, 50.7886009921828
Node 1081, 8.123321747023274
Node 4745, 234.9624324052931
Node 2282, 85.7415284346574
Node 1417, 34.9971086265789
Node 11669, 1004.2343042299609
Node 3705, 167.4733202400201
Node 1263, 24.4498214530219
Node 1042, 2.9568512468288572
Node 2407, 92.4012378874542
Node 11589, 1003.3713779324726
Node 11538, 1002.8792950655948
Node 2070, 73.0405366059713
Node 1192, 18.628925992118145
Node 12474, 1113.6308957164704
Node 12438, 1088.4603007537373
Node 2365, 90.37814048903196
Node 2010, 69.95756844843461
Node 12430, 1083.893958850439
Node 8269, 570.3686654757454
Node 1241, 22.34142520146116
Node 1115, 11.40120136171276
Node 11409, 1001.8453681391061
Node 6084, 341.86773206863467
Node 1159, 16.382288037131136
Node 8303, 573.6949358453957
Node 3101, 130.7963207895969
Node 6988, 428.5197750279551
Node 1136, 14.754414839219882
Node 6228, 352.6571993956152
Node 4337, 208.16496191497075
Node 1027, 0.8131566396586402
Node 1345, 31.21864482529548
Node 5513, 292.4040501305213
Node 2995, 125.08366905267361
Node 1274, 25.4273218011262
Node 5257, 272.0673047326491
Node 2273, 85.25961142034592
Node 1168, 17.177501672743535
Node 1238, 22.125918433130433
Node 1185, 18.212247136083835
Node 2883, 118.64728636228098
Node 12453, 1100.1608665693416
Node 12277, 1034.7426176018168
Node 4175, 197.51913156616249
Node 1975, 67.83040230126106
Node 2266, 84.79851528406402
Node 12202, 1024.7606987491413
Node 12037, 1013.206707060084
Node 7910, 527.0068409330383
Node 2443, 94.84282321923752
Node 1779, 56.75604433899178
Node 10108, 832.4207758185298
Node 2265, 84.77566115756676
Node 6591, 386.16722951634665
Node 4358, 209.51488708961762
Node 3407, 147.6670160483422
Node 5587, 299.2162719901692
Node 1785, 56.95918780917209
Node 1064, 5.935551186383404
Node 1051, 4.297301681811311
Node 1041, 2.706275099060629
Node 12184, 1022.5159912726414
Node 6899, 420.18934283588993
Node 1341, 30.87573020315204
Node 1037, 1.7895580313144144
Node 1098, 9.666564217075761
Node 3024, 126.81891418698653
Node 12026, 1012.5357210232276
Node 10149, 838.5958066690914
Node 7463, 476.63547205228474
Node 2474, 96.31779806822237
Node 1897, 64.01953197361385
Node 11893, 1008.0995438078301
Node 9395, 719.602872922737
Node 6213, 351.99666458340533
Node 1024, 0.38292786434156095
Node 2034, 71.2299525813959
Node 1765, 56.00811624981341
Node 7224, 451.58108393887323
Node 4424, 213.4052399688818
Node 6089, 342.39115928616263
Node 9429, 724.8178325359536
Node 8945, 656.8962047238801
Node 1228, 21.403419870859523
Node 1163, 16.760934415923295
Node 2882, 118.60272447869704
Node 2811, 115.01892600483305
Node 12803, 2140.5924603943145
Node 12672, 1373.2923332934347
Node 12487, 1120.1759610485954
Node 9404, 721.0983293746143
Node 8103, 550.7073901968265
Node 5503, 291.7921944710453
Node 4780, 237.1825018927251
Node 2734, 109.95323714228407
Node 1618, 48.18404107779536
Node 1939, 66.18718051999731
Node 12402, 1068.7623406862965
Node 6718, 400.65380665793043
Node 3388, 146.67243957492835
Node 1138, 15.195580534336562
Node 4441, 214.3200047294929
Node 1377, 32.68004770352579
Node 3932, 180.9688688401741
Node 3750, 170.18386340962226
Node 3398, 147.29918838673964
Node 3380, 146.1118843351684
Node 10508, 896.3176050529756
Node 9377, 715.712963337759
Node 5045, 256.5943592882338
Node 3904, 179.3548132164605
Node 2233, 82.87032959132614
Node 3215, 137.4081333243077
Node 8781, 632.9088364277432
Node 4692, 231.49534398860868
Node 12595, 1243.753315690707
Node 11559, 1003.0051177267738
Node 7487, 479.0514102862991
Node 7240, 453.427146907162
Node 6564, 383.45188813848716
Node 2323, 87.98559363124899
Node 1451, 37.033611197942875
Node 1121, 12.037098957924224
Node 12548, 1190.3586702569762
Node 12439, 1088.5269500423522
Node 12368, 1057.6285054212442
Node 10980, 982.4044320275422
Node 3691, 166.19219801242343
Node 2445, 94.86090951939443
Node 3340, 143.7573529875778
Node 3048, 128.026395523265
Node 1731, 54.52125956409966
Node 1646, 49.60373176312104
Node 2791, 113.62189205705869
Node 3962, 183.0362462126795
Node 12232, 1028.041929793478
Node 5014, 254.80222254613145
Node 4526, 220.40851887777825
Node 3319, 143.04067881594347
Node 2611, 103.95490257342921
Node 1910, 64.77738046939041
Node 1215, 20.299669853001483
Node 12114, 1017.6427192431632
Node 8294, 572.6967148267087
Node 1730, 54.49950292496835
Node 1352, 31.478333084702804
Node 1034, 1.5793394653188548
Node 1243, 22.625984497483692
Node 5199, 268.00295723687486
Node 4443, 214.41915177263937
Node 1154, 16.207618080672024
Node 1026, 0.6179540458620536
Node 10392, 877.5429789464368
Node 2946, 122.30837345202698
Node 2069, 73.03907531031065
Node 1318, 28.884799839620133
Node 1097, 9.608567375504503
Node 5039, 256.4649719834405
Node 12379, 1060.0621254260354
Node 12117, 1017.7349107018083
Node 10556, 904.3808433734831
Node 6629, 390.5962015432963
Node 9998, 814.9940878015841
Node 3189, 136.02643046217813
Node 2817, 115.1888645254242
Node 11861, 1007.3088011725608
Node 2171, 79.03777084065351
Node 1876, 62.89609992601929
Node 1649, 49.67388932536641
Node 1813, 58.400783429042626
Node 1338, 30.58313022098216
Node 1644, 49.481523109524446
Node 1420, 35.13884439815039
Node 11388, 1001.6327807023888
Node 4038, 187.38841246571747
Node 12361, 1056.1158375416185
Node 11959, 1009.9432483633952
Node 7069, 434.69817310354335
Node 6821, 412.0914058554848
Node 4123, 193.89173949854822
Node 6987, 428.3485366026683
Node 4323, 207.321637093744
Node 2294, 86.03997972361529
Node 6129, 345.3072691656689
Node 1303, 27.763131500546287
Node 1382, 32.86598750883107
Node 1054, 4.637212271893587
Node 1205, 19.766700736251916
Node 11683, 1004.4672298860165
Node 7512, 481.91335124660804
Node 1413, 34.7683603982509
Node 3487, 152.58003271875484
Node 12096, 1015.9787728057578
Node 10036, 821.207538058239
Node 7048, 432.99093340225704
Node 2704, 108.52360522676483
Node 1517, 41.61622246590049
Node 9905, 801.0134554392941
Node 8202, 561.8118110148463
Node 6381, 365.5788691647391
Node 2586, 102.49483365591442
Node 1546, 43.65432235526605
Node 1025, 0.5141625872410132
Node 5784, 316.744844798611
Node 1029, 1.4031787377590303
Node 1684, 51.72709749939595
Node 8694, 622.7327760879868
Node 1524, 41.85232191984222
Node 6322, 360.19574474684555
Node 3848, 175.2348273367859
Node 3517, 154.19724233669183
Node 1878, 63.00408273102824
Node 11537, 1002.8756407480452
Node 9487, 737.3941592337377
Node 2782, 113.14446295988067
Node 5000, 253.9214535828949
Node 9982, 812.8817388170982
Node 3472, 151.67263808726867
Node 3694, 166.6190248483226
Node 1767, 56.06094013434815
Node 1032, 1.4900407232684463
Node 12497, 1126.8374580231214
Node 1088, 8.542982501246168
Node 12399, 1066.7787015644626
Node 11600, 1003.4778470927647
Node 3966, 183.23029618434123
Node 11529, 1002.8293658194848
Node 6420, 369.68173721832306
Node 2163, 78.60296247727547
Node 1114, 11.397201285437944
Node 5844, 321.40537054267037
Node 5203, 268.66725066187894
Node 4730, 233.84946538716406
Node 2711, 108.93519346651632
Node 1527, 42.06888983816927
Node 5148, 263.5686702102284
Node 2484, 96.70309539111476
Node 1423, 35.216539183099115
Node 3802, 173.35593746734318
Node 12262, 1032.0019548387054
Node 11131, 1000.1698360079357
Node 3938, 181.56119912205608
Node 10680, 929.3915030507768
Node 9189, 688.8904102474777
Node 2450, 95.08842849309971
Node 1198, 19.203345244211363
Node 7131, 441.7964812799261
Node 3127, 132.14273849095403
Node 12224, 1027.1105698684178
Node 3584, 157.9445027969704
Node 3181, 135.75925010969345
Node 2563, 101.3414588277592
Node 12109, 1017.1294536350196
Node 11326, 1001.1010175242012
Node 2247, 83.93611895140634
Node 6179, 348.63664184634894
Node 1493, 40.17810230002507
Node 4120, 193.58125503578296
Node 2304, 86.44659998309437
Node 12799, 2120.7497715227382
Node 12513, 1145.8356569952784
Node 9566, 750.2561598195565
Node 5677, 306.02130517540047
Node 4848, 241.99843354362974
Node 4926, 247.33914443642303
Node 1213, 20.223062940688582
Node 1077, 7.655888585177215
Node 1135, 14.656401546253964
Node 6434, 370.84580594385693
Node 2045, 71.63695172720122
Node 1898, 64.08905278034018
Node 1190, 18.5843238101134
Node 12412, 1075.8635450201214
Node 12320, 1042.838944249471
Node 12081, 1015.0360250660586
Node 5016, 255.03091200042388
Node 4958, 249.79502360209992
Node 1103, 10.291625451116266
Node 1084, 8.38946252635641
Node 2662, 106.40136050753705
Node 7730, 509.1509228929385
Node 2834, 115.85969195672918
Node 1647, 49.62655656273225
Node 5353, 278.93865295543384
Node 12287, 1036.1741797668676
Node 8864, 644.6300718274643
Node 3649, 163.17263938796265
Node 11704, 1004.7626826584113
Node 10243, 853.9071053133243
Node 8150, 555.3506122190612
Node 1061, 5.695815439160259
Node 10914, 971.2376408238079
Node 4431, 213.8279591796589
Node 2054, 72.35668084085675
Node 6840, 414.19170432675406
Node 12352, 1053.684209343517
Node 5396, 282.73888160502935
Node 4222, 200.66115158876417
Node 1900, 64.22271770712639
Node 2521, 98.97606225767576
Node 1502, 40.605550539020605
Node 1719, 53.61807012100427
Node 1280, 26.14542970684113
Node 11766, 1005.6224290038323
Node 6570, 384.2685693130669
Node 2300, 86.2948603185187
Node 1455, 37.403712221480696
Node 5932, 328.80022368005956
Node 1094, 9.416258682415542
Node 10636, 920.2998715211953
Node 1998, 69.2889102114151
Node 5850, 321.99926171865826
Node 2532, 99.6770678503098
Node 1758, 55.724134046225416
Node 5708, 308.95175315255585
Node 2767, 112.1966991740842
Node 12737, 1645.7694149355889
Node 12679, 1388.2804853028251
Node 12589, 1233.2796804320722
Node 12357, 1055.4596524928722
Node 10215, 849.4258982159329
Node 6614, 388.6539066104487
Node 6295, 358.1471608905989
Node 3056, 128.24144747685477
Node 1720, 53.659792096621004
Node 5422, 284.86460968548937
Node 3266, 140.50541023970385
Node 1348, 31.313048085032605
Node 1679, 51.53384309279671
Node 1242, 22.523893945979196
Node 4872, 244.08243314932687
Node 1430, 35.423612107461764
Node 1261, 24.3030598759288
Node 3290, 141.51848096934248
Node 8327, 576.1352606438697
Node 7149, 444.11620920944176
Node 3866, 176.3997279899435
Node 3043, 127.78732566382517
Node 2719, 109.14998237662776
Node 8147, 554.8578797665202
Node 3977, 183.77089325666972
Node 3240, 138.94315488558203
Node 1237, 22.12214022114061
Node 4898, 245.69447805379232
Node 12556, 1201.9562483659106
Node 12483, 1119.0705255840762
Node 11743, 1005.2543811126817
Node 4553, 221.7109668297876
Node 1490, 40.11707467816289
Node 11425, 1001.9702611689096
Node 8275, 571.1280982496369
Node 3035, 127.56058202929874
Node 8005, 538.5129938807004
Node 5508, 291.9659346414153
Node 2110, 76.4005890562166
Node 1143, 15.479209130436946
Node 3896, 179.0353704112115
Node 2274, 85.32968267976763
Node 3204, 136.9343854913144
Node 1462, 38.033169631693085
Node 8743, 628.386189329396
Node 6806, 410.953379542514
Node 2661, 106.37397636451011
Node 12420, 1079.9977347204563
Node 1711, 53.1358073261447
Node 11759, 1005.4954508796369
Node 3920, 180.09467225764803
Node 3079, 129.55215234120115
Node 3034, 127.54740408321076
Node 10253, 854.919686105359
Node 3247, 139.25143557226056
Node 8281, 571.6964390180926
Node 4277, 204.8255216745801
Node 3913, 179.8310671963185
Node 3564, 156.7102582438564
Node 2317, 87.37830842532865
Node 2350, 89.402647789298
Node 12496, 1126.7963354678675
Node 12295, 1038.5130939398898
Node 12011, 1011.914912558681
Node 11506, 1002.6208469258673
Node 6351, 362.676437820255
Node 5085, 258.8354934721814
Node 1339, 30.58505857187527
Node 5274, 273.2531067727248
Node 4081, 190.20978234474322
Node 1043, 3.1639595183697096
Node 12108, 1016.7542873033196
Node 7489, 479.29226071092285
Node 3350, 144.81390601153512
Node 4621, 226.54894581594144
Node 1134, 14.181790711418056
Node 11806, 1006.2293034073667
Node 6432, 370.80130861140424
Node 1106, 10.308055499411205
Node 8538, 602.2607946889126
Node 4760, 236.250778726089
Node 12354, 1053.9268887753904
Node 4548, 221.45822126674005
Node 2143, 77.66629225320209
Node 2257, 84.36054360592085
Node 12334, 1048.4342420355722
Node 8467, 592.8470751524208
Node 1085, 8.405533399647473
Node 7570, 488.50243817988974
Node 4459, 215.78119505678447
Node 7041, 432.5010815881204
Node 12293, 1038.3274981127104
Node 12176, 1021.445993864488
Node 4144, 195.26896060221236
Node 1035, 1.7022688589508506
Node 11958, 1009.934122542463
Node 7584, 490.00625365154025
Node 6456, 372.75664003646517
Node 3748, 169.89559101885735
Node 2312, 86.94980088063843
Node 1165, 16.875732082480745
Node 5558, 296.8648614753587
Node 3875, 177.25381068143642
Node 1304, 27.790474634417333
Node 3078, 129.49850694118604
Node 1020, 0.12638434699740664
Node 1827, 59.681551773758926
Node 7313, 459.8581370885443
Node 11788, 1005.8938019236862
Node 10418, 882.5041635604953
Node 5788, 317.1188568082411
Node 2992, 124.9768203851739
Node 1991, 68.91087721548487
Node 7699, 505.0122708851773
Node 1397, 33.64436883173146
Node 1058, 5.334844678345646
Node 4684, 231.04645785702616
Node 3225, 138.14580605471198
Node 2442, 94.76498413634506
Node 11365, 1001.431261582366
Node 11332, 1001.1390971600141
Node 8564, 605.5297417296547
Node 1371, 32.25388610814521
Node 6504, 377.4964450962308
Node 3466, 151.44060465910601
Node 1908, 64.60646316561346
Node 1804, 57.94770549214818
Node 1344, 31.207001440022868
Node 6231, 352.85275865438683
Node 1406, 34.13140608151371
Node 5726, 311.58900482436167
Node 1229, 21.52830887420609
Node 4829, 241.20652944464948
Node 3159, 134.4232260417478
Node 12220, 1026.6421020381645
Node 11122, 1000.1386170613067
Node 6907, 421.1126669918305
Node 5831, 320.1202156774609
Node 3570, 157.1384939218647
Node 4001, 185.22148453130177
Node 1181, 17.95238113504598
Node 6435, 371.04276841782973
Node 5927, 328.2363522700083
Node 2153, 78.19493219556662
Node 3434, 149.30271695675472
Node 1922, 65.31340055147317
Node 2622, 104.31785164218802
Node 9330, 709.5745564698094
Node 4112, 192.82935644144078
Node 7652, 498.54775710884564
Node 3573, 157.24509165888713
Node 1454, 37.33489163473225
Node 1178, 17.831726674241914
Node 4521, 220.22430326146724
Node 2978, 124.46213884599301
Node 1625, 48.463596343843705
Node 1210, 20.0426199810877
Node 11980, 1010.5318700336626
Node 6574, 384.4926868393204
Node 4586, 223.72018953849562
Node 1100, 10.005439878574535
Node 4015, 185.68370054414646
Node 5495, 291.2653365458256
Node 1766, 56.053126571364174
Node 11598, 1003.4625904507146
Node 10478, 891.5661177864991
Node 5668, 305.19331219329996
Node 10486, 892.6114179322602
Node 4479, 217.1005451892576
Node 12622, 1282.4139622114897
Node 12576, 1219.697067458559
Node 12155, 1019.7158814912693
Node 6631, 390.92345967041604
Node 11720, 1004.9459623239653
Node 8494, 596.5609949255371
Node 1290, 26.96700717334191
Node 7079, 435.6001328047175
Node 4989, 252.72203897922134
Node 2098, 75.34632660436462
Node 11519, 1002.7191824630811
Node 7886, 524.8665316536985
Node 6288, 357.75613793153707
Node 1637, 49.09003497747152
Node 1431, 35.57254623379804
Node 5209, 269.21803984186414
Node 1961, 67.20422108201937
Node 1818, 58.95405816306335
Node 1529, 42.26308957062777
Node 10822, 958.3188255087429
Node 8885, 647.8501604702639
Node 7650, 498.34932459956065
Node 5426, 285.3425012386987
Node 2383, 91.1225171308146
Node 2108, 76.26522811044816
Node 2111, 76.43182558907922
Node 7689, 503.6726909024987
Node 3023, 126.79347383027029
Node 5999, 334.3345104289779
Node 1443, 36.34682334127519
Node 1333, 30.203902492594224
Node 12225, 1027.1662883018266
Node 11634, 1003.8568058118384
Node 3072, 129.28013499728473
Node 10379, 875.4394308102302
Node 1044, 3.2389677800339105
Node 1833, 60.14636243489408
Node 12101, 1016.2249035272849
Node 1424, 35.221381857132904
Node 12090, 1015.7196724358704
Node 9331, 709.5839390619624
Node 7407, 469.64924956670404
Node 7148, 444.06428489185254
Node 4809, 239.76515863289652
Node 5618, 302.133433951906
Node 8842, 641.2847945867508
Node 11350, 1001.261242419633
Node 11213, 1000.5738727615752
Node 6165, 347.92654229007854
Node 1588, 46.22138133788968
Node 10768, 947.208032522598
Node 4556, 221.87907717829432
Node 2686, 107.66454749232906
Node 5675, 305.97196143092185
Node 3794, 172.98287144922244
Node 1335, 30.542808609737676
Node 1047, 3.8765695863507537
Node 5532, 294.08842787578186
Node 2641, 105.40398588940424
Node 1247, 22.90968192946362
Node 1118, 11.70528748601184
Node 1126, 12.552434205663253
Node 1612, 47.763072629641194
Node 5293, 275.4045770575111
Node 2885, 118.79722709372668
Node 12619, 1276.0132533605129
Node 12382, 1061.546846006133
Node 8087, 548.22151709815
Node 8019, 540.3078951177025
Node 7194, 448.42120569788983
Node 5540, 295.20099762996233
Node 2460, 95.59980778842323
Node 1124, 12.229353930071714
Node 6026, 336.0771108255884
Node 2649, 105.58907093273955
Node 1861, 62.039659727602
Node 4543, 221.3505346364299
Node 1039, 2.0363949754857646
Node 12312, 1041.5297775052118
Node 12188, 1022.6495903527797
Node 9286, 704.1353561330052
Node 1356, 31.651967223401016
Node 5248, 271.18760511728425
Node 3548, 156.09812922472673
Node 2099, 75.48526094865969
Node 1465, 38.30369110452748
Node 2697, 108.27977450075838
Node 4490, 218.00712510486824
Node 4109, 192.6388049227722
Node 1601, 47.13948678255123
Node 12258, 1031.8906803250766
Node 8353, 579.328299414586
Node 2681, 107.41662200999116
Node 1209, 20.013457030246325
Node 1224, 20.89502432851073
Node 8271, 570.8045466702584
Node 6113, 343.754354130749
Node 2912, 120.31582166149477
Node 3910, 179.57966859485958
Node 6123, 344.79761090741897
Node 1486, 39.91884602272096
Node 1419, 35.12862334645718
Node 1218, 20.52241127815508
Node 1182, 17.980736298215312
Node 4166, 196.8166082757416
Node 2513, 98.66010641388466
Node 2056, 72.50709354415885
Node 12249, 1030.2616678658742
Node 3212, 137.3111396405254
Node 1099, 9.723080129178342
Node 12191, 1023.2337757314882
Node 11812, 1006.2696819176966
Node 10421, 883.0127484540844
Node 11853, 1007.1131409685471
Node 3534, 155.31743103222558
Node 2953, 122.63760598849574
Node 4260, 203.21878867246758
Node 3045, 127.79899211337667
Node 12613, 1265.8737778036714
Node 12459, 1103.7424529180573
Node 7591, 490.51471195400836
Node 5315, 276.6469310172617
Node 2646, 105.50735505726192
Node 5055, 257.22740938777326
Node 4720, 233.28121510736443
Node 3004, 125.50068459588881
Node 2293, 85.97979754387705
Node 1079, 7.846608632255591
Node 12444, 1092.3880814974582
Node 2615, 104.07959078222535
Node 12374, 1058.9049166074028
Node 6645, 392.4775538731956
Node 3381, 146.24627207673265
Node 2384, 91.15157632512498
Node 4593, 224.4634650287782
Node 1482, 39.66869122430432
Node 3481, 152.28680335517558
Node 2735, 109.96035324349408
Node 1175, 17.713248326118645
Node 2327, 88.27787361994913
Node 1643, 49.47152831170464
Node 12110, 1017.1913001198042
Node 9033, 667.481969621093
Node 2167, 78.79989874557184
Node 2345, 89.07340116996848
Node 12559, 1205.6338017281066
Node 12216, 1025.8906248300154
Node 10197, 847.136400532011
Node 1028, 0.8296603414206466
Node 12144, 1019.0151411309198
Node 11922, 1009.0206920604064
Node 9136, 680.786716167523
Node 2549, 100.49866579718488
Node 1073, 7.169733453892225
Node 10602, 914.2892711318971
Node 3229, 138.3772764862289
Node 3186, 135.97215404611302
Node 1056, 4.890723735889663
Node 6929, 423.0478875027433
Node 3948, 182.29667589507636
Node 12143, 1019.0082435389977
Node 5849, 321.95365297013586
Node 7576, 488.8397271422922
Node 2073, 73.1904151597221
Node 12388, 1062.5009380407903
Node 12236, 1028.5441652650275
Node 11292, 1000.9228146288963
Node 6786, 408.6842262560619
Node 1492, 40.16184103414021
Node 4665, 229.72366164465524
Node 3352, 144.8370686600457
Node 1585, 46.143127372046266
Node 6876, 417.7850564523685
Node 4250, 202.97296897647283
Node 3452, 150.5470400840914
Node 2667, 106.60434594823343
Node 2278, 85.48610616811946
Node 11984, 1010.816710307861
Node 1408, 34.23815590558136
Node 7948, 532.7272189899738
Node 3349, 144.75204214791847
Node 1195, 18.85679719319726
Node 1177, 17.757287420208282
Node 4547, 221.4569062958068
Node 1582, 45.98938912208471
Node 1580, 45.78728569436221
Node 12242, 1029.1280401177817
Node 2239, 83.46588223312429
Node 10547, 902.701420403699
Node 4681, 230.55730162053206
Node 2756, 111.66668661604052
Node 1207, 19.845556516743013
Node 7774, 512.9258500158182
Node 12732, 1612.6360190631556
Node 12316, 1042.2593585604347
Node 12179, 1022.0675076730656
Node 1714, 53.34995469131579
Node 6978, 427.7483516452156
Node 3965, 183.18593200956704
Node 2843, 116.32705057527654
Node 2564, 101.42393928496557
Node 1357, 31.655530356299323
Node 2827, 115.52635078584345
Node 1717, 53.496517860792764
Node 1128, 12.770442123193725
Node 2015, 70.12022166995872
Node 3719, 168.12246608272702
Node 1362, 31.91731270764934
Node 1217, 20.392147540610093
Node 1548, 43.761241746708585
Node 5790, 317.1759488646988
Node 4187, 198.05373230960964
Node 4558, 222.0699889673449
Node 2060, 72.67133243243167
Node 1251, 23.35563035445818
Node 3832, 174.55676302155752
Node 12301, 1039.4201920190421
Node 10035, 821.1690869320714
Node 7721, 507.39517376220897
Node 3770, 171.71535815044876
Node 3339, 143.6841725667042
Node 7195, 448.46351513081726
Node 2147, 77.79747177482882
Node 1509, 41.01743365140311
Node 1349, 31.316238357564615
Node 5500, 291.56724284812424
Node 1052, 4.570855977127465
Node 2728, 109.69293121178494
Node 2569, 101.67636758746296
Node 2200, 80.64288008364055
Node 1226, 21.029871108562123
Node 8284, 571.9031079877772
Node 1023, 0.22946949520140641
Node 12115, 1017.6793293115111
Node 1250, 23.336928424364785
Node 9067, 671.1708760207421
Node 12648, 1325.133215116094
Node 12330, 1045.5251494629722
Node 12237, 1028.6085657482547
Node 7042, 432.51691729766424
Node 12045, 1013.5931872257496
Node 5612, 301.36116020405416
Node 2330, 88.31612678786338
Node 5074, 258.40822927351326
Node 9382, 716.4631811836678
Node 8630, 614.906209640094
Node 2944, 122.05410792646902
Node 1310, 28.473959033680654
Node 1065, 6.0452701362591545
Node 6318, 359.93191168123445
Node 2331, 88.32307167739404
Node 1343, 31.160838333132297
Node 12289, 1037.072477306211
Node 11032, 989.2303369252047
Node 5365, 280.06596840946537
Node 2038, 71.43741945543849
Node 9704, 769.2347799702763
Node 6164, 347.9035684135786
Node 3000, 125.36928048484242
Node 4381, 210.83841583415514
Node 1736, 54.58707876884579
Node 12270, 1033.029942777977
Node 8155, 555.7660257147618
Node 6995, 428.7809695426643
Node 2428, 93.89173519030872
Node 12219, 1026.5913180313382
Node 8757, 630.2500949581257
Node 5647, 303.701914797042
Node 3106, 131.27622514426852
Node 2502, 97.82931821649683
Node 12185, 1022.5254322475151
Node 7979, 536.2479443938657
Node 6724, 400.9859040494368
Node 4293, 205.87481017053392
Node 2720, 109.17886814798221
Node 1555, 44.14763771268096
Node 1299, 27.607739129181155
Node 3139, 133.27005201941606
Node 1133, 14.113129636791532
Node 1101, 10.144307809826852
Node 1770, 56.160426669913605
Node 1080, 7.9943796784332415
Node 7884, 524.5758959229333
Node 5189, 267.5306569699887
Node 2360, 90.04243065926397
Node 1386, 33.00393821971536
Node 1255, 23.726444305400072
Node 1383, 32.90727569925327
Node 1294, 27.0718203477783
Node 11677, 1004.3292749422963
Node 9442, 726.7025189068779
Node 6787, 408.7220715001845
Node 1504, 40.65045898515199
Node 9142, 681.1107018586714
Node 7518, 482.9566425018063
Node 1089, 8.579050008800051
Node 3097, 130.53193295555988
Node 1142, 15.4117389116512
Node 1171, 17.274980114170216
Node 12491, 1123.1017074799306
Node 12201, 1024.269552339932
Node 3973, 183.60521419879223
Node 1525, 41.87398294313362
Node 3712, 167.82869254535126
Node 11949, 1009.7242550290724
Node 8802, 635.9812441000181
Node 2696, 108.20465435042726
Node 1973, 67.79352204820796
Node 1853, 61.31819737895049
Node 7938, 530.97089875246
Node 6299, 358.4029212293304
Node 7496, 480.1965077878078
Node 6908, 421.53469746599706
Node 2216, 81.8940846312236
Node 6828, 413.03571851751894
Node 5024, 255.5098395229613
Node 1049, 4.07712389325922
Node 1364, 31.992763831755394
Node 10764, 946.3386130852774
Node 6329, 360.73057509022925
Node 12355, 1054.1731062253104
Node 12211, 1025.5427331735336
Node 8122, 552.5993595930031
Node 3731, 168.94259057303685
Node 1060, 5.6309293030959875
Node 6640, 392.01900772917617
Node 3125, 132.11836962169724
Node 3936, 181.3883475665067
Node 1877, 62.90637375204538
Node 9908, 801.1340939659881
Node 1661, 50.37913518183646
Node 9643, 762.765608766447
Node 1437, 36.11976702122947
Node 1070, 6.663751738166265
Node 4821, 240.41183226116237
Node 2634, 105.13298736202198
Node 12244, 1029.4694039592814
Node 12001, 1011.6261081998875
Node 9823, 787.2808021122822
Node 10433, 884.3811613655945
Node 4489, 217.9624947208138
Node 4328, 207.7344549971983
Node 1822, 59.17532069032518
Node 12180, 1022.0971552525352
Node 11652, 1004.0322018415642
Node 2910, 119.92743707278689
Node 2462, 95.69357081224479
Node 1031, 1.4640392552284505
Node 1589, 46.5124957421207
Node 1187, 18.2973051493796
Node 1394, 33.43681617223325
Node 7130, 441.6967002243084
Node 4645, 228.40741643536967
Node 1239, 22.155804668466832
Node 2249, 83.97064976936072
Node 11961, 1010.0607428144276
Node 1107, 10.370520386792824
Node 9424, 724.3218985489603
Node 8705, 624.1116260109976
Node 5590, 299.38617966970634
Node 2626, 104.64582753597936
Node 7256, 454.4971823033402
Node 2657, 106.05460878647037
