node_generations, branch_length
2369.7611101977486, 2110.808654977705
1247.5164071582417, 1122.244703039507
1070.8368286115056, 176.67957854673614
1016.6675750498707, 54.16925356163483
1004.2335088642321, 12.434066185638585
724.0058032837068, 280.22770558052537
169.24256677641995, 554.7632365072868
91.88937056128083, 77.35319621513912
16.848715159868174, 75.04065540141265
0.0, 16.848715159868174
2.613455798830907, 14.235259361037267
0.0, 2.613455798830907
0.0, 2.613455798830907
86.2694193787262, 5.6199511825546296
0.0, 86.2694193787262
0.0, 86.2694193787262
136.16332493608203, 33.079241840337914
0.0, 136.16332493608203
97.26014523464423, 38.90317970143781
45.51691422039793, 51.7432310142463
0.0, 45.51691422039793
0.0, 45.51691422039793
90.77462355044318, 6.485521684201046
0.0, 90.77462355044318
0.0, 90.77462355044318
524.3411086321088, 199.66469465159798
12.534431035190643, 511.8066775969181
5.922399068580515, 6.612031966610128
0.0, 5.922399068580515
0.0, 5.922399068580515
7.768477542171843, 4.7659534930188
0.0, 7.768477542171843
0.0, 7.768477542171843
97.26939267539976, 427.071715956709
0.0, 97.26939267539976
11.15841116240784, 86.11098151299191
0.0, 11.15841116240784
0.0, 11.15841116240784
939.2531980698866, 64.98031079434554
0.0, 939.2531980698866
604.353333702438, 334.8998643674486
229.4041151792916, 374.94921852314644
0.0, 229.4041151792916
0.0, 229.4041151792916
365.1477947001797, 239.20553900225832
11.460528049767591, 353.6872666504121
0.0, 11.460528049767591
0.0, 11.460528049767591
241.35722827810167, 123.79056642207803
0.0, 241.35722827810167
63.07912562061897, 178.2781026574827
0.0, 63.07912562061897
0.0, 63.07912562061897
1009.7028993891324, 6.964675660738294
271.0537709866783, 738.6491284024542
0.0, 271.0537709866783
25.738296878348645, 245.31547410832962
0.0, 25.738296878348645
3.762726254710126, 21.975570623638518
0.0, 3.762726254710126
0.0, 3.762726254710126
335.74085363954714, 673.9620457495853
0.0, 335.74085363954714
112.42987078506597, 223.31098285448115
0.0, 112.42987078506597
0.0, 112.42987078506597
1053.6781814730573, 17.15864713844826
1026.617396162544, 27.06078531051321
416.6366426379023, 609.9807535246418
0.0, 416.6366426379023
324.8540520132995, 91.78259062460279
0.0, 324.8540520132995
0.0, 324.8540520132995
516.9092682304419, 509.70812793210223
0.0, 516.9092682304419
0.0, 516.9092682304419
1029.0279029630738, 24.650278509983536
830.224120890025, 198.80378207304875
137.90217649641778, 692.3219443936073
0.0, 137.90217649641778
0.0, 137.90217649641778
611.2726928403827, 218.95142804964235
325.94056065084607, 285.3321321895366
36.66331159953583, 289.27724905131026
0.0, 36.66331159953583
0.0, 36.66331159953583
246.0387524067638, 79.90180824408228
8.14501451489771, 237.89373789186607
0.0, 8.14501451489771
0.0, 8.14501451489771
83.18363343803398, 162.8551189687298
0.0, 83.18363343803398
0.0, 83.18363343803398
529.777023527043, 81.4956693133397
92.44916692938688, 437.3278565976561
52.83348282217105, 39.61568410721583
0.0, 52.83348282217105
46.863007257521836, 5.970475564649213
0.0, 46.863007257521836
7.35222419741399, 39.51078306010785
0.0, 7.35222419741399
0.0, 7.35222419741399
77.09110571556414, 15.358061213822737
0.0, 77.09110571556414
0.0, 77.09110571556414
485.51275010449274, 44.26427342255022
0.0, 485.51275010449274
156.930727952041, 328.5820221524517
0.0, 156.930727952041
0.0, 156.930727952041
1016.9369732906081, 12.090929672465677
210.2630149265999, 806.6739583640082
0.0, 210.2630149265999
208.33216368095663, 1.9308512456432823
0.0, 208.33216368095663
12.87906313528203, 195.4531005456746
0.0, 12.87906313528203
0.0, 12.87906313528203
1002.6623129930163, 14.274660297591822
25.067952954466953, 977.5943600385493
0.0, 25.067952954466953
0.0, 25.067952954466953
854.5513614366992, 148.1109515563171
470.0374654044237, 384.51389603227545
20.643934062146425, 449.3935313422773
0.0, 20.643934062146425
0.0, 20.643934062146425
467.761272707899, 2.2761926965246744
88.40656142340329, 379.35471128449575
0.0, 88.40656142340329
0.0, 88.40656142340329
288.19015495719293, 179.5711177507061
0.0, 288.19015495719293
139.56837746406467, 148.62177749312826
0.0, 139.56837746406467
0.0, 139.56837746406467
726.7586763485776, 127.79268508812152
374.33009123389354, 352.4285851146841
34.69427327638806, 339.6358179575055
0.0, 34.69427327638806
0.0, 34.69427327638806
202.47222717308426, 171.85786406080928
0.0, 202.47222717308426
90.66510817935452, 111.80711899372974
0.0, 90.66510817935452
0.0, 90.66510817935452
530.1215126682085, 196.6371636803691
332.038016814916, 198.08349585329256
104.11964903998006, 227.91836777493592
0.0, 104.11964903998006
75.93446788903863, 28.185181150941432
0.0, 75.93446788903863
0.0, 75.93446788903863
156.8952688262141, 175.14274798870187
0.0, 156.8952688262141
86.07336339884013, 70.82190542737398
0.0, 86.07336339884013
77.27290131956843, 8.800462079271696
0.0, 77.27290131956843
58.443123717599725, 18.829777601968708
0.0, 58.443123717599725
0.0, 58.443123717599725
450.0719933018063, 80.04951936640225
0.0, 450.0719933018063
43.32673208086924, 406.74526122093704
0.0, 43.32673208086924
20.69029107715488, 22.636441003714364
0.0, 20.69029107715488
0.0, 20.69029107715488
1142.2148083138804, 105.30159884436125
390.9567269975156, 751.2580813163648
0.0, 390.9567269975156
94.47473927070959, 296.481987726806
0.0, 94.47473927070959
0.0, 94.47473927070959
1057.1516962240312, 85.06311208984926
80.99499153239941, 976.1567046916318
28.053635855359897, 52.94135567703951
0.0, 28.053635855359897
0.0, 28.053635855359897
58.671016263023674, 22.323975269375737
0.0, 58.671016263023674
0.0, 58.671016263023674
553.0367738281611, 504.11492239587005
379.267701119182, 173.76907270897914
0.0, 379.267701119182
355.1751850490971, 24.092516070084912
0.0, 355.1751850490971
140.9870076585383, 214.1881773905588
0.0, 140.9870076585383
0.0, 140.9870076585383
482.6622376299827, 70.37453619817842
0.0, 482.6622376299827
240.13791925386133, 242.52431837612139
0.0, 240.13791925386133
130.2384448994124, 109.89947435444893
0.0, 130.2384448994124
35.33523861578156, 94.90320628363084
0.0, 35.33523861578156
0.0, 35.33523861578156
1632.8002748098288, 736.9608353879198
1236.7681147498445, 396.03216005998434
1039.9775349202407, 196.79057982960376
292.5221170891928, 747.455417831048
0.0, 292.5221170891928
207.14087921521863, 85.38123787397419
0.0, 207.14087921521863
171.26752195792727, 35.87335725729136
0.0, 171.26752195792727
135.3467792012694, 35.92074275665786
0.0, 135.3467792012694
50.33635024683642, 85.010428954433
0.0, 50.33635024683642
0.0, 50.33635024683642
1012.2321245447389, 27.74541037550182
166.05545815936756, 846.1766663853714
0.0, 166.05545815936756
133.07193545035247, 32.98352270901509
0.0, 133.07193545035247
55.03164399799441, 78.04029145235806
0.0, 55.03164399799441
12.214944891412264, 42.81669910658214
0.0, 12.214944891412264
0.0, 12.214944891412264
1000.198216620461, 12.033907924277855
0.0, 1000.198216620461
167.9877787716755, 832.2104378487855
0.0, 167.9877787716755
0.0, 167.9877787716755
1155.3354430520192, 81.4326716978253
1009.3301012554479, 146.00534179657132
230.11239308763066, 779.2177081678171
0.0, 230.11239308763066
184.21789662192148, 45.89449646570918
0.0, 184.21789662192148
0.0, 184.21789662192148
1002.3215711917134, 7.008530063734497
731.9810246153478, 270.34054657636557
0.0, 731.9810246153478
347.89819101061875, 384.08283360472905
0.0, 347.89819101061875
321.7267200584825, 26.171470952136247
165.800061795857, 155.9266582626255
0.0, 165.800061795857
112.89369948226329, 52.90636231359372
0.0, 112.89369948226329
4.666585121087807, 108.22711436117548
0.0, 4.666585121087807
0.0, 4.666585121087807
168.33632678670284, 153.39039327177966
0.0, 168.33632678670284
140.52417737039303, 27.812149416309808
0.0, 140.52417737039303
0.0, 140.52417737039303
852.4622063240339, 149.85936486767946
182.00842072242733, 670.4537856016066
0.0, 182.00842072242733
0.0, 182.00842072242733
804.327815742229, 48.13439058180495
32.91522859211668, 771.4125871501122
0.0, 32.91522859211668
25.260021571542048, 7.655207020574629
0.0, 25.260021571542048
0.0, 25.260021571542048
340.38068324557537, 463.9471324966536
214.94324208339046, 125.43744116218491
0.0, 214.94324208339046
0.0, 214.94324208339046
262.09460173037485, 78.28608151520052
48.18936711211491, 213.90523461825995
0.0, 48.18936711211491
0.0, 48.18936711211491
83.05945506168744, 179.0351466686874
0.0, 83.05945506168744
23.629059445936218, 59.43039561575122
0.0, 23.629059445936218
0.0, 23.629059445936218
1077.1777191895683, 78.1577238624509
584.7858740886377, 492.3918451009306
195.35158960357842, 389.43428448505927
117.645483184502, 77.70610641907642
10.460213402594084, 107.18526978190792
0.0, 10.460213402594084
0.0, 10.460213402594084
23.38757226257298, 94.25791092192901
0.0, 23.38757226257298
0.0, 23.38757226257298
119.49115939522075, 75.86043020835767
0.0, 119.49115939522075
0.0, 119.49115939522075
330.22479642013525, 254.56107766850243
0.0, 330.22479642013525
255.9330094117986, 74.29178700833666
54.65927369806277, 201.27373571373582
0.0, 54.65927369806277
0.0, 54.65927369806277
80.53176144559579, 175.4012479662028
0.0, 80.53176144559579
55.79506896150738, 24.736692484088408
0.0, 55.79506896150738
0.0, 55.79506896150738
1076.905118122, 0.2726010675683028
1013.524468618778, 63.380649503222
407.1862277029561, 606.3382409158219
0.0, 407.1862277029561
335.46342047748755, 71.72280722546856
0.0, 335.46342047748755
235.29438126640107, 100.16903921108647
16.03375580511491, 219.26062546128617
0.0, 16.03375580511491
0.0, 16.03375580511491
86.98042751468844, 148.31395375171263
0.0, 86.98042751468844
0.0, 86.98042751468844
794.8438602630121, 218.6806083557659
0.0, 794.8438602630121
46.47837297056382, 748.3654872924483
0.0, 46.47837297056382
0.0, 46.47837297056382
1049.5870524948168, 27.31806562718316
398.23266122652126, 651.3543912682956
0.0, 398.23266122652126
0.0, 398.23266122652126
798.4051994761285, 251.18185301868834
266.8449118021093, 531.5602876740192
108.61571017445861, 158.2292016276507
0.0, 108.61571017445861
101.15685402342675, 7.458856151031867
0.0, 101.15685402342675
60.182718432581446, 40.9741355908453
0.0, 60.182718432581446
0.0, 60.182718432581446
207.89548260082827, 58.94942920128105
0.0, 207.89548260082827
0.0, 207.89548260082827
637.8622204486148, 160.54297902751364
0.0, 637.8622204486148
264.0541367017189, 373.80808374689593
53.67810114195591, 210.37603555976298
0.0, 53.67810114195591
0.0, 53.67810114195591
212.0706868258249, 51.983449875893996
0.0, 212.0706868258249
78.08871189413038, 133.98197493169454
0.0, 78.08871189413038
0.0, 78.08871189413038
1393.333042464135, 239.4672323456939
1301.8570484328745, 91.47599403126037
239.61223376148908, 1062.2448146713855
180.23162223920758, 59.3806115222815
0.0, 180.23162223920758
31.266575475798668, 148.9650467634089
0.0, 31.266575475798668
28.17359944946608, 3.092976026332586
0.0, 28.17359944946608
0.0, 28.17359944946608
217.42947465422301, 22.182759107266065
0.0, 217.42947465422301
172.13364965350664, 45.29582500071638
0.0, 172.13364965350664
24.569817297436217, 147.5638323560704
0.0, 24.569817297436217
22.21220390106839, 2.357613396367828
0.0, 22.21220390106839
0.0, 22.21220390106839
1166.720372514895, 135.13667591797957
1063.2298028374732, 103.49056967742172
1041.6530732854987, 21.576729551974495
149.4426013735666, 892.2104719119321
0.0, 149.4426013735666
0.0, 149.4426013735666
1012.5298065711027, 29.123266714396095
257.82072470931837, 754.7090818617843
5.243936552518809, 252.57678815679955
0.0, 5.243936552518809
0.0, 5.243936552518809
145.10903614054845, 112.71168856876992
0.0, 145.10903614054845
0.0, 145.10903614054845
1010.1420173948486, 2.3877891762540457
26.320429711419727, 983.8215876834289
0.0, 26.320429711419727
0.0, 26.320429711419727
1007.7562267696329, 2.385790625215691
366.4394783360103, 641.3167484336226
130.04413354965013, 236.3953447863602
44.27613409524795, 85.76799945440217
0.0, 44.27613409524795
0.0, 44.27613409524795
99.73004807108704, 30.314085478563086
0.0, 99.73004807108704
0.0, 99.73004807108704
328.8943479589727, 37.54513037703765
0.0, 328.8943479589727
207.47648082709193, 121.41786713188074
11.908007543313726, 195.56847328377822
0.0, 11.908007543313726
0.0, 11.908007543313726
107.64164105280345, 99.83483977428848
0.0, 107.64164105280345
78.41223789966446, 29.22940315313899
0.0, 78.41223789966446
17.89403209207605, 60.518205807588416
0.0, 17.89403209207605
0.0, 17.89403209207605
1002.376739037608, 5.379487732024927
314.315270365236, 688.061468672372
124.53662085788632, 189.7786495073497
45.1904929872248, 79.34612787066152
0.0, 45.1904929872248
37.69247810188396, 7.498014885340844
0.0, 37.69247810188396
0.0, 37.69247810188396
113.89257715514633, 10.644043702739992
0.0, 113.89257715514633
78.72881115220638, 35.16376600293995
0.0, 78.72881115220638
6.2656130075138305, 72.46319814469254
0.0, 6.2656130075138305
0.0, 6.2656130075138305
221.699550918111, 92.61571944712503
0.0, 221.699550918111
49.565075755334014, 172.13447516277697
0.0, 49.565075755334014
0.0, 49.565075755334014
353.05194113743386, 649.3247979001742
0.0, 353.05194113743386
0.0, 353.05194113743386
1045.498533239014, 17.73126959845922
1005.6467001891442, 39.85183304986981
0.0, 1005.6467001891442
794.9028800581535, 210.74382013099068
0.0, 794.9028800581535
28.459938299092997, 766.4429417590605
0.0, 28.459938299092997
0.0, 28.459938299092997
1036.0548321934082, 9.443701045605849
329.244767234559, 706.8100649588491
0.0, 329.244767234559
119.23336839118308, 210.0113988433759
0.0, 119.23336839118308
20.83269375926063, 98.40067463192244
0.0, 20.83269375926063
0.0, 20.83269375926063
1021.1338981117987, 14.920934081609516
1008.1506790948541, 12.983219016944531
557.3936439016774, 450.75703519317676
48.54767392437198, 508.8459699773054
0.0, 48.54767392437198
0.0, 48.54767392437198
149.50209263579356, 407.8915512658838
0.0, 149.50209263579356
43.535632509198074, 105.96646012659548
0.0, 43.535632509198074
0.0, 43.535632509198074
851.14686840294, 157.00381069191417
669.2371191764083, 181.90974922653163
0.0, 669.2371191764083
225.4829933305807, 443.7541258458276
0.0, 225.4829933305807
35.476676098903766, 190.00631723167695
0.0, 35.476676098903766
0.0, 35.476676098903766
759.1121194918727, 92.03474891106725
20.853707075014228, 738.2584124168585
0.0, 20.853707075014228
0.0, 20.853707075014228
86.62175485034624, 672.4903646415264
0.0, 86.62175485034624
0.0, 86.62175485034624
1009.9120808756279, 11.22181723617075
590.3387535187121, 419.5733273569158
153.1352987903654, 437.20345472834674
0.0, 153.1352987903654
108.56499453370573, 44.57030425665967
0.0, 108.56499453370573
0.0, 108.56499453370573
306.3797813503156, 283.9589721683965
28.81348533997846, 277.56629601033717
0.0, 28.81348533997846
0.0, 28.81348533997846
30.31269387069631, 276.0670874796193
0.0, 30.31269387069631
0.0, 30.31269387069631
1005.486751363607, 4.42532951202088
378.4510046561966, 627.0357467074105
0.0, 378.4510046561966
256.6601952827269, 121.7908093734697
0.0, 256.6601952827269
31.516710458082123, 225.14348482464476
0.0, 31.516710458082123
12.936706123284733, 18.58000433479739
0.0, 12.936706123284733
0.0, 12.936706123284733
1001.5995983827854, 3.887152980821611
641.9460355701981, 359.6535628125873
0.0, 641.9460355701981
292.28670767610555, 349.65932789409254
0.0, 292.28670767610555
151.50770924917424, 140.7789984269313
79.80691846115984, 71.7007907880144
0.0, 79.80691846115984
27.890467892934005, 51.916450568225834
0.0, 27.890467892934005
0.0, 27.890467892934005
137.16833558563746, 14.339373663536776
0.0, 137.16833558563746
0.0, 137.16833558563746
828.6292551501676, 172.97034323261778
466.74114068923467, 361.88811446093297
0.0, 466.74114068923467
412.2911464015637, 54.44999428767096
0.0, 412.2911464015637
288.11540169598686, 124.17574470557685
0.0, 288.11540169598686
32.03150388697653, 256.08389780901035
0.0, 32.03150388697653
0.0, 32.03150388697653
474.6201213907527, 354.00913375941496
0.0, 474.6201213907527
386.45599537452915, 88.16412601622352
67.5395022198169, 318.91649315471227
0.0, 67.5395022198169
0.0, 67.5395022198169
78.11300520300733, 308.3429901715218
0.0, 78.11300520300733
0.0, 78.11300520300733
1151.3594528214028, 15.360919693492178
1061.491656107202, 89.86779671420072
1022.4425864139744, 39.04906969322769
744.7788595169385, 277.6637268970359
481.9608171003301, 262.8180424166084
309.3031828705643, 172.6576342297658
0.0, 309.3031828705643
57.31485771584885, 251.98832515471543
0.0, 57.31485771584885
0.0, 57.31485771584885
309.7327049178755, 172.2281121824546
183.40911732125238, 126.3235875966231
0.0, 183.40911732125238
156.87208644386374, 26.537030877388645
0.0, 156.87208644386374
66.9012494665366, 89.97083697732714
0.0, 66.9012494665366
45.242925719783, 21.658323746753595
0.0, 45.242925719783
0.0, 45.242925719783
284.5034406794219, 25.229264238453595
0.0, 284.5034406794219
76.21396987610015, 208.28947080332173
0.0, 76.21396987610015
13.088914471076786, 63.12505540502337
0.0, 13.088914471076786
0.0, 13.088914471076786
675.5080774823872, 69.2707820345513
318.99002139913284, 356.51805608325435
0.0, 318.99002139913284
123.55254085761683, 195.437480541516
47.658515871484006, 75.89402498613282
0.0, 47.658515871484006
0.0, 47.658515871484006
65.77811994353928, 57.77442091407755
0.0, 65.77811994353928
0.18817776750215698, 65.58994217603713
0.0, 0.18817776750215698
0.0, 0.18817776750215698
388.26865150239246, 287.23942597999473
0.0, 388.26865150239246
207.46001221100676, 180.8086392913857
0.0, 207.46001221100676
0.0, 207.46001221100676
1013.2127935072044, 9.229792906769944
364.51829627921313, 648.6944972279913
0.0, 364.51829627921313
91.83359879283286, 272.6846974863803
0.0, 91.83359879283286
0.0, 91.83359879283286
877.9694921377984, 135.24330136940603
70.65117705847892, 807.3183150793195
0.0, 70.65117705847892
0.0, 70.65117705847892
838.6596420950318, 39.309850042766584
492.0495832895073, 346.6100588055245
0.0, 492.0495832895073
0.0, 492.0495832895073
744.7340617439268, 93.92558035110505
402.7902980630668, 341.94376368085994
215.4947212143849, 187.29557684868192
8.182817252576168, 207.31190396180872
0.0, 8.182817252576168
0.0, 8.182817252576168
94.21033575940982, 121.28438545497508
0.0, 94.21033575940982
44.762058402557656, 49.44827735685216
0.0, 44.762058402557656
1.9407636588514319, 42.821294743706225
0.0, 1.9407636588514319
0.0, 1.9407636588514319
291.96990875637874, 110.82038930668807
0.0, 291.96990875637874
0.0, 291.96990875637874
681.5567021941549, 63.177359549771836
70.66230813685749, 610.8943940572974
0.0, 70.66230813685749
69.49448570845638, 1.1678224284011094
0.0, 69.49448570845638
0.0, 69.49448570845638
555.4387544393978, 126.1179477547571
226.47132690054733, 328.96742753885053
0.0, 226.47132690054733
107.79414156977049, 118.67718533077684
0.0, 107.79414156977049
0.0, 107.79414156977049
487.5594837512393, 67.8792706881585
285.7498634678908, 201.80962028334852
18.869756554794286, 266.88010691309654
0.0, 18.869756554794286
0.0, 18.869756554794286
101.62485549643549, 184.12500797145532
0.0, 101.62485549643549
63.550480619294376, 38.07437487714111
0.0, 63.550480619294376
0.0, 63.550480619294376
353.7375649682312, 133.82191878300813
116.15307879455438, 237.58448617367682
0.0, 116.15307879455438
0.0, 116.15307879455438
130.16810703674807, 223.56945793148313
47.34249333635682, 82.82561370039124
0.0, 47.34249333635682
0.0, 47.34249333635682
71.96247511158784, 58.20563192516023
0.0, 71.96247511158784
0.0, 71.96247511158784
1032.7306703657878, 28.760985741414288
596.1444114157448, 436.586258950043
369.27242768180844, 226.87198373393636
0.0, 369.27242768180844
65.71938607736305, 303.5530416044454
0.0, 65.71938607736305
0.0, 65.71938607736305
430.72143039956427, 165.42298101618053
153.50399105920667, 277.2174393403576
126.37342209906787, 27.130568960138802
0.0, 126.37342209906787
98.10253581722894, 28.270886281838926
0.0, 98.10253581722894
20.55283657839106, 77.54969923883789
3.2045407064388596, 17.3482958719522
0.0, 3.2045407064388596
0.0, 3.2045407064388596
4.82021050881255, 15.732626069578508
0.0, 4.82021050881255
0.0, 4.82021050881255
150.01473759901694, 3.4892534601897296
0.0, 150.01473759901694
0.0, 150.01473759901694
166.20051259534304, 264.5209178042212
0.0, 166.20051259534304
124.24994597234176, 41.95056662300128
0.0, 124.24994597234176
0.0, 124.24994597234176
875.0752541256968, 157.65541624009097
403.02071041980264, 472.05454370589416
0.0, 403.02071041980264
392.0467497208996, 10.973960698903056
14.66472098519652, 377.38202873570305
0.0, 14.66472098519652
0.0, 14.66472098519652
271.9135454897057, 120.13320423119387
102.96918261294137, 168.94436287676433
0.0, 102.96918261294137
0.0, 102.96918261294137
124.67404465390676, 147.23950083579894
0.0, 124.67404465390676
0.0, 124.67404465390676
850.3577599310822, 24.717494194614574
0.0, 850.3577599310822
578.0168038767022, 272.34095605438006
286.9501483375337, 291.0666555391685
0.0, 286.9501483375337
0.0, 286.9501483375337
559.7380601851785, 18.278743691523687
0.0, 559.7380601851785
456.8124806251043, 102.9255795600742
150.34914443397807, 306.46333619112625
0.0, 150.34914443397807
122.42995972884631, 27.919184705131755
0.0, 122.42995972884631
49.12628753068692, 73.30367219815939
0.0, 49.12628753068692
30.390683364147907, 18.735604166539016
0.0, 30.390683364147907
0.0, 30.390683364147907
246.37380743916597, 210.4386731859383
40.10410420906623, 206.26970323009974
0.0, 40.10410420906623
0.0, 40.10410420906623
97.22679669461928, 149.1470107445467
43.29347839721211, 53.93331829740717
0.0, 43.29347839721211
0.0, 43.29347839721211
54.88201840306746, 42.34477829155182
0.0, 54.88201840306746
0.0, 54.88201840306746
1133.4544731294388, 17.904979691963945
1039.8986599294317, 93.55581320000715
1025.1965808065295, 14.702079122902205
1001.2159021221029, 23.980678684426607
0.0, 1001.2159021221029
226.23772561789406, 774.9781765042088
0.0, 226.23772561789406
112.7517206706823, 113.48600494721175
70.31465755289335, 42.43706311778895
0.0, 70.31465755289335
17.027180819418938, 53.28747673347441
0.0, 17.027180819418938
1.0674851867262052, 15.959695632692732
0.0, 1.0674851867262052
0.0, 1.0674851867262052
96.43858758196572, 16.313133088716583
0.0, 96.43858758196572
34.67067183110417, 61.76791575086155
0.0, 34.67067183110417
0.0, 34.67067183110417
1006.0032040043259, 19.193376802203602
0.0, 1006.0032040043259
701.3512410450056, 304.65196295932026
383.02572830172466, 318.32551274328097
114.59830969437353, 268.4274186073511
0.0, 114.59830969437353
0.0, 114.59830969437353
250.23886146463371, 132.78686683709094
0.0, 250.23886146463371
77.87644823177283, 172.3624132328609
0.0, 77.87644823177283
19.22283866074198, 58.65360957103084
0.0, 19.22283866074198
0.0, 19.22283866074198
506.4262972100682, 194.92494383493744
0.0, 506.4262972100682
0.0, 506.4262972100682
1030.0321816246417, 9.866478304790007
0.0, 1030.0321816246417
1003.6775717967873, 26.354609827854347
0.0, 1003.6775717967873
150.47508626497722, 853.2024855318101
0.0, 150.47508626497722
0.0, 150.47508626497722
1046.0790087899575, 87.37546433948137
794.8847370428667, 251.19427174709074
120.08428053387813, 674.8004565089886
0.0, 120.08428053387813
23.685539178321434, 96.3987413555567
0.0, 23.685539178321434
0.0, 23.685539178321434
518.0414937353106, 276.8432433075561
0.0, 518.0414937353106
200.031991933704, 318.0095018016066
182.61100958036607, 17.420982353337934
0.0, 182.61100958036607
89.16025788703998, 93.4507516933261
34.89576629597497, 54.264491591065
0.0, 34.89576629597497
0.0, 34.89576629597497
82.4348598356209, 6.725398051419077
0.0, 82.4348598356209
0.0, 82.4348598356209
189.49039488229297, 10.541597051411031
0.0, 189.49039488229297
0.0, 189.49039488229297
1025.4681306829502, 20.610878107007238
843.4474465838736, 182.02068409907668
0.0, 843.4474465838736
206.9428582304992, 636.5045883533744
136.22380195280616, 70.71905627769306
57.50206946839407, 78.72173248441209
0.0, 57.50206946839407
0.0, 57.50206946839407
120.46771351520678, 15.756088437599374
9.63033426197067, 110.83737925323611
0.0, 9.63033426197067
0.0, 9.63033426197067
30.090332877391628, 90.37738063781515
0.0, 30.090332877391628
0.0, 30.090332877391628
178.19137046996462, 28.751487760534587
58.443724977217705, 119.74764549274693
0.0, 58.443724977217705
0.0, 58.443724977217705
115.94614406175496, 62.24522640820966
0.0, 115.94614406175496
69.56168310351563, 46.38446095823933
0.0, 69.56168310351563
48.51862454153926, 21.043058561976373
0.0, 48.51862454153926
40.97297452348344, 7.545650018055824
0.0, 40.97297452348344
0.0, 40.97297452348344
1004.3626085742508, 21.10552210869946
0.0, 1004.3626085742508
1001.0547917738902, 3.3078168003605697
187.25925794302384, 813.7955338308664
0.0, 187.25925794302384
22.96172443647294, 164.2975335065509
0.0, 22.96172443647294
0.0, 22.96172443647294
837.9184968957032, 163.13629487818696
149.1628260609541, 688.7556708347491
0.0, 149.1628260609541
119.49444682731537, 29.66837923363873
0.0, 119.49444682731537
95.11735014332454, 24.37709668399083
0.0, 95.11735014332454
10.93709392678743, 84.18025621653712
0.0, 10.93709392678743
0.0, 10.93709392678743
783.4583433837848, 54.460153511918406
0.0, 783.4583433837848
191.2618281731484, 592.1965152106364
0.0, 191.2618281731484
0.0, 191.2618281731484
1351.5034917677494, 41.82955069638547
1284.6073323992937, 66.89615936845576
1118.6869387342601, 165.92039366503354
1044.7125745318756, 73.97436420238455
755.9650382686216, 288.747536263254
143.88963616913867, 612.075402099483
0.0, 143.88963616913867
53.34115864469143, 90.54847752444724
0.0, 53.34115864469143
0.0, 53.34115864469143
248.72186442244782, 507.24317384617376
0.0, 248.72186442244782
235.2778062956463, 13.444058126801536
0.0, 235.2778062956463
41.722111368941796, 193.5556949267045
0.0, 41.722111368941796
0.0, 41.722111368941796
1008.0869111019082, 36.6256634299674
0.0, 1008.0869111019082
582.9277161117692, 425.159194990139
282.2203371259209, 300.7073789858483
0.0, 282.2203371259209
0.0, 282.2203371259209
284.10525696115474, 298.82245915061446
0.0, 284.10525696115474
13.0393583397787, 271.06589862137605
0.0, 13.0393583397787
0.0, 13.0393583397787
1080.590087535856, 38.09685119840424
254.99734449102218, 825.5927430448337
0.0, 254.99734449102218
239.39298821698455, 15.604356274037627
39.96208077890234, 199.43090743808222
0.0, 39.96208077890234
14.103405585699885, 25.858675193202455
0.0, 14.103405585699885
0.0, 14.103405585699885
52.52774688567352, 186.86524133131104
0.0, 52.52774688567352
0.0, 52.52774688567352
1045.2995300954576, 35.29055744039829
199.46700623922638, 845.8325238562312
0.0, 199.46700623922638
52.691059967888506, 146.7759462713379
0.0, 52.691059967888506
32.299283013126626, 20.39177695476188
0.0, 32.299283013126626
29.751154995492037, 2.548128017634589
0.0, 29.751154995492037
0.0, 29.751154995492037
346.34917210555506, 698.9503579899026
95.06430081759662, 251.28487128795842
0.0, 95.06430081759662
67.30140081783743, 27.762899999759185
27.250869912053634, 40.0505309057838
0.0, 27.250869912053634
0.0, 27.250869912053634
55.918699845870144, 11.382700971967289
0.0, 55.918699845870144
0.0, 55.918699845870144
309.71065442227547, 36.63851768327959
0.0, 309.71065442227547
61.115456957315736, 248.59519746495974
0.0, 61.115456957315736
56.828759874969066, 4.28669708234667
0.0, 56.828759874969066
0.0, 56.828759874969066
1130.8491075882475, 153.75822481104615
1048.3977063994, 82.45140118884751
910.6106275467966, 137.78707885260337
126.01197642881557, 784.598651117981
0.0, 126.01197642881557
7.578612143221631, 118.43336428559394
0.0, 7.578612143221631
0.0, 7.578612143221631
404.02048601037427, 506.5901415364224
0.0, 404.02048601037427
29.650526391604895, 374.36995961876937
0.0, 29.650526391604895
6.020260944745073, 23.630265446859823
0.0, 6.020260944745073
0.0, 6.020260944745073
1035.4855378393206, 12.912168560079408
1007.368915447579, 28.116622391741657
263.39374914775664, 743.9751662998224
162.24666195090776, 101.14708719684887
0.0, 162.24666195090776
100.70418349422029, 61.542478456687476
0.0, 100.70418349422029
46.90055578411589, 53.8036277101044
0.0, 46.90055578411589
35.11735422392528, 11.783201560190605
6.321684698483108, 28.795669525442175
0.0, 6.321684698483108
0.0, 6.321684698483108
12.677198875200274, 22.440155348725007
0.0, 12.677198875200274
0.0, 12.677198875200274
184.9894433301141, 78.40430581764252
0.0, 184.9894433301141
73.25565899678956, 111.73378433332455
0.0, 73.25565899678956
49.731674685121654, 23.52398431166791
0.0, 49.731674685121654
0.0, 49.731674685121654
1004.5324057662891, 2.83650968128984
0.09462098628331081, 1004.4377847800058
0.0, 0.09462098628331081
0.0, 0.09462098628331081
560.631366920864, 443.9010388454251
59.444973821135044, 501.186393099729
0.0, 59.444973821135044
0.0, 59.444973821135044
341.3146990567143, 219.31666786414974
0.0, 341.3146990567143
194.31534623824268, 146.9993528184716
73.72342604422929, 120.5919201940134
0.0, 73.72342604422929
29.968618352947665, 43.75480769128162
0.0, 29.968618352947665
0.0, 29.968618352947665
128.5035479753616, 65.81179826288107
0.0, 128.5035479753616
0.0, 128.5035479753616
1029.0299627106915, 6.455575128629107
670.4627989213056, 358.56716378938586
100.70954383655288, 569.7532550847527
0.0, 100.70954383655288
65.1034370411044, 35.60610679544848
37.74056797882935, 27.362869062275053
0.0, 37.74056797882935
10.650751937499665, 27.089816041329684
0.0, 10.650751937499665
0.0, 10.650751937499665
56.951499767390345, 8.151937273714054
0.0, 56.951499767390345
0.0, 56.951499767390345
582.5769836121763, 87.88581530912938
282.8998759921012, 299.67710762007505
0.0, 282.8998759921012
277.80309118457774, 5.096784807523477
0.0, 277.80309118457774
19.97671601914345, 257.8263751654343
0.0, 19.97671601914345
0.0, 19.97671601914345
532.6956136528884, 49.881369959287895
98.50557297026238, 434.190040682626
0.0, 98.50557297026238
40.07089563687052, 58.43467733339186
0.0, 40.07089563687052
19.766240550954926, 20.30465508591559
0.0, 19.766240550954926
0.0, 19.766240550954926
133.24159311997698, 399.4540205329114
0.0, 133.24159311997698
0.0, 133.24159311997698
1006.0967944710786, 22.933168239612883
186.20640449800305, 819.8903899730756
0.0, 186.20640449800305
0.0, 186.20640449800305
819.2318080872344, 186.8649863838442
49.45855127708999, 769.7732568101444
0.0, 49.45855127708999
0.0, 49.45855127708999
239.6162655520387, 579.6155425351957
55.95575628327157, 183.66050926876713
0.0, 55.95575628327157
0.0, 55.95575628327157
101.74133640582345, 137.87492914621527
0.0, 101.74133640582345
4.963139456008264, 96.77819694981518
0.0, 4.963139456008264
0.0, 4.963139456008264
1067.5940711723285, 63.255036415918994
267.68394293293363, 799.9101282393949
0.0, 267.68394293293363
0.0, 267.68394293293363
1048.859623675937, 18.734447496391567
979.6229219872571, 69.23670168867989
0.0, 979.6229219872571
409.0377353712262, 570.5851866160309
18.84646221768576, 390.1912731535404
0.0, 18.84646221768576
13.099522720981346, 5.746939496704416
0.0, 13.099522720981346
11.158893431040141, 1.9406292899412048
0.0, 11.158893431040141
0.0, 11.158893431040141
81.29172231858375, 327.7460130526424
0.0, 81.29172231858375
0.0, 81.29172231858375
1002.9258366707979, 45.93378700513904
516.7355795124693, 486.1902571583287
74.49821542211856, 442.2373640903507
0.0, 74.49821542211856
0.0, 74.49821542211856
383.95093731535934, 132.78464219710992
0.0, 383.95093731535934
238.11608178539694, 145.8348555299624
0.0, 238.11608178539694
137.5528870388284, 100.56319474656854
0.0, 137.5528870388284
0.0, 137.5528870388284
1002.4203377387145, 0.5054989320834693
430.8226551995509, 571.5976825391635
139.71495195169825, 291.10770324785267
0.0, 139.71495195169825
139.7004175276672, 0.014534424031040771
0.0, 139.7004175276672
0.0, 139.7004175276672
141.69671844913069, 289.12593675042024
56.79087591057017, 84.9058425385605
1.822198792761504, 54.96867711780867
0.0, 1.822198792761504
0.0, 1.822198792761504
4.055908522490673, 52.7349673880795
0.0, 4.055908522490673
0.0, 4.055908522490673
115.83963351428115, 25.85708493484954
0.0, 115.83963351428115
0.0, 115.83963351428115
892.3570587324078, 110.06327900630663
395.65772045241164, 496.6993382799962
0.0, 395.65772045241164
356.3855890524732, 39.27213139993842
299.2631038948208, 57.12248515765242
30.474400345267444, 268.78870354955336
0.0, 30.474400345267444
0.0, 30.474400345267444
73.66408154002478, 225.59902235479603
0.0, 73.66408154002478
0.0, 73.66408154002478
301.05798863285474, 55.32760041961848
17.122440563456355, 283.9355480693984
0.0, 17.122440563456355
0.0, 17.122440563456355
259.3616596791013, 41.69632895375344
0.0, 259.3616596791013
160.65592410868078, 98.70573557042053
0.0, 160.65592410868078
82.81594595492683, 77.83997815375395
0.0, 82.81594595492683
54.315717852263006, 28.500228102663826
0.0, 54.315717852263006
0.0, 54.315717852263006
458.74289864809197, 433.61416008431587
0.0, 458.74289864809197
0.0, 458.74289864809197
1326.5870294159733, 24.91646235177609
1085.5091933976546, 241.07783601831875
65.90051045687139, 1019.6086829407832
0.0, 65.90051045687139
48.18346068395412, 17.71704977291727
0.0, 48.18346068395412
0.0, 48.18346068395412
1018.4263363434098, 67.08285705424476
447.6114521672271, 570.8148841761827
0.0, 447.6114521672271
9.003706031450099, 438.607746135777
0.0, 9.003706031450099
0.0, 9.003706031450099
735.3422310568609, 283.08410528654895
356.88556003739706, 378.45667101946384
0.0, 356.88556003739706
226.145987263461, 130.73957277393606
0.0, 226.145987263461
0.0, 226.145987263461
466.7424886050727, 268.5997424517882
124.73577177295707, 342.00671683211567
7.531162304728628, 117.20460946822844
0.0, 7.531162304728628
0.0, 7.531162304728628
90.23828052033268, 34.497491252624386
0.0, 90.23828052033268
25.600559062651826, 64.63772145768085
0.0, 25.600559062651826
0.0, 25.600559062651826
288.83128920517254, 177.91119939990017
0.0, 288.83128920517254
266.61642922864854, 22.214859976523996
0.0, 266.61642922864854
173.2947801788603, 93.32164904978825
0.0, 173.2947801788603
36.28548015992071, 137.0093000189396
0.0, 36.28548015992071
0.0, 36.28548015992071
1286.3884593934338, 40.19857002253957
1059.0082279108794, 227.38023148255434
1011.0481060401684, 47.96012187071108
485.29253053638115, 525.7555755037872
0.0, 485.29253053638115
84.31087417136791, 400.98165636501324
10.621796033084603, 73.6890781382833
0.0, 10.621796033084603
0.0, 10.621796033084603
84.19286952833097, 0.11800464303694014
0.18580527956806223, 84.00706424876292
0.0, 0.18580527956806223
0.0, 0.18580527956806223
41.35091460562092, 42.84195492271005
0.0, 41.35091460562092
0.0, 41.35091460562092
610.5867052933236, 400.4614007468448
44.64796121092205, 565.9387440824015
0.0, 44.64796121092205
0.0, 44.64796121092205
518.7930649073619, 91.79364038596168
0.0, 518.7930649073619
257.1922064406741, 261.6008584666878
0.0, 257.1922064406741
95.83623248993956, 161.35597395073455
0.0, 95.83623248993956
23.769224839017852, 72.06700765092171
0.0, 23.769224839017852
0.0, 23.769224839017852
1058.806497110417, 0.2017308004624283
1009.6600548487911, 49.14644226162591
53.983503362273886, 955.6765514865173
0.0, 53.983503362273886
14.50713558746832, 39.47636777480557
0.0, 14.50713558746832
0.0, 14.50713558746832
292.2959087363454, 717.3641461124457
134.0147453293864, 158.281163406959
49.74015956087153, 84.27458576851485
0.0, 49.74015956087153
0.0, 49.74015956087153
81.93121685503573, 52.08352847435066
0.0, 81.93121685503573
73.52287125006596, 8.408345604969767
0.0, 73.52287125006596
0.0, 73.52287125006596
205.11929965972547, 87.17660907661991
13.712702875968729, 191.40659678375675
0.0, 13.712702875968729
0.0, 13.712702875968729
148.15416638212818, 56.96513327759729
0.0, 148.15416638212818
0.0, 148.15416638212818
1043.8393078397162, 14.967189270700828
1013.425171668133, 30.41413617158321
589.9190722036651, 423.50609946446787
148.37266680104526, 441.5464054026198
67.05487480193788, 81.31779199910737
0.0, 67.05487480193788
58.00111707848484, 9.053757723453046
0.0, 58.00111707848484
0.0, 58.00111707848484
88.30658453888893, 60.06608226215633
0.0, 88.30658453888893
0.0, 88.30658453888893
315.0519182770039, 274.8671539266612
26.92322877914546, 288.12868949785843
0.0, 26.92322877914546
0.0, 26.92322877914546
100.04253277452099, 215.0093855024829
0.0, 100.04253277452099
19.82536116149019, 80.2171716130308
0.0, 19.82536116149019
0.0, 19.82536116149019
671.0997849505039, 342.32538671762904
0.0, 671.0997849505039
624.9869392338419, 46.11284571666204
0.0, 624.9869392338419
313.6372983383778, 311.3496408954641
0.0, 313.6372983383778
135.47815643408276, 178.159141904295
0.0, 135.47815643408276
0.0, 135.47815643408276
1041.8656902699972, 1.9736175697189537
696.8546472658256, 345.0110430041716
335.63391518837335, 361.2207320774523
0.0, 335.63391518837335
284.3424937083168, 51.291421480056556
212.4919444539685, 71.8505492543483
71.90825287753076, 140.58369157643773
0.0, 71.90825287753076
0.0, 71.90825287753076
156.97361643494114, 55.518328019027365
0.0, 156.97361643494114
72.89290380992294, 84.0807126250182
0.0, 72.89290380992294
0.0, 72.89290380992294
239.1974073807031, 45.14508632761368
0.0, 239.1974073807031
0.0, 239.1974073807031
590.9341549289072, 105.92049233691841
66.39771697453155, 524.5364379543756
0.0, 66.39771697453155
0.0, 66.39771697453155
559.8992023746434, 31.034952554263782
0.0, 559.8992023746434
377.1557397239109, 182.7434626507325
0.0, 377.1557397239109
234.38727347328583, 142.7684662506251
38.639050423957386, 195.74822304932843
0.0, 38.639050423957386
30.05669980185405, 8.582350622103334
0.0, 30.05669980185405
0.0, 30.05669980185405
159.71542528732232, 74.67184818596351
100.84722375375011, 58.868201533572204
0.0, 100.84722375375011
8.893248707298383, 91.95397504645173
0.0, 8.893248707298383
0.0, 8.893248707298383
104.06453076318935, 55.650894524132966
0.0, 104.06453076318935
0.0, 104.06453076318935
1035.3765831850685, 6.489107084928719
183.31371703802034, 852.0628661470482
0.0, 183.31371703802034
0.0, 183.31371703802034
1009.5089846638667, 25.867598521201785
161.51758852900838, 847.9913961348584
26.288613975608968, 135.2289745533994
0.0, 26.288613975608968
0.0, 26.288613975608968
121.2972259116387, 40.22036261736967
40.90780409758983, 80.38942181404887
0.0, 40.90780409758983
0.0, 40.90780409758983
60.68157087652008, 60.61565503511863
0.0, 60.68157087652008
25.54869759395003, 35.132873282570046
0.0, 25.54869759395003
0.0, 25.54869759395003
547.5002011713822, 462.00878349248455
90.94885711215304, 456.5513440592291
0.0, 90.94885711215304
0.0, 90.94885711215304
112.15757200766649, 435.3426291637157
0.0, 112.15757200766649
27.415804336796718, 84.74176767086976
0.0, 27.415804336796718
0.0, 27.415804336796718
1197.2669788344344, 89.12148055899934
1028.117903988206, 169.14907484622836
289.67614255151796, 738.4417614366881
25.50034226863933, 264.17580028287864
0.0, 25.50034226863933
19.41323337543235, 6.087108893206981
0.0, 19.41323337543235
0.0, 19.41323337543235
168.09626091758275, 121.5798816339352
0.0, 168.09626091758275
143.34983199097468, 24.746428926608075
0.0, 143.34983199097468
141.90211585012412, 1.4477161408505594
0.0, 141.90211585012412
68.46571796117966, 73.43639788894446
0.0, 68.46571796117966
0.0, 68.46571796117966
1009.6016200171233, 18.51628397108277
995.3185484344219, 14.283071582701382
0.0, 995.3185484344219
783.9550338340603, 211.36351460036167
113.55106697208365, 670.4039668619766
0.0, 113.55106697208365
0.0, 113.55106697208365
385.5807948193658, 398.37423901469447
30.7722524533105, 354.8085423660553
0.0, 30.7722524533105
14.413732471859385, 16.358519981451117
0.0, 14.413732471859385
0.0, 14.413732471859385
93.21012142281059, 292.3706733965552
0.0, 93.21012142281059
0.0, 93.21012142281059
1003.4714927473773, 6.130127269746026
63.431437015128296, 940.040055732249
0.0, 63.431437015128296
34.75502613730389, 28.67641087782441
0.0, 34.75502613730389
0.0, 34.75502613730389
549.6724745970838, 453.7990181502935
0.0, 549.6724745970838
467.6716803244811, 82.00079427260272
0.0, 467.6716803244811
437.3585416403443, 30.31313868413679
263.79083523830815, 173.56770640203615
198.036781006194, 65.75405423211416
0.0, 198.036781006194
161.14126554689668, 36.895515459297314
0.0, 161.14126554689668
143.13182149369243, 18.00944405320425
0.0, 143.13182149369243
34.694101192456294, 108.43772030123614
0.0, 34.694101192456294
15.079123463675428, 19.614977728780865
0.0, 15.079123463675428
0.0, 15.079123463675428
229.50202962562926, 34.288805612678885
0.0, 229.50202962562926
75.71492444059811, 153.78710518503115
0.0, 75.71492444059811
0.0, 75.71492444059811
347.13674910180873, 90.22179253853557
0.0, 347.13674910180873
231.45747834572344, 115.67927075608529
0.0, 231.45747834572344
163.6267175000834, 67.83076084564004
0.0, 163.6267175000834
66.69639667493115, 96.93032082515225
0.0, 66.69639667493115
0.0, 66.69639667493115
1150.466331198461, 46.80064763597352
1014.9089252896762, 135.55740590878474
120.73484505169299, 894.1740802379832
0.0, 120.73484505169299
23.810039884797607, 96.92480516689538
0.0, 23.810039884797607
11.049298231416593, 12.760741653381015
0.0, 11.049298231416593
0.0, 11.049298231416593
984.0571287764901, 30.85179651318606
69.4074905840556, 914.6496381924345
0.0, 69.4074905840556
26.980951425689312, 42.42653915836628
0.0, 26.980951425689312
0.0, 26.980951425689312
963.5852140515414, 20.47191472494876
330.42612415970456, 633.1590898918369
55.6242216010242, 274.80190255868035
0.0, 55.6242216010242
34.12783698629846, 21.49638461472574
0.0, 34.12783698629846
0.0, 34.12783698629846
233.3641346169257, 97.06198954277886
0.0, 233.3641346169257
71.39976237688134, 161.96437224004436
0.0, 71.39976237688134
8.19568141199177, 63.20408096488957
0.0, 8.19568141199177
0.0, 8.19568141199177
554.963258895283, 408.6219551562583
0.0, 554.963258895283
198.25500051923507, 356.708258376048
0.0, 198.25500051923507
140.18131058523596, 58.073689933999106
0.0, 140.18131058523596
0.0, 140.18131058523596
1017.405252856269, 133.06107834219188
259.34977023703095, 758.0554826192381
86.61730667290749, 172.73246356412346
0.0, 86.61730667290749
0.0, 86.61730667290749
171.6481474542245, 87.70162278280645
0.0, 171.6481474542245
12.523874472019006, 159.1242729822055
0.0, 12.523874472019006
0.0, 12.523874472019006
1013.5441165059547, 3.861136350314382
0.0, 1013.5441165059547
260.43041913169805, 753.1136973742566
0.0, 260.43041913169805
58.5197502323987, 201.91066889929934
0.0, 58.5197502323987
0.0, 58.5197502323987
2991.3405496694936, 1489.22921550596
1108.3857044981462, 1882.9548451713474
245.5714626043293, 862.8142418938169
0.0, 245.5714626043293
189.8277661334527, 55.743696470876586
0.0, 189.8277661334527
172.55092316090446, 17.276842972548252
0.0, 172.55092316090446
48.59957100451226, 123.9513521563922
0.0, 48.59957100451226
0.0, 48.59957100451226
1072.6170147877228, 35.76868971042336
1059.467337487585, 13.14967730013791
1008.6962174607169, 50.77112002686806
551.20321177587, 457.4930056848468
0.0, 551.20321177587
119.45476113403983, 431.74845064183023
0.0, 119.45476113403983
59.95964864064049, 59.49511249339934
0.0, 59.95964864064049
21.484059533361382, 38.475589107279106
0.0, 21.484059533361382
0.0, 21.484059533361382
1007.4924890574393, 1.2037284032775233
949.7545901807567, 57.73789887668261
44.68974457650512, 905.0648456042516
0.0, 44.68974457650512
23.71980652841697, 20.96993804808815
0.0, 23.71980652841697
0.0, 23.71980652841697
949.0970943484284, 0.6574958323283226
362.20218459310234, 586.8949097553261
331.41954936517624, 30.782635227926107
137.24587836272684, 194.1736710024494
0.0, 137.24587836272684
0.0, 137.24587836272684
288.24686556284854, 43.1726838023277
59.93877551827376, 228.30809004457478
0.0, 59.93877551827376
0.0, 59.93877551827376
239.63787418638586, 48.60899137646268
22.47538359680911, 217.16249058957675
0.0, 22.47538359680911
0.0, 22.47538359680911
121.96778303437998, 117.67009115200588
0.0, 121.96778303437998
0.0, 121.96778303437998
356.1078941001211, 6.0942904929812585
204.12613666248828, 151.9817574376328
0.0, 204.12613666248828
188.63014152878594, 15.495995133702337
0.0, 188.63014152878594
0.0, 188.63014152878594
271.49921262924096, 84.60868147088013
47.74863901240573, 223.75057361683523
0.0, 47.74863901240573
0.0, 47.74863901240573
247.6798521182427, 23.81936051099825
26.37592307782927, 221.30392904041344
0.0, 26.37592307782927
0.0, 26.37592307782927
185.25810254400267, 62.42174957424004
0.0, 185.25810254400267
103.85472311327241, 81.40337943073025
82.71990552555569, 21.134817587716725
0.0, 82.71990552555569
60.98410324189731, 21.73580228365838
0.0, 60.98410324189731
58.46204728672354, 2.5220559551737693
0.0, 58.46204728672354
0.0, 58.46204728672354
100.11307559231676, 3.7416475209556523
44.73007272062712, 55.38300287168964
0.0, 44.73007272062712
0.0, 44.73007272062712
46.05459556734996, 54.0584800249668
0.0, 46.05459556734996
41.385753762974815, 4.668841804375148
0.0, 41.385753762974815
25.227955435644137, 16.157798327330678
0.0, 25.227955435644137
0.0, 25.227955435644137
564.666203200256, 384.43089114817246
438.1150346826268, 126.55116851762915
0.0, 438.1150346826268
298.4912269114414, 139.6238077711854
0.0, 298.4912269114414
0.0, 298.4912269114414
483.64328425717684, 81.0229189430791
146.61730323175192, 337.0259810254249
0.0, 146.61730323175192
22.00921362655366, 124.60808960519826
0.0, 22.00921362655366
0.0, 22.00921362655366
251.05102578144493, 232.5922584757319
211.22303364766663, 39.82799213377831
166.50529796827763, 44.717735679388994
0.0, 166.50529796827763
89.01978078408263, 77.485517184195
0.0, 89.01978078408263
72.0496766684646, 16.970104115618028
0.0, 72.0496766684646
24.966124882776242, 47.08355178568836
0.0, 24.966124882776242
16.338602250924872, 8.62752263185137
0.0, 16.338602250924872
0.0, 16.338602250924872
180.47823965413576, 30.744793993530863
0.0, 180.47823965413576
146.97455509329353, 33.50368456084223
0.0, 146.97455509329353
0.0, 146.97455509329353
211.64954953934304, 39.40147624210189
0.0, 211.64954953934304
7.090592253872578, 204.55895728547046
0.0, 7.090592253872578
0.34471511078372297, 6.745877143088855
0.0, 0.34471511078372297
0.0, 0.34471511078372297
1007.0984849115134, 0.39400414592591915
420.62727190329247, 586.471213008221
0.0, 420.62727190329247
0.0, 420.62727190329247
841.554219126873, 165.5442657846404
5.476843799156147, 836.0773753277168
0.0, 5.476843799156147
0.0, 5.476843799156147
785.4567253542255, 56.09749377264757
236.51144656695305, 548.9452787872724
171.29498550656163, 65.21646106039142
0.0, 171.29498550656163
33.95136407699397, 137.34362142956766
0.0, 33.95136407699397
29.807369300279, 4.143994776714969
0.0, 29.807369300279
15.71821265752376, 14.08915664275524
0.0, 15.71821265752376
0.0, 15.71821265752376
186.17520651844077, 50.33624004851228
0.0, 186.17520651844077
0.0, 186.17520651844077
432.582460344224, 352.87426501000147
71.96276965522937, 360.61969068899464
0.0, 71.96276965522937
26.042325045731477, 45.92044460949789
0.0, 26.042325045731477
0.0, 26.042325045731477
266.32957772015675, 166.25288262406724
65.95671803490356, 200.3728596852532
0.0, 65.95671803490356
60.44269778823172, 5.514020246671841
0.0, 60.44269778823172
0.0, 60.44269778823172
172.8368052989037, 93.49277242125305
0.0, 172.8368052989037
88.42505853198844, 84.41174676691526
0.0, 88.42505853198844
71.78506869684698, 16.639989835141463
0.0, 71.78506869684698
0.0, 71.78506869684698
1054.72797701199, 4.739360475594822
1002.2768874425492, 52.45108956944091
0.0, 1002.2768874425492
1001.5559622063676, 0.7209252361816425
267.79797309383133, 733.7579891125363
11.140882627520206, 256.6570904663111
0.0, 11.140882627520206
0.0, 11.140882627520206
110.18460102747316, 157.61337206635818
0.0, 110.18460102747316
43.45705842348811, 66.72754260398506
0.0, 43.45705842348811
0.0, 43.45705842348811
351.7531871291814, 649.8027750771862
7.802610118153759, 343.95057701102763
0.0, 7.802610118153759
0.0, 7.802610118153759
95.3112964081393, 256.4418907210421
22.501311699193188, 72.8099847089461
0.0, 22.501311699193188
0.0, 22.501311699193188
81.67197370826274, 13.639322699876558
0.0, 81.67197370826274
3.3315496811741245, 78.34042402708862
0.0, 3.3315496811741245
0.0, 3.3315496811741245
1022.9352294216119, 31.792747590378212
1009.7948265047363, 13.140402916875587
237.71523076827717, 772.0795957364592
0.0, 237.71523076827717
0.0, 237.71523076827717
543.5420138215969, 466.2528126831394
28.42903653888236, 515.1129772827146
0.0, 28.42903653888236
0.0, 28.42903653888236
370.35385953827677, 173.18815428332016
26.35068898333949, 344.0031705549373
0.0, 26.35068898333949
0.0, 26.35068898333949
207.09192771609264, 163.26193182218412
0.0, 207.09192771609264
0.0, 207.09192771609264
1021.9224325620354, 1.012796859576497
0.0, 1021.9224325620354
1019.5489955914189, 2.373436970616467
1006.5719133031484, 12.97708228827048
827.7452854675153, 178.8266278356332
94.07831130936806, 733.6669741581472
0.0, 94.07831130936806
0.0, 94.07831130936806
483.477848863667, 344.26743660384824
47.06891006262776, 436.40893880103926
25.830924465203335, 21.237985597424423
0.0, 25.830924465203335
0.0, 25.830924465203335
33.908628416881655, 13.160281645746103
0.0, 33.908628416881655
0.0, 33.908628416881655
349.3329729615636, 134.14487590210342
100.65354868963527, 248.67942427192833
0.0, 100.65354868963527
0.0, 100.65354868963527
162.86738539022014, 186.46558757134346
0.0, 162.86738539022014
60.08420619621442, 102.78317919400573
0.0, 60.08420619621442
0.0, 60.08420619621442
944.8961659277809, 61.675747375367564
0.0, 944.8961659277809
98.66105209189513, 846.2351138358857
21.039928180931707, 77.62112391096342
0.0, 21.039928180931707
0.0, 21.039928180931707
84.12770786259462, 14.53334422930051
0.0, 84.12770786259462
0.0, 84.12770786259462
1006.6709852924092, 12.878010299009702
118.59288436634802, 888.0781009260612
0.0, 118.59288436634802
0.0, 118.59288436634802
1004.1974376123492, 2.473547680060051
285.9012520496203, 718.2961855627289
46.983748120730795, 238.91750392888952
0.0, 46.983748120730795
0.0, 46.983748120730795
142.44167900476467, 143.45957304485566
0.0, 142.44167900476467
0.0, 142.44167900476467
1001.7218281489194, 2.475609463429805
64.0314209421537, 937.6904072067657
0.0, 64.0314209421537
0.0, 64.0314209421537
381.3065597293915, 620.4152684195278
0.0, 381.3065597293915
282.04603571901526, 99.26052401037623
0.0, 282.04603571901526
261.84783702721694, 20.198198691798325
0.0, 261.84783702721694
217.2725557560141, 44.57528127120284
0.0, 217.2725557560141
13.858606593575793, 203.4139491624383
0.0, 13.858606593575793
2.8625023436287487, 10.996104249947045
0.0, 2.8625023436287487
0.0, 2.8625023436287487
1067.1735006499177, 5.443514137805096
1013.6393836231691, 53.53411702674862
579.3271943392632, 434.3121892839059
105.17912641337094, 474.1480679258923
0.0, 105.17912641337094
93.95238097488236, 11.226745438488578
0.0, 93.95238097488236
54.63458464182397, 39.31779633305839
0.0, 54.63458464182397
0.0, 54.63458464182397
413.4981784679193, 165.82901587134393
0.188701609072657, 413.3094768588466
0.0, 0.188701609072657
0.0, 0.188701609072657
155.9844028665931, 257.5137756013262
0.0, 155.9844028665931
40.71769778896217, 115.26670507763092
0.0, 40.71769778896217
5.005458589272605, 35.71223919968956
0.0, 5.005458589272605
0.0, 5.005458589272605
882.3012425927875, 131.33814103038162
313.68132252530097, 568.6199200674865
0.0, 313.68132252530097
106.04360624693507, 207.6377162783659
0.0, 106.04360624693507
1.6668714400860094, 104.37673480684906
0.0, 1.6668714400860094
0.0, 1.6668714400860094
422.97428391209166, 459.32695868069584
0.0, 422.97428391209166
0.0, 422.97428391209166
1052.204594867519, 14.968905782398679
591.8043857785035, 460.40020908901556
197.45685543124358, 394.3475303472599
0.0, 197.45685543124358
0.0, 197.45685543124358
482.1144312174047, 109.68995456109883
193.10140324859972, 289.013027968805
0.0, 193.10140324859972
0.0, 193.10140324859972
247.23813808606042, 234.87629313134426
0.0, 247.23813808606042
42.649939565238085, 204.58819852082235
0.0, 42.649939565238085
0.0, 42.649939565238085
1029.8290342386995, 22.375560628819585
1009.9541882266655, 19.874846012034027
116.80586983733853, 893.148318389327
0.0, 116.80586983733853
45.104961457699346, 71.70090837963919
0.0, 45.104961457699346
20.28308414589019, 24.821877311809157
0.0, 20.28308414589019
0.0, 20.28308414589019
664.7665385565833, 345.1876496700821
0.0, 664.7665385565833
136.66249691423556, 528.1040416423477
0.0, 136.66249691423556
0.0, 136.66249691423556
1022.5730095889373, 7.256024649762139
258.84241978058145, 763.730589808356
0.0, 258.84241978058145
174.55401693760686, 84.28840284297459
142.61948285319517, 31.934534084411695
0.0, 142.61948285319517
140.4298924332953, 2.189590419899872
0.0, 140.4298924332953
64.39323159484752, 76.03666083844777
0.0, 64.39323159484752
0.0, 64.39323159484752
160.56980343945932, 13.98421349814754
0.0, 160.56980343945932
146.5001783836854, 14.069625055773912
0.0, 146.5001783836854
83.45079462361022, 63.04938376007519
0.0, 83.45079462361022
0.0, 83.45079462361022
1013.936852156574, 8.636157432363348
571.1750408748799, 442.7618112816941
0.0, 571.1750408748799
447.16599125895124, 124.00904961592863
180.89043064958864, 266.2755606093626
0.0, 180.89043064958864
0.0, 180.89043064958864
432.94415350338573, 14.221837755565502
0.0, 432.94415350338573
258.786971720981, 174.15718178240473
0.0, 258.786971720981
0.0, 258.786971720981
1004.2309701246639, 9.70588203191005
275.7111322094441, 728.5198379152198
0.0, 275.7111322094441
57.37026802028946, 218.34086418915462
0.0, 57.37026802028946
0.0, 57.37026802028946
320.4707168771994, 683.7602532474646
0.0, 320.4707168771994
37.89753560336682, 282.5731812738326
0.0, 37.89753560336682
28.2880104323897, 9.609525170977118
0.0, 28.2880104323897
0.0, 28.2880104323897
1757.3826847560817, 1233.9578649134119
1044.0237479147847, 713.358936841297
1002.798566006966, 41.22518190781875
547.8060649106945, 454.99250109627144
57.750192466280815, 490.05587244441375
20.25229956058568, 37.49789290569514
0.0, 20.25229956058568
0.0, 20.25229956058568
26.399575375818518, 31.350617090462297
0.0, 26.399575375818518
21.270818625397748, 5.12875675042077
0.0, 21.270818625397748
0.0, 21.270818625397748
419.13281765102494, 128.6732472596696
0.0, 419.13281765102494
0.0, 419.13281765102494
849.7545226612693, 153.04404334569665
60.46094525159976, 789.2935774096695
0.0, 60.46094525159976
35.37226822763657, 25.088677023963193
0.0, 35.37226822763657
14.05241461810708, 21.31985360952949
0.0, 14.05241461810708
0.0, 14.05241461810708
64.91374217481615, 784.8407804864532
13.148768483622197, 51.76497369119395
0.0, 13.148768483622197
2.468817708175237, 10.67995077544696
0.0, 2.468817708175237
0.0, 2.468817708175237
49.66190901008741, 15.251833164728737
0.0, 49.66190901008741
0.0, 49.66190901008741
1028.9901753735185, 15.033572541266267
1008.4135176794745, 20.576657694044002
82.61276396340851, 925.800753716066
8.684808213072408, 73.92795575033611
0.0, 8.684808213072408
0.0, 8.684808213072408
79.36653190830955, 3.2462320550989574
0.0, 79.36653190830955
0.0, 79.36653190830955
855.4649121706447, 152.94860550882981
0.0, 855.4649121706447
833.7503987775896, 21.714513393055086
440.88761137081434, 392.8627874067752
175.1878210179225, 265.69979035289185
0.0, 175.1878210179225
150.21490615467687, 24.97291486324562
0.0, 150.21490615467687
109.62770011311022, 40.587206041566645
0.0, 109.62770011311022
5.912109256580899, 103.71559085652932
0.0, 5.912109256580899
0.0, 5.912109256580899
253.11695535016446, 187.77065602064988
102.87724769470901, 150.23970765545545
0.0, 102.87724769470901
0.0, 102.87724769470901
183.84362492338204, 69.27333042678242
0.0, 183.84362492338204
0.0, 183.84362492338204
518.289511105109, 315.46088767248057
0.0, 518.289511105109
489.26831957451935, 29.021191530589647
334.9143859423907, 154.35393363212864
115.92685526272084, 218.98753067966987
0.0, 115.92685526272084
0.0, 115.92685526272084
193.32066131909227, 141.59372462329844
0.0, 193.32066131909227
163.21731280075903, 30.103348518333235
0.0, 163.21731280075903
0.0, 163.21731280075903
468.22279071966796, 21.045528854851398
30.593079351220172, 437.6297113684478
0.0, 30.593079351220172
14.549963063218087, 16.043116288002086
0.0, 14.549963063218087
0.0, 14.549963063218087
393.96001302901294, 74.26277769065501
0.0, 393.96001302901294
299.819885178734, 94.14012785027893
0.0, 299.819885178734
0.0, 299.819885178734
1024.0118919710847, 4.978283402433817
776.3308351111983, 247.68105685988633
0.0, 776.3308351111983
324.2844888683866, 452.04634624281175
0.0, 324.2844888683866
319.0541789467244, 5.230309921662183
120.17078829838647, 198.88339064833792
0.0, 120.17078829838647
0.0, 120.17078829838647
270.50115090388806, 48.55302804283633
0.0, 270.50115090388806
119.37923731812516, 151.1219135857629
0.0, 119.37923731812516
0.0, 119.37923731812516
1011.0712656272639, 12.940626343820782
0.0, 1011.0712656272639
939.9400008958233, 71.13126473144052
443.62608746239334, 496.31391343343
116.40349699994843, 327.22259046244494
46.06962620839824, 70.3338707915502
0.0, 46.06962620839824
0.0, 46.06962620839824
113.52579601262865, 2.877700987319784
0.0, 113.52579601262865
91.0980746569923, 22.42772135563635
19.860136475707098, 71.2379381812852
0.0, 19.860136475707098
0.0, 19.860136475707098
24.966125359097465, 66.13194929789483
0.0, 24.966125359097465
0.0, 24.966125359097465
410.82768541692224, 32.79840204547111
104.43014747452503, 306.3975379423972
0.0, 104.43014747452503
0.0, 104.43014747452503
202.34746836564327, 208.48021705127897
0.0, 202.34746836564327
0.0, 202.34746836564327
551.5956993422708, 388.34430155355255
0.0, 551.5956993422708
341.2250334431877, 210.37066589908306
238.03220683139034, 103.19282661179739
99.90410276295432, 138.12810406843602
0.0, 99.90410276295432
0.0, 99.90410276295432
156.42533923113768, 81.60686760025266
0.0, 156.42533923113768
89.3421526764527, 67.08318655468499
17.329493289329506, 72.0126593871232
0.0, 17.329493289329506
0.0, 17.329493289329506
28.41472310088043, 60.92742957557227
0.0, 28.41472310088043
14.252902530317455, 14.161820570562975
0.0, 14.252902530317455
0.0, 14.252902530317455
264.5749820329567, 76.65005141023101
0.0, 264.5749820329567
40.62680748743869, 223.94817454551801
0.0, 40.62680748743869
0.0, 40.62680748743869
1286.585760617592, 470.79692413848966
1224.6123536574082, 61.973406960183866
1025.4539494982207, 199.1584041591875
828.0289338548073, 197.42501564341342
382.0582027514923, 445.970731103315
0.0, 382.0582027514923
18.276628799705385, 363.78157395178687
0.0, 18.276628799705385
0.07962476342035772, 18.197004036285026
0.0, 0.07962476342035772
0.0, 0.07962476342035772
511.4731458949044, 316.5557879599029
106.65803888082199, 404.8151070140824
0.0, 106.65803888082199
37.69161473669849, 68.9664241441235
0.0, 37.69161473669849
0.0, 37.69161473669849
254.97784373494218, 256.4953021599622
0.0, 254.97784373494218
163.05659061831162, 91.92125311663057
0.0, 163.05659061831162
116.6882817446811, 46.36830887363051
79.10166652913145, 37.58661521554966
0.0, 79.10166652913145
0.0, 79.10166652913145
114.60559845776763, 2.082683286913479
0.0, 114.60559845776763
72.12839336415625, 42.477205093611374
0.0, 72.12839336415625
46.46162456054224, 25.666768803614012
0.0, 46.46162456054224
0.0, 46.46162456054224
1021.1885595918591, 4.265389906361634
1008.0319007695286, 13.156658822330428
241.69687277232728, 766.3350279972013
47.64486639701748, 194.05200637530982
0.0, 47.64486639701748
0.0, 47.64486639701748
87.72931284520264, 153.96755992712463
0.0, 87.72931284520264
0.0, 87.72931284520264
1007.3504926774141, 0.681408092114566
104.9950229521034, 902.3554697253107
0.0, 104.9950229521034
82.71819250080362, 22.276830451299773
0.0, 82.71819250080362
61.98274473843134, 20.73544776237228
0.0, 61.98274473843134
15.473633616886119, 46.509111121545224
0.0, 15.473633616886119
0.0, 15.473633616886119
651.4700795995851, 355.88041307782896
111.40389277290905, 540.0661868266761
0.0, 111.40389277290905
72.33746677875799, 39.06642599415106
0.0, 72.33746677875799
62.1710619234392, 10.166404855318788
0.0, 62.1710619234392
30.619866766003476, 31.55119515743572
0.0, 30.619866766003476
0.0, 30.619866766003476
374.62747143411394, 276.8426081654712
0.0, 374.62747143411394
294.20481479843176, 80.42265663568219
132.44739455819354, 161.75742024023822
0.0, 132.44739455819354
0.0, 132.44739455819354
205.79202580159583, 88.41278899683593
0.0, 205.79202580159583
9.676493975358918, 196.11553182623692
0.0, 9.676493975358918
0.0, 9.676493975358918
1015.7844198458564, 5.40413974600267
1003.411819056681, 12.372600789175408
227.60070575232754, 775.8111133043535
0.0, 227.60070575232754
0.0, 227.60070575232754
673.4043399474622, 330.0074791092188
131.69272237042048, 541.7116175770417
0.0, 131.69272237042048
68.85347714425738, 62.8392452261631
0.0, 68.85347714425738
0.0, 68.85347714425738
147.20924442100187, 526.1950955264604
0.0, 147.20924442100187
0.0, 147.20924442100187
1008.5567058030584, 7.22771404279797
299.77452143504644, 708.7821843680119
80.724086739998, 219.05043469504844
0.0, 80.724086739998
0.0, 80.724086739998
159.48842335219607, 140.28609808285037
0.0, 159.48842335219607
0.0, 159.48842335219607
637.6007578103051, 370.9559479927533
79.10172229712965, 558.4990355131755
0.0, 79.10172229712965
0.0, 79.10172229712965
314.6942293971021, 322.90652841320303
118.62590138242727, 196.06832801467482
0.0, 118.62590138242727
96.96371169558873, 21.662189686838545
0.0, 96.96371169558873
60.748970123493834, 36.214741572094894
0.0, 60.748970123493834
0.0, 60.748970123493834
250.84870863658307, 63.84552076051904
0.0, 250.84870863658307
110.77177973207957, 140.07692890450352
0.0, 110.77177973207957
95.86383415279164, 14.907945579287926
33.24991530358337, 62.61391884920827
0.0, 33.24991530358337
0.0, 33.24991530358337
40.778406890266176, 55.085427262525464
0.0, 40.778406890266176
6.108294563691046, 34.67011232657513
0.0, 6.108294563691046
0.0, 6.108294563691046
1064.4130247113628, 160.1993289460454
1003.7264729657157, 60.68655174564708
826.3219061728573, 177.40456679285842
206.18111878736997, 620.1407873854873
75.85414190107494, 130.32697688629503
0.0, 75.85414190107494
7.0903129448921085, 68.76382895618283
0.0, 7.0903129448921085
0.0, 7.0903129448921085
78.145344605406, 128.03577418196397
0.0, 78.145344605406
60.13872997362207, 18.006614631783926
0.0, 60.13872997362207
0.0, 60.13872997362207
615.8364475171572, 210.48545865570009
258.24350691793717, 357.59294059922007
77.89959210844704, 180.34391480949012
0.0, 77.89959210844704
0.0, 77.89959210844704
193.9514419944339, 64.29206492350326
0.0, 193.9514419944339
53.364005078941666, 140.58743691549225
0.0, 53.364005078941666
0.0, 53.364005078941666
488.6175698796834, 127.21887763747384
163.85308835404794, 324.76448152563546
0.0, 163.85308835404794
77.52020246661978, 86.33288588742816
0.0, 77.52020246661978
55.840704251245505, 21.679498215374274
0.0, 55.840704251245505
50.62783365687343, 5.2128705943720774
0.0, 50.62783365687343
30.017663024450023, 20.610170632423404
0.0, 30.017663024450023
12.979522624956115, 17.03814039949391
0.0, 12.979522624956115
0.0, 12.979522624956115
202.6245821554205, 285.9929877242629
30.86951191284461, 171.7550702425759
0.0, 30.86951191284461
0.0, 30.86951191284461
148.86407913492258, 53.760503020497936
0.0, 148.86407913492258
0.0, 148.86407913492258
909.7725845344706, 93.9538884312451
0.0, 909.7725845344706
153.73552461182445, 756.0370599226462
0.0, 153.73552461182445
59.18369820329986, 94.55182640852459
0.0, 59.18369820329986
0.0, 59.18369820329986
1009.6271647398031, 54.78585997155972
0.0, 1009.6271647398031
68.9805175408832, 940.6466471989199
0.0, 68.9805175408832
0.0, 68.9805175408832
1237.8430107266029, 48.74274989098922
1055.569040286889, 182.27397043971382
118.87406662012904, 936.69497366676
68.80980018348711, 50.06426643664193
48.56169417179686, 20.248106011690254
0.0, 48.56169417179686
39.84484242344451, 8.716851748352347
0.0, 39.84484242344451
0.0, 39.84484242344451
59.372582132116065, 9.437218051371048
19.848949154806284, 39.52363297730978
0.0, 19.848949154806284
0.0, 19.848949154806284
57.306348677020424, 2.0662334550956416
0.0, 57.306348677020424
54.87600844865491, 2.430340228365516
0.0, 54.87600844865491
0.0, 54.87600844865491
98.1026568408968, 20.771409779232243
0.0, 98.1026568408968
74.22769689535802, 23.874959945538777
0.0, 74.22769689535802
12.231585283327865, 61.996111612030155
0.0, 12.231585283327865
0.0, 12.231585283327865
342.4316901852633, 713.1373501016258
0.0, 342.4316901852633
94.90524364734107, 247.5264465379222
0.38543794302754336, 94.51980570431353
0.0, 0.38543794302754336
0.0, 0.38543794302754336
71.5112557671583, 23.393987880182763
0.0, 71.5112557671583
0.0, 71.5112557671583
1228.7856799117055, 9.057330814897341
1059.2965480129621, 169.48913189874338
1013.8102765639927, 45.48627144896943
654.633279750892, 359.1769968131007
319.9583673743576, 334.67491237653445
0.0, 319.9583673743576
171.21061726541518, 148.7477501089424
0.0, 171.21061726541518
164.98300848332045, 6.227608782094734
0.0, 164.98300848332045
4.604132058759874, 160.37887642456056
0.0, 4.604132058759874
0.0, 4.604132058759874
325.4457787338597, 329.18750101703233
69.31392130034949, 256.1318574335102
0.0, 69.31392130034949
4.569655222887667, 64.74426607746183
0.0, 4.569655222887667
0.0, 4.569655222887667
165.03792625709477, 160.40785247676493
82.19830053067635, 82.83962572641842
0.0, 82.19830053067635
42.648847879516545, 39.549452651159804
0.0, 42.648847879516545
0.0, 42.648847879516545
118.48482991983902, 46.55309633725575
0.0, 118.48482991983902
0.0, 118.48482991983902
1005.7192896831328, 8.090986880859873
0.0, 1005.7192896831328
883.0469976102753, 122.67229207285754
575.203444177131, 307.8435534331443
0.0, 575.203444177131
70.0539832736319, 505.1494609034991
0.0, 70.0539832736319
0.0, 70.0539832736319
735.0361315101958, 148.0108661000795
0.0, 735.0361315101958
431.5134192345479, 303.5227122756479
0.0, 431.5134192345479
0.0, 431.5134192345479
1022.9969701913448, 36.29957782161739
306.0512648362416, 716.9457053551032
61.84983378627295, 244.20143104996868
0.0, 61.84983378627295
0.0, 61.84983378627295
242.76435570728208, 63.286909128959536
60.03710717399918, 182.7272485332829
0.0, 60.03710717399918
32.85893180553411, 27.17817536846507
0.0, 32.85893180553411
1.1418078296339862, 31.717123975900126
0.0, 1.1418078296339862
0.0, 1.1418078296339862
132.15411712786022, 110.61023857942186
21.881378272560102, 110.27273885530012
0.0, 21.881378272560102
0.0, 21.881378272560102
45.99316822608397, 86.16094890177625
0.0, 45.99316822608397
23.785546560498624, 22.207621665585343
0.0, 23.785546560498624
0.0, 23.785546560498624
442.11425795388607, 580.8827122374587
0.0, 442.11425795388607
15.935367082950814, 426.1788908709353
0.0, 15.935367082950814
0.0, 15.935367082950814
1206.1539459981564, 22.63173391354917
1175.6550690889417, 30.498876909214687
1113.4826986774783, 62.17237041146336
232.23370104979819, 881.2489976276802
0.0, 232.23370104979819
117.25647607773418, 114.97722497206401
25.057793633974207, 92.19868244375996
0.0, 25.057793633974207
0.9930640907810973, 24.06472954319311
0.0, 0.9930640907810973
0.0, 0.9930640907810973
116.62265146849431, 0.6338246092398663
0.0, 116.62265146849431
41.66999431312106, 74.95265715537326
0.0, 41.66999431312106
0.0, 41.66999431312106
1087.366745193313, 26.115953484165402
701.8711390509017, 385.49560614241125
103.7678681856222, 598.1032708652795
0.0, 103.7678681856222
0.0, 103.7678681856222
370.80442080534897, 331.0667182455527
45.20483838472598, 325.599582420623
0.0, 45.20483838472598
41.48094850639973, 3.723889878326254
0.0, 41.48094850639973
0.0, 41.48094850639973
370.0318346549889, 0.7725861503600413
172.0557547666389, 197.97607988835003
0.0, 172.0557547666389
55.4855631775174, 116.57019158912149
0.0, 55.4855631775174
53.82668160176168, 1.6588815757557214
4.181897427441126, 49.64478417432055
0.0, 4.181897427441126
0.0, 4.181897427441126
6.375238611873485, 47.45144298988819
0.0, 6.375238611873485
0.0, 6.375238611873485
361.55894746618736, 8.472887188801565
0.0, 361.55894746618736
125.75394056157783, 235.8050069046095
0.0, 125.75394056157783
0.0, 125.75394056157783
1062.9893220959302, 24.37742309738269
1009.8167863682478, 53.17253572768243
316.2086854592475, 693.6081009090003
0.0, 316.2086854592475
207.83475496672415, 108.37393049252333
0.0, 207.83475496672415
24.968847633405296, 182.86590733331886
0.0, 24.968847633405296
12.506023443093788, 12.462824190311508
0.0, 12.506023443093788
0.0, 12.506023443093788
1004.6338066833639, 5.18297968488389
0.0, 1004.6338066833639
18.15453564164694, 986.479271041717
0.0, 18.15453564164694
0.0, 18.15453564164694
1012.0707182845902, 50.91860381134006
373.4344287447612, 638.636289539829
0.0, 373.4344287447612
0.0, 373.4344287447612
427.26752023577575, 584.8031980488145
0.0, 427.26752023577575
45.80291552003964, 381.46460471573613
0.0, 45.80291552003964
0.0, 45.80291552003964
1115.45339619047, 60.20167289847177
1024.5998866831812, 90.85350950728866
1001.996951369912, 22.6029353132692
701.8367161574988, 300.1602352124132
483.0588439633831, 218.77787219411573
0.0, 483.0588439633831
0.0, 483.0588439633831
679.4463780874199, 22.390338070078883
405.0356168841524, 274.41076120326755
0.0, 405.0356168841524
220.1793182175029, 184.85629866664948
69.90549953976539, 150.2738186777375
0.0, 69.90549953976539
0.0, 69.90549953976539
133.22057337317747, 86.95874484432542
0.0, 133.22057337317747
125.22584600727447, 7.994727365903003
0.0, 125.22584600727447
0.0, 125.22584600727447
418.31989274377463, 261.1264853436453
3.0085442986970494, 415.31134844507756
0.0, 3.0085442986970494
0.0, 3.0085442986970494
151.08636006338395, 267.2335326803907
0.0, 151.08636006338395
87.97614578040823, 63.11021428297572
0.0, 87.97614578040823
0.0, 87.97614578040823
906.5973454017458, 95.39960596816627
2.5883432028106244, 904.0090021989351
0.0, 2.5883432028106244
0.0, 2.5883432028106244
454.46938449001266, 452.1279609117331
256.69850089209376, 197.7708835979189
0.0, 256.69850089209376
201.85676445901697, 54.84173643307679
4.2846020062199806, 197.572162452797
0.0, 4.2846020062199806
2.8265496576721887, 1.4580523485477919
0.0, 2.8265496576721887
0.0, 2.8265496576721887
113.05756350854124, 88.79920095047574
0.0, 113.05756350854124
0.0, 113.05756350854124
317.9864253470077, 136.48295914300496
72.7227408968902, 245.2636844501175
0.0, 72.7227408968902
42.216940004677944, 30.505800892212257
0.0, 42.216940004677944
0.37709854685109356, 41.83984145782685
0.0, 0.37709854685109356
0.0, 0.37709854685109356
130.95022962490097, 187.03619572210673
0.0, 130.95022962490097
109.99904301513385, 20.95118660976712
0.0, 109.99904301513385
3.2720849918992316, 106.72695802323462
0.0, 3.2720849918992316
0.0, 3.2720849918992316
1009.0528923943255, 15.546994288855785
1002.2894574661981, 6.763434928127367
0.0, 1002.2894574661981
973.9053400211471, 28.384117445050947
325.7040836840587, 648.2012563370885
119.6383137216418, 206.06576996241688
0.0, 119.6383137216418
0.0, 119.6383137216418
289.45845630495666, 36.24562737910202
0.0, 289.45845630495666
235.51944077543095, 53.939015529525705
0.0, 235.51944077543095
25.934830989192527, 209.58460978623842
0.0, 25.934830989192527
7.906732772820195, 18.02809821637233
0.0, 7.906732772820195
4.892709542396603, 3.014023230423592
0.0, 4.892709542396603
0.0, 4.892709542396603
767.7157497823763, 206.18959023877085
8.172466183872865, 759.5432835985034
0.0, 8.172466183872865
0.0, 8.172466183872865
331.3526474396435, 436.3631023427328
0.0, 331.3526474396435
295.0155288375971, 36.33711860204636
0.0, 295.0155288375971
136.86868995318773, 158.1468388844094
0.0, 136.86868995318773
11.68748419304733, 125.1812057601404
0.0, 11.68748419304733
0.0, 11.68748419304733
1004.8530535051984, 4.199838889127022
531.0009230985884, 473.85213040661006
147.74803070845613, 383.2528923901323
57.58407188524963, 90.1639588232065
0.0, 57.58407188524963
41.99406100180834, 15.590010883441288
0.0, 41.99406100180834
22.292532290200693, 19.701528711607647
0.0, 22.292532290200693
0.0, 22.292532290200693
124.44239514912508, 23.30563555933105
32.3832408118673, 92.05915433725778
0.0, 32.3832408118673
0.0, 32.3832408118673
33.92235430547971, 90.52004084364538
0.0, 33.92235430547971
0.0, 33.92235430547971
510.57664497255496, 20.424278126033414
178.20709546575128, 332.36954950680365
0.0, 178.20709546575128
0.0, 178.20709546575128
320.7286496480659, 189.84799532448903
70.0205503654575, 250.70809928260843
0.0, 70.0205503654575
0.0, 70.0205503654575
107.98419245835782, 212.7444571897081
25.986519984139, 81.99767247421883
0.0, 25.986519984139
0.0, 25.986519984139
88.68633756865424, 19.297854889703586
0.0, 88.68633756865424
0.0, 88.68633756865424
815.6411850903506, 189.2118684148478
0.0, 815.6411850903506
711.927035590914, 103.71414949943664
5.878378274626747, 706.0486573162873
0.0, 5.878378274626747
0.0, 5.878378274626747
116.00440169011372, 595.9226339008003
0.0, 116.00440169011372
7.6888131810452025, 108.31558850906852
0.0, 7.6888131810452025
0.0, 7.6888131810452025
1045.8353652348837, 69.61803095558616
653.6685594669332, 392.16680576795056
0.0, 653.6685594669332
310.9393818377974, 342.7291776291358
0.0, 310.9393818377974
140.18813678874253, 170.75124504905486
0.0, 140.18813678874253
62.53583720359739, 77.65229958514513
0.0, 62.53583720359739
0.0, 62.53583720359739
990.1174942259756, 55.717871008908105
449.2038191295856, 540.9136750963901
0.0, 449.2038191295856
143.65024190822677, 305.55357722135886
0.0, 143.65024190822677
0.0, 143.65024190822677
792.9505013140616, 197.166992911914
350.19431758437815, 442.75618372968347
64.32639403622383, 285.8679235481543
0.0, 64.32639403622383
0.0, 64.32639403622383
80.48116782093766, 269.71314976344047
0.0, 80.48116782093766
56.28653131312485, 24.19463650781281
0.0, 56.28653131312485
53.31135968494685, 2.9751716281779963
0.0, 53.31135968494685
0.0, 53.31135968494685
777.3162405771404, 15.634260736921192
0.0, 777.3162405771404
522.8052425979633, 254.5109979791771
0.0, 522.8052425979633
141.0193324785618, 381.78591011940154
0.0, 141.0193324785618
45.08049008866791, 95.93884238989389
0.0, 45.08049008866791
0.0, 45.08049008866791
1188.7226323837006, 17.431313614455803
1015.471005309724, 173.25162707397658
459.952681397722, 555.518323912002
37.09203046231103, 422.860650935411
0.0, 37.09203046231103
0.0, 37.09203046231103
369.8871655452412, 90.06551585248081
162.21169371896252, 207.67547182627868
0.0, 162.21169371896252
0.0, 162.21169371896252
254.1183876902612, 115.76877785498002
0.0, 254.1183876902612
0.0, 254.1183876902612
1014.268206886284, 1.2027984234399582
363.48026740992333, 650.7879394763606
90.2723889358674, 273.2078784740559
0.0, 90.2723889358674
0.0, 90.2723889358674
202.32835965950173, 161.1519077504216
0.0, 202.32835965950173
0.0, 202.32835965950173
1012.551431022927, 1.716775863357043
327.1660096859599, 685.385421336967
0.0, 327.1660096859599
106.29248930670072, 220.87352037925922
0.0, 106.29248930670072
96.5161075008259, 9.77638180587482
0.0, 96.5161075008259
77.9564241493522, 18.559683351473694
0.0, 77.9564241493522
27.666560767805464, 50.28986338154674
0.0, 27.666560767805464
5.900596747059706, 21.76596402074576
0.0, 5.900596747059706
0.0, 5.900596747059706
1001.1620284699111, 11.389402553015884
425.8954257257845, 575.2666027441267
0.0, 425.8954257257845
48.68364893678305, 377.2117767890014
0.0, 48.68364893678305
0.0, 48.68364893678305
509.63435242929484, 491.52767604061626
18.068727089771695, 491.56562533952314
0.0, 18.068727089771695
0.0, 18.068727089771695
273.8703395215536, 235.76401290774123
156.81543429859687, 117.05490522295673
0.0, 156.81543429859687
126.88864108709973, 29.92679321149714
0.0, 126.88864108709973
109.30364473076727, 17.584996356332454
0.0, 109.30364473076727
79.3273472618698, 29.97629746889747
0.0, 79.3273472618698
0.4362570813411603, 78.89109018052865
0.0, 0.4362570813411603
0.0, 0.4362570813411603
177.94320005813773, 95.92713946341587
0.0, 177.94320005813773
0.0, 177.94320005813773
1040.4728332406678, 148.24979914303276
64.33130749116891, 976.1415257494989
34.07123243671864, 30.260075054450276
0.0, 34.07123243671864
0.0, 34.07123243671864
59.68217888395139, 4.649128607217527
0.0, 59.68217888395139
0.0, 59.68217888395139
799.2003003150403, 241.2725329256275
511.8662071308383, 287.334093184202
0.0, 511.8662071308383
166.16125606301904, 345.70495106781925
0.0, 166.16125606301904
54.16787160297622, 111.99338446004282
0.0, 54.16787160297622
0.0, 54.16787160297622
765.3486086806009, 33.85169163443936
672.5910687282916, 92.75753995230934
106.46653290482986, 566.1245358234618
0.0, 106.46653290482986
24.33556899080875, 82.13096391402111
0.0, 24.33556899080875
13.011340708126914, 11.324228282681835
0.0, 13.011340708126914
0.0, 13.011340708126914
645.1381140525278, 27.45295467576375
147.82295041410904, 497.31516363841877
0.0, 147.82295041410904
48.78453134697662, 99.03841906713242
0.0, 48.78453134697662
0.0, 48.78453134697662
213.2515419312521, 431.8865721212758
0.0, 213.2515419312521
202.9154661601305, 10.336075771121585
0.0, 202.9154661601305
0.0, 202.9154661601305
718.3072900969954, 47.041318583605516
0.0, 718.3072900969954
282.75728320387225, 435.55000689312317
0.15180830926285596, 282.6054748946094
0.0, 0.15180830926285596
0.0, 0.15180830926285596
278.49981533702663, 4.257467866845616
0.0, 278.49981533702663
0.0, 278.49981533702663
