node_generations, branch_length
1115.4337068680493, 22266.05884356002
461.0395766303644, 654.3941302376849
208.67400457491058, 252.36557205545384
68.64243353923722, 140.03157103567338
0.0, 68.64243353923722
34.59529924233653, 34.04713429690069
0.0, 34.59529924233653
0.0, 34.59529924233653
208.42100442949513, 0.2530001454154558
0.0, 208.42100442949513
174.12642613367794, 34.29457829581719
0.0, 174.12642613367794
0.0, 174.12642613367794
384.8979463458312, 76.14163028453322
209.1835638600094, 175.7143824858218
200.16297889689963, 9.02058496310977
0.0, 200.16297889689963
130.61747848784657, 69.54550040905306
0.0, 130.61747848784657
70.47982236880726, 60.137656119039306
0.0, 70.47982236880726
0.0, 70.47982236880726
202.25229107721123, 6.931272782798175
0.0, 202.25229107721123
130.86554954910454, 71.38674152810668
0.0, 130.86554954910454
76.14013448210756, 54.72541506699699
0.0, 76.14013448210756
0.0, 76.14013448210756
213.84755540971034, 171.05039093612086
204.0097248659097, 9.837830543800635
112.75054794776868, 91.25917691814102
0.0, 112.75054794776868
0.0, 112.75054794776868
191.7028625105016, 12.3068623554081
109.2541924222576, 82.448670088244
0.0, 109.2541924222576
0.0, 109.2541924222576
133.69443517915192, 58.00842733134968
0.0, 133.69443517915192
103.35078115057541, 30.34365402857651
27.76704223405837, 75.58373891651705
0.0, 27.76704223405837
19.4472642181391, 8.319778015919269
0.0, 19.4472642181391
0.0, 19.4472642181391
81.21546995357389, 22.135311197001528
0.0, 81.21546995357389
0.0, 81.21546995357389
212.51535465694172, 1.332200752768614
43.93456682435251, 168.5807878325892
0.0, 43.93456682435251
0.0, 43.93456682435251
211.99329554899685, 0.5220591079448695
0.0, 211.99329554899685
207.11830286471468, 4.8749926842821765
202.9520282072537, 4.166274657460974
85.19636284058556, 117.75566536666814
0.0, 85.19636284058556
0.0, 85.19636284058556
202.69227026851235, 0.2597579387413589
186.4989262854129, 16.193343983099453
0.0, 186.4989262854129
22.94227114652672, 163.55665513888619
0.0, 22.94227114652672
4.3024997940198215, 18.639771352506898
0.0, 4.3024997940198215
0.0, 4.3024997940198215
202.37831011506856, 0.31396015344378725
186.01302060108193, 16.365289513986625
0.0, 186.01302060108193
0.0, 186.01302060108193
186.60632576899346, 15.7719843460751
0.0, 186.60632576899346
169.09970888508508, 17.50661688390838
0.0, 169.09970888508508
88.60729054039804, 80.49241834468704
0.0, 88.60729054039804
0.0, 88.60729054039804
204.06944012625743, 3.0488627384572453
162.4980969946778, 41.571343131579624
69.22210116415587, 93.27599583052194
0.0, 69.22210116415587
0.0, 69.22210116415587
92.53301287014256, 69.96508412453525
12.649698123647768, 79.88331474649479
0.0, 12.649698123647768
0.0, 12.649698123647768
82.20786203280743, 10.32515083733513
0.0, 82.20786203280743
80.8256016813887, 1.3822603514187222
0.0, 80.8256016813887
34.57000973775204, 46.25559194363667
0.0, 34.57000973775204
27.963836358503826, 6.606173379248212
0.0, 27.963836358503826
0.0, 27.963836358503826
201.7095855165059, 2.3598546097515225
0.7272508404485992, 200.98233467605732
0.0, 0.7272508404485992
0.0, 0.7272508404485992
201.49598793414594, 0.2135975823599665
0.0, 201.49598793414594
158.68007367783926, 42.815914256306684
0.0, 158.68007367783926
121.87936425853867, 36.80070941930059
0.0, 121.87936425853867
79.89190375358886, 41.98746050494981
0.0, 79.89190375358886
53.331415795352385, 26.56048795823648
0.0, 53.331415795352385
0.0, 53.331415795352385
863.7927366158017, 251.6409702522476
372.8551250304947, 490.93761158530697
293.97512501927594, 78.88000001121878
221.99038205626607, 71.98474296300986
201.41811804953372, 20.572264006732354
69.48809165185001, 131.93002639768372
0.0, 69.48809165185001
2.7078628055030167, 66.780228846347
0.0, 2.7078628055030167
0.0, 2.7078628055030167
127.78749550708264, 73.63062254245108
0.0, 127.78749550708264
114.20337537607512, 13.584120131007523
0.0, 114.20337537607512
54.76250241914728, 59.440872956927834
0.0, 54.76250241914728
38.19828697108504, 16.564215448062242
0.0, 38.19828697108504
0.0, 38.19828697108504
212.27593728589318, 9.714444770372893
203.6386986174807, 8.637238668412465
195.11053843090528, 8.528160186575434
53.891073686761814, 141.21946474414347
0.0, 53.891073686761814
8.842532594707988, 45.048541092053824
0.0, 8.842532594707988
0.0, 8.842532594707988
65.57719123889177, 129.5333471920135
0.0, 65.57719123889177
12.376295825868004, 53.200895413023765
0.0, 12.376295825868004
2.4812127780766997, 9.895083047791305
0.0, 2.4812127780766997
0.0, 2.4812127780766997
202.07520573084918, 1.5634928866315363
0.0, 202.07520573084918
201.35619528880548, 0.7190104420436967
0.0, 201.35619528880548
148.35354704559606, 53.00264824320942
116.04834414280631, 32.305202902789745
0.0, 116.04834414280631
36.08871675979978, 79.95962738300653
0.0, 36.08871675979978
0.0, 36.08871675979978
129.01056903296615, 19.342978012629914
0.0, 129.01056903296615
0.0, 129.01056903296615
204.67180402757256, 7.604133258320616
0.0, 204.67180402757256
203.01009816926407, 1.661705858308494
12.801276801842087, 190.208821367422
0.0, 12.801276801842087
0.0, 12.801276801842087
144.2991027653599, 58.71099540390418
106.8704534137656, 37.42864935159429
0.0, 106.8704534137656
0.0, 106.8704534137656
134.47947376398693, 9.81962900137296
0.0, 134.47947376398693
132.5688546369738, 1.9106191270131205
0.0, 132.5688546369738
33.990239300843236, 98.57861533613058
0.0, 33.990239300843236
0.0, 33.990239300843236
279.79991570792737, 14.175209311348567
222.9274125265426, 56.87250318138476
73.35380878763652, 149.5736037389061
0.0, 73.35380878763652
0.0, 73.35380878763652
79.66895225245028, 143.25846027409233
0.0, 79.66895225245028
12.773204122483103, 66.89574812996717
0.0, 12.773204122483103
0.0, 12.773204122483103
259.35618341393763, 20.44373229398974
54.75557671360827, 204.60060670032937
0.0, 54.75557671360827
16.47742628268929, 38.278150430918984
0.0, 16.47742628268929
13.494461480898705, 2.982964801790585
0.0, 13.494461480898705
0.0, 13.494461480898705
223.36897933257816, 35.987204081359465
203.53821690067096, 19.830762431907203
202.1037482435514, 1.4344686571195666
24.313776605132638, 177.78997163841876
0.0, 24.313776605132638
15.230534331730242, 9.083242273402396
0.0, 15.230534331730242
0.0, 15.230534331730242
200.73211575787693, 1.3716324856744677
0.0, 200.73211575787693
0.0, 200.73211575787693
202.94488406390457, 0.5933328367663933
0.0, 202.94488406390457
0.0, 202.94488406390457
220.30540342453875, 3.063575908039411
200.56544212022501, 19.739961304313738
10.48834998729641, 190.0770921329286
0.0, 10.48834998729641
0.0, 10.48834998729641
34.28973421757387, 166.27570790265113
21.81643013928972, 12.473304078284151
0.0, 21.81643013928972
0.0, 21.81643013928972
34.21067396302183, 0.07906025455204002
11.392883116673518, 22.817790846348316
0.0, 11.392883116673518
0.0, 11.392883116673518
21.877304757244026, 12.333369205777807
0.0, 21.877304757244026
0.0, 21.877304757244026
214.33294239759525, 5.972461026943506
183.70361034143113, 30.629332056164117
0.0, 183.70361034143113
0.0, 183.70361034143113
205.09713711841923, 9.23580527917602
0.0, 205.09713711841923
193.73133961142335, 11.365797506995875
170.25808190327706, 23.473257708146292
68.35086448304182, 101.90721742023524
0.0, 68.35086448304182
47.838758254087544, 20.512106228954273
0.0, 47.838758254087544
0.0, 47.838758254087544
97.26552784133618, 72.99255406194088
43.11541767057811, 54.15011017075807
1.797667467136481, 41.31775020344163
0.0, 1.797667467136481
0.0, 1.797667467136481
3.172408656236437, 39.943009014341676
0.0, 3.172408656236437
0.0, 3.172408656236437
77.79689901020376, 19.46862883113242
0.0, 77.79689901020376
4.446605677872409, 73.35029333233135
0.0, 4.446605677872409
0.0, 4.446605677872409
187.3863279426844, 6.345011668738948
85.11617124388766, 102.27015669879674
13.349808866786326, 71.76636237710133
0.0, 13.349808866786326
0.0, 13.349808866786326
82.3031223884772, 2.8130488554104573
0.0, 82.3031223884772
0.0, 82.3031223884772
150.87811270536895, 36.508215237315454
57.374762117366735, 93.5033505880022
8.382971707575393, 48.99179040979134
0.0, 8.382971707575393
0.0, 8.382971707575393
22.372875115464346, 35.00188700190239
0.0, 22.372875115464346
0.0, 22.372875115464346
139.31592024158704, 11.562192463781912
50.43601277778468, 88.87990746380235
0.0, 50.43601277778468
0.0, 50.43601277778468
114.68744918363886, 24.628471057948175
29.946497113413386, 84.74095207022548
0.0, 29.946497113413386
0.0, 29.946497113413386
38.896676320736326, 75.79077286290254
0.0, 38.896676320736326
0.0, 38.896676320736326
323.2821646221574, 49.57296040833734
284.15034714500854, 39.13181747714884
203.71931415581867, 80.43103298918987
0.0, 203.71931415581867
31.502329935378132, 172.21698422044054
0.0, 31.502329935378132
23.181992461748756, 8.320337473629376
0.0, 23.181992461748756
17.623290195635317, 5.558702266113439
0.0, 17.623290195635317
0.0, 17.623290195635317
212.0588441679676, 72.09150297704093
204.451517114841, 7.607327053126596
33.26676315058029, 171.18475396426072
0.0, 33.26676315058029
0.0, 33.26676315058029
163.67128176367612, 40.78023535116489
0.0, 163.67128176367612
0.0, 163.67128176367612
209.9481707580282, 2.110673409939409
0.0, 209.9481707580282
207.430152295462, 2.5180184625662037
32.246608273750105, 175.1835440217119
0.0, 32.246608273750105
0.0, 32.246608273750105
204.2054218193478, 3.224730476114189
135.61644709432736, 68.58897472502045
0.0, 135.61644709432736
131.2218028549321, 4.394644239395262
0.0, 131.2218028549321
0.0, 131.2218028549321
200.3088927041643, 3.8965291151835117
144.97343060384165, 55.335462100322644
0.0, 144.97343060384165
112.21680028260388, 32.756630321237765
0.0, 112.21680028260388
0.0, 112.21680028260388
164.66539272386476, 35.64349998029954
0.0, 164.66539272386476
35.704795711623376, 128.96059701224138
0.0, 35.704795711623376
6.146928892855548, 29.557866818767828
0.0, 6.146928892855548
0.0, 6.146928892855548
287.3966088144946, 35.8855558076628
221.4942738928234, 65.90233492167118
165.43553895475688, 56.05873493806652
0.0, 165.43553895475688
74.39582530949428, 91.0397136452626
0.0, 74.39582530949428
0.0, 74.39582530949428
219.99770815231435, 1.4965657405090553
204.9771242217505, 15.020583930563845
200.41301635203075, 4.564107869719749
129.92156085582016, 70.49145549621059
0.0, 129.92156085582016
95.26411100226841, 34.65744985355175
0.0, 95.26411100226841
22.679925355478968, 72.58418564678944
0.0, 22.679925355478968
0.0, 22.679925355478968
192.6625451181082, 7.750471233922553
0.0, 192.6625451181082
0.0, 192.6625451181082
203.45559291632995, 1.5215313054205524
0.0, 203.45559291632995
148.40522047231067, 55.050372444019274
0.0, 148.40522047231067
123.0407990085601, 25.364421463750574
0.0, 123.0407990085601
3.295511169369442, 119.74528783919065
0.0, 3.295511169369442
0.0, 3.295511169369442
219.61950520315034, 0.378202949164006
0.0, 219.61950520315034
200.32644258254945, 19.293062620600892
0.0, 200.32644258254945
191.61112205295373, 8.715320529595715
0.0, 191.61112205295373
68.88900617272017, 122.72211588023356
0.0, 68.88900617272017
0.0, 68.88900617272017
231.19058303808046, 56.20602577641412
214.07516650114033, 17.11541653694013
202.01942630626476, 12.055740194875568
158.4662236916566, 43.55320261460815
0.0, 158.4662236916566
0.0, 158.4662236916566
200.81470770673909, 1.2047185995256768
0.0, 200.81470770673909
0.0, 200.81470770673909
206.23196183699557, 7.843204664144764
201.6366557985872, 4.595306038408353
113.03300836894613, 88.60364742964109
79.94123281771616, 33.09177555122997
0.0, 79.94123281771616
0.0, 79.94123281771616
89.47731732666062, 23.555691042285503
0.0, 89.47731732666062
0.0, 89.47731732666062
130.49731507745975, 71.13934072112747
0.0, 130.49731507745975
0.0, 130.49731507745975
202.84270315657184, 3.3892586804237226
200.81450305026866, 2.0282001063031885
200.1524078374342, 0.6620952128344584
89.57890152762629, 110.57350630980791
0.0, 89.57890152762629
47.6700201890543, 41.90888133857199
0.0, 47.6700201890543
0.0, 47.6700201890543
190.18161626364284, 9.97079157379136
0.0, 190.18161626364284
127.24232984052345, 62.939286423119384
0.0, 127.24232984052345
57.75440766541919, 69.48792217510427
12.115007988269822, 45.63939967714936
0.0, 12.115007988269822
0.0, 12.115007988269822
39.161450301080585, 18.592957364338602
0.0, 39.161450301080585
28.17178129350468, 10.989669007575905
0.0, 28.17178129350468
17.11621798315328, 11.055563310351399
0.0, 17.11621798315328
0.0, 17.11621798315328
200.17590556458052, 0.6385974856881376
0.0, 200.17590556458052
159.84902346635394, 40.32688209822658
0.0, 159.84902346635394
96.48024341223874, 63.368780054115206
0.0, 96.48024341223874
44.315760046108686, 52.16448336613005
0.0, 44.315760046108686
6.191028890068921, 38.124731156039765
0.0, 6.191028890068921
0.0, 6.191028890068921
201.31275750870762, 1.5299456478642242
0.0, 201.31275750870762
95.23902475233228, 106.07373275637534
0.0, 95.23902475233228
0.0, 95.23902475233228
225.87150834895263, 5.319074689127831
200.46271127952684, 25.408797069425788
92.34760752490561, 108.11510375462123
0.0, 92.34760752490561
0.0, 92.34760752490561
200.34951103234482, 0.11320024718202149
0.0, 200.34951103234482
34.20231064906751, 166.14720038327732
0.0, 34.20231064906751
0.0, 34.20231064906751
212.44825633832406, 13.423252010628573
0.0, 212.44825633832406
209.00779252424076, 3.4404638140833015
0.0, 209.00779252424076
208.45758446167557, 0.55020806256519
0.0, 208.45758446167557
207.47965554685496, 0.977928914820609
0.0, 207.47965554685496
203.02492391359883, 4.454731633256131
200.10460650696302, 2.920317406635803
0.0, 200.10460650696302
139.97795461896555, 60.12665188799747
0.0, 139.97795461896555
133.7087131752651, 6.2692414437004516
1.4791608745663916, 132.2295523006987
0.0, 1.4791608745663916
0.0, 1.4791608745663916
52.8007137259774, 80.9079994492877
0.0, 52.8007137259774
0.0, 52.8007137259774
202.01501604744522, 1.0099078661536112
4.018101053792328, 197.9969149936529
0.0, 4.018101053792328
3.583845928738687, 0.4342551250536406
0.0, 3.583845928738687
0.0, 3.583845928738687
8.26285961824644, 193.75215642919878
0.0, 8.26285961824644
0.0, 8.26285961824644
623.3737837655328, 240.41895285026885
331.8326265830178, 291.541157182515
231.15240057222303, 100.6802260107948
179.5197179726346, 51.632682599588435
0.0, 179.5197179726346
30.614871708983546, 148.90484626365105
0.0, 30.614871708983546
0.0, 30.614871708983546
227.67906182024166, 3.473338751981373
206.62244390720278, 21.056617913038878
0.0, 206.62244390720278
203.43126616373377, 3.1911777434690123
0.0, 203.43126616373377
202.91033256600258, 0.5209335977311866
10.042905948765457, 192.86742661723713
0.0, 10.042905948765457
2.975646396773457, 7.067259551992
0.0, 2.975646396773457
0.0, 2.975646396773457
91.11827445293821, 111.79205811306437
0.0, 91.11827445293821
0.0, 91.11827445293821
226.62566535200926, 1.0533964682323926
200.56598422010143, 26.059681131907837
0.0, 200.56598422010143
132.6661940264427, 67.89979019365873
0.0, 132.6661940264427
0.0, 132.6661940264427
220.66092154563216, 5.9647438063771006
0.0, 220.66092154563216
208.14385186734316, 12.517069678289005
0.0, 208.14385186734316
49.69217712908731, 158.45167473825586
0.0, 49.69217712908731
34.04653719651971, 15.645639932567605
0.0, 34.04653719651971
21.052702410102764, 12.993834786416944
0.0, 21.052702410102764
15.556833771146321, 5.495868638956443
0.0, 15.556833771146321
4.61848637901037, 10.938347392135952
0.0, 4.61848637901037
0.0, 4.61848637901037
330.4843353291734, 1.3482912538444225
212.9325616651491, 117.5517736640243
208.87532103316198, 4.057240631987128
201.6513151912269, 7.224005841935082
0.0, 201.6513151912269
200.29487402519868, 1.356441166028219
0.0, 200.29487402519868
148.41827678798023, 51.87659723721845
0.0, 148.41827678798023
40.3825773735889, 108.03569941439133
0.0, 40.3825773735889
30.700049207821557, 9.682528165767344
0.0, 30.700049207821557
25.472882825751263, 5.227166382070294
0.0, 25.472882825751263
0.0, 25.472882825751263
208.49814737935677, 0.3771736538052153
0.0, 208.49814737935677
28.141039802784626, 180.35710757657213
0.0, 28.141039802784626
8.969017437038028, 19.1720223657466
0.0, 8.969017437038028
0.0, 8.969017437038028
210.4596529863169, 2.472908678832198
162.7663548690208, 47.69329811729611
86.96398594758766, 75.80236892143314
25.76107943998217, 61.20290650760549
0.0, 25.76107943998217
0.0, 25.76107943998217
43.469997769788336, 43.493988177799324
0.0, 43.469997769788336
0.0, 43.469997769788336
144.18650255250776, 18.57985231651304
62.499805012141394, 81.68669754036637
0.0, 62.499805012141394
0.0, 62.499805012141394
82.29024286228277, 61.896259690224994
0.0, 82.29024286228277
0.0, 82.29024286228277
196.46850661337868, 13.991146372938232
113.30101080105219, 83.1674958123265
0.0, 113.30101080105219
35.96044640618382, 77.34056439486837
0.0, 35.96044640618382
31.123579362451856, 4.836867043731964
0.0, 31.123579362451856
0.0, 31.123579362451856
119.75760489497762, 76.71090171840106
0.0, 119.75760489497762
94.35353142444468, 25.404073470532936
0.0, 94.35353142444468
93.00112519177421, 1.352406232670475
39.33381516053046, 53.667310031243744
0.0, 39.33381516053046
28.266938930248713, 11.06687623028175
0.0, 28.266938930248713
9.834803011559407, 18.432135918689305
0.0, 9.834803011559407
0.0, 9.834803011559407
83.54850040959371, 9.452624782180493
0.0, 83.54850040959371
0.0, 83.54850040959371
314.8313469842352, 15.652988344938194
258.4034487004848, 56.42789828375044
206.69047002646317, 51.7129786740216
35.3642117866495, 171.32625823981368
0.0, 35.3642117866495
2.9011171595803247, 32.463094627069175
0.0, 2.9011171595803247
0.0, 2.9011171595803247
41.836659207767745, 164.85381081869542
0.0, 41.836659207767745
0.0, 41.836659207767745
253.44152372103676, 4.961924979448014
68.48829881694236, 184.95322490409438
0.0, 68.48829881694236
52.134999963480155, 16.353298853462206
0.0, 52.134999963480155
0.0, 52.134999963480155
207.94719738337588, 45.49432633766088
0.0, 207.94719738337588
200.34427845781485, 7.602918925561028
0.0, 200.34427845781485
103.07096269952304, 97.27331575829182
23.50100104686232, 79.56996165266071
0.0, 23.50100104686232
0.0, 23.50100104686232
41.845403936435694, 61.22555876308734
0.0, 41.845403936435694
0.0, 41.845403936435694
270.3392211475559, 44.49212583667929
256.53594726803715, 13.80327387951877
0.0, 256.53594726803715
209.15287022344447, 47.38307704459268
0.0, 209.15287022344447
17.965302180561178, 191.1875680428833
0.0, 17.965302180561178
0.0, 17.965302180561178
258.2368688549973, 12.102352292558635
222.85673759077116, 35.38013126422612
211.78998042284294, 11.066757167928216
11.741776855569107, 200.04820356727384
0.0, 11.741776855569107
0.0, 11.741776855569107
204.51773689467504, 7.272243528167905
0.0, 204.51773689467504
132.97798567301496, 71.53975122166008
0.0, 132.97798567301496
0.0, 132.97798567301496
219.479369463982, 3.3773681267891504
211.35122781865465, 8.12814164532736
178.37884903495055, 32.9723787837041
0.0, 178.37884903495055
144.50956623399614, 33.86928280095441
8.971751860742309, 135.53781437325384
0.0, 8.971751860742309
0.0, 8.971751860742309
119.23387575214504, 25.2756904818511
70.33799195670268, 48.89588379544236
0.0, 70.33799195670268
12.00921265346499, 58.32877930323769
0.0, 12.00921265346499
0.0, 12.00921265346499
71.88477128306525, 47.34910446907979
0.0, 71.88477128306525
0.0, 71.88477128306525
206.38177930688644, 4.969448511768206
8.965719923354415, 197.41605938353203
0.0, 8.965719923354415
0.0, 8.965719923354415
203.0940889095919, 3.28769039729454
0.0, 203.0940889095919
200.4527551775266, 2.6413337320653056
0.0, 200.4527551775266
35.46783397500458, 164.984921202522
0.0, 35.46783397500458
0.0, 35.46783397500458
213.25145490427934, 6.227914559702668
164.16513034510015, 49.08632455917919
0.0, 164.16513034510015
0.0, 164.16513034510015
211.37604743966946, 1.8754074646098786
0.0, 211.37604743966946
201.82776616108293, 9.54828127858653
0.0, 201.82776616108293
75.5609877326946, 126.26677842838833
0.0, 75.5609877326946
0.0, 75.5609877326946
255.90832819130173, 2.3285406636955486
0.0, 255.90832819130173
58.22697310543347, 197.68135508586826
0.0, 58.22697310543347
0.0, 58.22697310543347
546.0499083678986, 77.3238753976342
267.19271463335275, 278.8571937345459
204.10354099776342, 63.08917363558933
0.0, 204.10354099776342
203.77020501859357, 0.3333359791698456
139.69810249450637, 64.0721025240872
0.0, 139.69810249450637
123.99585816205698, 15.702244332449396
0.0, 123.99585816205698
90.99775462224699, 32.99810353980999
0.0, 90.99775462224699
10.211779062256097, 80.78597555999089
0.0, 10.211779062256097
3.5307949274288837, 6.680984134827213
0.0, 3.5307949274288837
0.0, 3.5307949274288837
200.28953636847677, 3.4806686501167974
0.0, 200.28953636847677
46.00552628480899, 154.2840100836678
0.0, 46.00552628480899
0.0, 46.00552628480899
263.71052542001524, 3.482189213337506
141.04536363995325, 122.665161780062
0.0, 141.04536363995325
0.0, 141.04536363995325
240.70510490058268, 23.005420519432562
200.82055921868505, 39.884545681897634
0.0, 200.82055921868505
0.0, 200.82055921868505
218.1810902919419, 22.524014608640783
207.55770691112002, 10.623383380821878
5.301760702548814, 202.2559462085712
0.0, 5.301760702548814
0.0, 5.301760702548814
89.15049293326382, 118.4072139778562
0.0, 89.15049293326382
0.0, 89.15049293326382
210.73841631620266, 7.44267397573924
203.40040356514083, 7.338012751061825
0.0, 203.40040356514083
0.9064521687487153, 202.4939513963921
0.0, 0.9064521687487153
0.0, 0.9064521687487153
205.69590537285103, 5.04251094335163
0.0, 205.69590537285103
204.3961330995035, 1.2997722733475428
0.0, 204.3961330995035
12.023151391543543, 192.37298170795995
0.0, 12.023151391543543
0.0, 12.023151391543543
314.29591641532545, 231.7539919525732
213.3078571194284, 100.98805929589705
199.43876885768353, 13.869088261744878
66.75747019161862, 132.6812986660649
0.0, 66.75747019161862
28.49717736771876, 38.26029282389986
0.0, 28.49717736771876
0.0, 28.49717736771876
191.53837432033785, 7.900394537345676
0.0, 191.53837432033785
45.599702523500916, 145.93867179683693
0.0, 45.599702523500916
26.72892782470826, 18.870774698792655
0.0, 26.72892782470826
0.0, 26.72892782470826
202.68451467584876, 10.623342443579645
110.3268080696141, 92.35770660623466
0.0, 110.3268080696141
61.296412528334635, 49.03039554127947
0.0, 61.296412528334635
0.0, 61.296412528334635
196.62374512127263, 6.060769554576126
0.0, 196.62374512127263
0.0, 196.62374512127263
278.120155232379, 36.175761182946474
130.83874831736182, 147.28140691501716
18.21845980717099, 112.62028851019083
2.0176112086150635, 16.20084859855593
0.0, 2.0176112086150635
0.0, 2.0176112086150635
6.55560872038464, 11.66285108678635
0.0, 6.55560872038464
0.0, 6.55560872038464
92.56887595324939, 38.26987236411243
0.0, 92.56887595324939
0.0, 92.56887595324939
231.3419926670983, 46.77816256528067
214.29368785499724, 17.048304812101065
1.095514707629726, 213.19817314736753
0.0, 1.095514707629726
0.0, 1.095514707629726
205.91480436783192, 8.378883487165325
141.35893466693253, 64.5558697008994
0.0, 141.35893466693253
85.3042923878492, 56.054642279083325
0.0, 85.3042923878492
0.0, 85.3042923878492
204.97006571865964, 0.9447386491722796
102.58894323883031, 102.38112247982933
0.0, 102.58894323883031
55.36431889489941, 47.2246243439309
0.0, 55.36431889489941
0.0, 55.36431889489941
204.34974620242016, 0.6203195162394763
201.19246814799828, 3.15727805442188
33.09605976210993, 168.09640838588837
0.0, 33.09605976210993
0.0, 33.09605976210993
48.205795944511934, 152.98667220348636
0.0, 48.205795944511934
0.0, 48.205795944511934
203.03455318539778, 1.3151930170223807
201.1537850879351, 1.880768097462692
17.027783695174353, 184.12600139276074
0.0, 17.027783695174353
0.0, 17.027783695174353
85.18624995612501, 115.96753513181008
0.0, 85.18624995612501
22.58402408094731, 62.6022258751777
0.0, 22.58402408094731
19.59880393562913, 2.985220145318177
0.0, 19.59880393562913
0.0, 19.59880393562913
202.70383211668556, 0.3307210687122222
179.16692327622087, 23.53690884046469
6.201678831025785, 172.96524444519508
0.0, 6.201678831025785
0.0, 6.201678831025785
73.09835947391556, 106.0685638023053
0.0, 73.09835947391556
0.0, 73.09835947391556
185.74267742894423, 16.961154687741328
0.0, 185.74267742894423
55.154069983396155, 130.58860744554806
0.0, 55.154069983396155
51.176568567734066, 3.97750141566209
0.0, 51.176568567734066
43.744410385351564, 7.432158182382501
0.0, 43.744410385351564
0.0, 43.744410385351564
221.326420472378, 10.015572194720306
211.23071046387122, 10.095710008506785
82.83501181009717, 128.39569865377405
0.0, 82.83501181009717
71.444077458818, 11.39093435127917
0.0, 71.444077458818
60.51970959425528, 10.924367864562718
0.0, 60.51970959425528
0.0, 60.51970959425528
200.66080979151636, 10.569900672354862
0.0, 200.66080979151636
139.53928662003597, 61.12152317148039
0.0, 139.53928662003597
81.61876393371273, 57.92052268632324
0.0, 81.61876393371273
27.686483990480905, 53.93227994323182
0.0, 27.686483990480905
0.0, 27.686483990480905
212.71755742889988, 8.608863043478124
0.0, 212.71755742889988
0.0, 212.71755742889988
16764.015387893425, 6617.477162534644
932.1178429779104, 15831.897544915515
586.5143067963542, 345.60353618155625
415.5527182295556, 170.96158856679858
238.74849077355918, 176.8042274559964
216.31740354043382, 22.431087233125368
198.98992993117156, 17.327473609262256
60.18353921085136, 138.8063907203202
0.0, 60.18353921085136
0.0, 60.18353921085136
105.5390257676876, 93.45090416348395
0.0, 105.5390257676876
0.0, 105.5390257676876
215.43357945944445, 0.8838240809893705
208.62896075410634, 6.8046187053381
68.89245508084264, 139.7365056732637
0.0, 68.89245508084264
8.957817841164555, 59.93463723967808
0.0, 8.957817841164555
0.0, 8.957817841164555
201.27883259640146, 7.350128157704887
0.0, 201.27883259640146
0.0, 201.27883259640146
210.55085785183303, 4.8827216076114155
203.77697918371857, 6.773878668114463
42.22794261193482, 161.54903657178374
0.0, 42.22794261193482
0.0, 42.22794261193482
196.9168026567825, 6.860176526936073
0.0, 196.9168026567825
104.95082561988711, 91.96597703689538
0.0, 104.95082561988711
26.734074676995142, 78.21675094289196
0.0, 26.734074676995142
0.0, 26.734074676995142
208.91989648945142, 1.630961362381612
0.0, 208.91989648945142
207.43720030518693, 1.4826961842644835
80.24610606625113, 127.1910942389358
0.0, 80.24610606625113
0.6484407659476366, 79.59766530030349
0.0, 0.6484407659476366
0.0, 0.6484407659476366
200.12818592354867, 7.309014381638264
152.89143973857807, 47.2367461849706
0.0, 152.89143973857807
120.60835143830383, 32.283088300274244
0.0, 120.60835143830383
0.0, 120.60835143830383
161.8267574685462, 38.30142845500248
0.0, 161.8267574685462
58.58638031348262, 103.24037715506357
0.0, 58.58638031348262
0.0, 58.58638031348262
231.9169509981917, 6.8315397753674745
0.0, 231.9169509981917
204.03686568769027, 27.880085310501443
123.5465972320371, 80.49026845565317
0.0, 123.5465972320371
121.59888894579093, 1.9477082862461685
0.0, 121.59888894579093
76.04149906793626, 45.557389877854675
0.0, 76.04149906793626
0.0, 76.04149906793626
138.60771117087282, 65.42915451681745
0.0, 138.60771117087282
130.3357209820438, 8.271990188829022
0.0, 130.3357209820438
57.95161445022067, 72.38410653182314
0.0, 57.95161445022067
51.95344220916472, 5.998172241055947
0.0, 51.95344220916472
0.2463411156883068, 51.70710109347641
0.0, 0.2463411156883068
0.0, 0.2463411156883068
337.2863454195904, 78.26637280996516
251.26151730613896, 86.02482811345146
210.16564792588892, 41.095869380250036
5.776406155726109, 204.3892417701628
0.0, 5.776406155726109
0.0, 5.776406155726109
136.78922223691106, 73.37642568897786
0.0, 136.78922223691106
20.31938556259143, 116.46983667431962
0.0, 20.31938556259143
0.9555711317533517, 19.36381443083808
0.0, 0.9555711317533517
0.0, 0.9555711317533517
249.47391823805398, 1.7875990680849725
214.57056354397184, 34.90335469408214
207.64388813752166, 6.926675406450187
0.0, 207.64388813752166
0.0, 207.64388813752166
211.66124228477364, 2.909321259198208
207.6228576918203, 4.038384592953349
0.0, 207.6228576918203
203.7579386110055, 3.8649190808147864
67.47482658522419, 136.2831120257813
0.0, 67.47482658522419
64.11641698030294, 3.358409604921249
0.0, 64.11641698030294
0.0, 64.11641698030294
172.57251167861463, 31.185426932390868
0.0, 172.57251167861463
0.0, 172.57251167861463
209.77730219099175, 1.883940093781888
38.77935596875318, 170.99794622223857
0.0, 38.77935596875318
0.0, 38.77935596875318
207.54035476829807, 2.2369474226936745
202.87487724275752, 4.6654775255405525
74.4285910753345, 128.446286167423
0.0, 74.4285910753345
42.81899786000975, 31.609593215324743
0.0, 42.81899786000975
0.0, 42.81899786000975
108.83719832937517, 94.03767891338235
0.0, 108.83719832937517
4.3624277707194485, 104.47477055865572
0.0, 4.3624277707194485
0.0, 4.3624277707194485
203.74892684000304, 3.791427928295036
202.81447926912327, 0.9344475708797688
81.28663143775859, 121.52784783136468
0.0, 81.28663143775859
0.0, 81.28663143775859
202.51914212828973, 0.29533714083353857
0.0, 202.51914212828973
0.0, 202.51914212828973
202.87317273324894, 0.8757541067541013
0.0, 202.87317273324894
200.26476123616757, 2.608411497081363
0.0, 200.26476123616757
0.0, 200.26476123616757
235.67113777520342, 13.802780462850563
0.0, 235.67113777520342
200.48905235712513, 35.18208541807829
0.0, 200.48905235712513
0.0, 200.48905235712513
293.02322486335265, 44.263120556237766
200.19238919189593, 92.83083567145673
0.0, 200.19238919189593
91.18624265118494, 109.00614654071099
0.0, 91.18624265118494
69.75585216587282, 21.430390485312117
0.0, 69.75585216587282
4.959272990140283, 64.79657917573255
0.0, 4.959272990140283
0.0, 4.959272990140283
225.92566628525225, 67.0975585781004
203.6906008407257, 22.235065444526555
0.0, 203.6906008407257
103.58536587604384, 100.10523496468186
0.0, 103.58536587604384
70.25121947704484, 33.334146398998996
0.0, 70.25121947704484
0.0, 70.25121947704484
204.46470511842867, 21.46096116682358
98.5007214239683, 105.96398369446037
0.0, 98.5007214239683
64.44702304771575, 34.053698376252555
0.0, 64.44702304771575
0.0, 64.44702304771575
200.89086891986128, 3.573836198567392
96.22064800709913, 104.67022091276215
81.22765683240854, 14.992991174690587
0.0, 81.22765683240854
22.183416107093326, 59.04424072531522
0.0, 22.183416107093326
0.0, 22.183416107093326
90.17397740001175, 6.046670607087378
61.31273447304497, 28.86124292696678
0.0, 61.31273447304497
25.761556328005533, 35.55117814503944
0.0, 25.761556328005533
0.0, 25.761556328005533
68.60908809645426, 21.564889303557493
0.0, 68.60908809645426
60.804946858715155, 7.804141237739103
0.0, 60.804946858715155
56.33780170380533, 4.467145154909822
0.0, 56.33780170380533
42.54095734704807, 13.796844356757262
0.0, 42.54095734704807
33.983594134102866, 8.557363212945205
0.0, 33.983594134102866
1.6418757534672126, 32.341718380635655
0.0, 1.6418757534672126
0.0, 1.6418757534672126
153.72985319839842, 47.16101572146286
71.08533087060286, 82.64452232779556
0.0, 71.08533087060286
0.0, 71.08533087060286
151.6958625905927, 2.0339906078057197
66.34537574452054, 85.35048684607216
0.0, 66.34537574452054
0.0, 66.34537574452054
83.02044090575637, 68.67542168483632
0.0, 83.02044090575637
57.783537459767146, 25.236903445989228
0.0, 57.783537459767146
0.0, 57.783537459767146
497.20904078036034, 89.30526601599382
210.27928713496493, 286.9297536453954
200.2647590270117, 10.014528107953225
14.332819602303847, 185.93193942470785
0.0, 14.332819602303847
0.0, 14.332819602303847
76.28071606625267, 123.98404296075904
14.931383289894834, 61.34933277635783
0.0, 14.931383289894834
0.0, 14.931383289894834
22.98893945645333, 53.291776609799335
0.0, 22.98893945645333
0.0, 22.98893945645333
206.7733872898653, 3.505899845099634
149.2224689692194, 57.550918320645906
0.0, 149.2224689692194
0.0, 149.2224689692194
204.73871356624392, 2.034673723621381
200.7463715358735, 3.9923420303704233
0.0, 200.7463715358735
10.5532310521241, 190.1931404837494
0.0, 10.5532310521241
0.0, 10.5532310521241
202.24232709315305, 2.4963864730908654
88.10911364343609, 114.13321344971696
0.0, 88.10911364343609
70.85449105727213, 17.25462258616396
0.0, 70.85449105727213
0.0, 70.85449105727213
200.42055422470898, 1.8217728684440715
0.0, 200.42055422470898
128.58295039015616, 71.83760383455282
0.0, 128.58295039015616
0.0, 128.58295039015616
346.14687963210037, 151.06216114825997
240.84291090362137, 105.30396872847899
201.3116023185514, 39.53130858506998
0.0, 201.3116023185514
67.74115865930564, 133.57044365924577
0.0, 67.74115865930564
0.0, 67.74115865930564
238.67912433493777, 2.163786568683605
209.65081407821117, 29.0283102567266
80.43262048015745, 129.21819359805372
6.487223719124681, 73.94539676103277
0.0, 6.487223719124681
0.0, 6.487223719124681
10.033184246080213, 70.39943623407724
0.0, 10.033184246080213
0.0, 10.033184246080213
205.93869575145257, 3.712118326758599
34.72258290339986, 171.21611284805272
0.0, 34.72258290339986
8.385793953619462, 26.3367889497804
0.0, 8.385793953619462
0.0, 8.385793953619462
202.87682362265383, 3.06187212879874
79.81303288000339, 123.06379074265044
0.0, 79.81303288000339
73.92356749573366, 5.889465384269727
0.0, 73.92356749573366
0.0, 73.92356749573366
181.16325855835942, 21.713565064294414
0.0, 181.16325855835942
123.08183837296806, 58.08142018539135
0.0, 123.08183837296806
0.0, 123.08183837296806
235.17366978294757, 3.505454551990198
200.3963408732332, 34.777328909714356
0.0, 200.3963408732332
39.81432036756104, 160.58202050567218
0.0, 39.81432036756104
0.0, 39.81432036756104
216.43915346903088, 18.734516313916686
30.772456926199844, 185.66669654283103
0.0, 30.772456926199844
18.22482900051621, 12.547627925683635
0.0, 18.22482900051621
0.0, 18.22482900051621
203.14514798479271, 13.29400548423817
0.0, 203.14514798479271
200.19915856624547, 2.945989418547242
0.0, 200.19915856624547
104.78844135960863, 95.41071720663685
0.0, 104.78844135960863
52.79117842596516, 51.99726293364347
0.0, 52.79117842596516
0.0, 52.79117842596516
276.9773542055045, 69.16952542659584
260.8434535185348, 16.133900686969753
204.6379240466231, 56.20552947191166
30.125890886424763, 174.51203316019834
0.0, 30.125890886424763
0.0, 30.125890886424763
108.33021517129717, 96.30770887532594
13.221160572882173, 95.109054598415
0.0, 13.221160572882173
0.0, 13.221160572882173
94.99631630967265, 13.333898861624519
0.0, 94.99631630967265
71.43930036510773, 23.557015944564924
0.0, 71.43930036510773
0.0, 71.43930036510773
245.55143400020776, 15.29201951832701
210.26622009690416, 35.2852139033036
205.98070465608737, 4.285515440816795
98.10689016525363, 107.87381449083374
0.0, 98.10689016525363
51.342348451987554, 46.76454171326608
0.0, 51.342348451987554
9.427685507632429, 41.91466294435513
0.0, 9.427685507632429
0.0, 9.427685507632429
202.1409698720224, 3.839734784064973
201.45382159905526, 0.6871482729671357
0.0, 201.45382159905526
168.71819636423982, 32.735625234815444
148.20115578790535, 20.517040576334466
0.0, 148.20115578790535
2.5064055117357884, 145.69475027616957
0.0, 2.5064055117357884
0.0, 2.5064055117357884
151.47976125804786, 17.238435106191957
0.0, 151.47976125804786
0.0, 151.47976125804786
201.91065123332805, 0.23031863869434233
0.0, 201.91065123332805
85.13414731634114, 116.77650391698691
0.0, 85.13414731634114
10.088121176871285, 75.04602613946986
0.0, 10.088121176871285
0.0, 10.088121176871285
208.89929968720892, 1.3669204096952399
179.04740324851036, 29.85189643869856
0.0, 179.04740324851036
0.0, 179.04740324851036
205.07369490656245, 3.825604780646472
0.0, 205.07369490656245
204.81723888239992, 0.25645602416253155
0.0, 204.81723888239992
154.06627028823402, 50.7509685941659
0.6671442267977673, 153.39912606143625
0.0, 0.6671442267977673
0.0, 0.6671442267977673
23.015581256053814, 131.0506890321802
0.0, 23.015581256053814
0.0, 23.015581256053814
242.54842116702542, 3.003012833182339
210.19531756813058, 32.35310359889485
0.0, 210.19531756813058
206.87942421877892, 3.3158933493516543
0.0, 206.87942421877892
203.0228361413764, 3.8565880774025345
201.51875976797365, 1.5040763734027394
0.0, 201.51875976797365
200.85045948775667, 0.6683002802169824
0.0, 200.85045948775667
200.08247930909482, 0.7679801786618441
0.0, 200.08247930909482
0.0, 200.08247930909482
202.55047456171428, 0.4723615796621061
171.28384290082585, 31.266631660888436
56.458413120307796, 114.82542978051805
0.0, 56.458413120307796
20.633550753832385, 35.824862366475415
0.0, 20.633550753832385
0.0, 20.633550753832385
91.66771560612199, 79.61612729470386
0.0, 91.66771560612199
0.0, 91.66771560612199
172.81550589320614, 29.734968668508145
0.0, 172.81550589320614
0.0, 172.81550589320614
241.58244607557353, 0.9659750914518952
201.06017098322732, 40.522275092346206
33.02347259190551, 168.0366983913218
0.0, 33.02347259190551
0.0, 33.02347259190551
196.8546954718586, 4.205475511368718
0.0, 196.8546954718586
113.67337748547035, 83.18131798638825
0.0, 113.67337748547035
0.0, 113.67337748547035
218.8605494279212, 22.72189664765233
125.1729536053804, 93.6875958225408
0.0, 125.1729536053804
0.0, 125.1729536053804
202.01186463184504, 16.848684796076157
36.251366858002356, 165.7604977738427
0.0, 36.251366858002356
0.0, 36.251366858002356
103.65266221344416, 98.35920241840088
0.0, 103.65266221344416
26.144757232640924, 77.50790498080323
0.0, 26.144757232640924
14.498420738249756, 11.646336494391168
0.0, 14.498420738249756
0.0, 14.498420738249756
262.28388272043645, 14.693471485068073
200.55038959195883, 61.73349312847762
0.0, 200.55038959195883
194.75299690971056, 5.797392682248272
82.652928029517, 112.10006888019356
0.0, 82.652928029517
0.0, 82.652928029517
133.32568337937226, 61.427313530338296
0.0, 133.32568337937226
98.9049671766211, 34.420716202751166
0.0, 98.9049671766211
86.09540439746162, 12.809562779159478
0.0, 86.09540439746162
63.125397820242085, 22.970006577219536
35.98394427898595, 27.141453541256134
13.95618172377113, 22.02776255521482
0.0, 13.95618172377113
0.0, 13.95618172377113
31.804222915078952, 4.179721363906999
0.0, 31.804222915078952
0.0, 31.804222915078952
60.62391900034198, 2.5014788199001075
0.0, 60.62391900034198
58.93784342387985, 1.6860755764621302
0.0, 58.93784342387985
0.0, 58.93784342387985
259.37480401067796, 2.9090787097584894
210.40059968386146, 48.974204326816505
0.0, 210.40059968386146
201.929568688342, 8.47103099551947
0.0, 201.929568688342
171.75762340564089, 30.171945282701103
0.0, 171.75762340564089
50.04771838662481, 121.70990501901608
0.0, 50.04771838662481
0.0, 50.04771838662481
231.7576938807783, 27.617110129899658
203.44196879768828, 28.31572508309003
0.0, 203.44196879768828
198.3482604975995, 5.093708300088764
0.0, 198.3482604975995
91.02703928972203, 107.32122120787749
0.0, 91.02703928972203
64.52067830670299, 26.506360983019036
0.0, 64.52067830670299
0.0, 64.52067830670299
209.77469019765667, 21.983003683121638
133.63076903468158, 76.14392116297509
9.288667247686696, 124.34210178699487
0.0, 9.288667247686696
0.0, 9.288667247686696
46.82828352263359, 86.80248551204798
0.0, 46.82828352263359
0.0, 46.82828352263359
201.8227658760439, 7.951924321612779
155.95423334715613, 45.868532528887755
7.8525360467126015, 148.10169730044353
0.0, 7.8525360467126015
0.0, 7.8525360467126015
82.86600918862435, 73.08822415853179
1.412472488616013, 81.45353670000833
0.0, 1.412472488616013
0.0, 1.412472488616013
53.77655886887965, 29.0894503197447
0.0, 53.77655886887965
0.0, 53.77655886887965
173.8578707531913, 27.964895122852596
86.54188183746838, 87.31598891572291
43.1383572282097, 43.40352460925868
0.0, 43.1383572282097
0.0, 43.1383572282097
79.89131835719411, 6.650563480274272
0.0, 79.89131835719411
0.0, 79.89131835719411
155.88492724355288, 17.972943509638412
0.0, 155.88492724355288
0.0, 155.88492724355288
696.5251506237279, 235.59269235418253
454.50514886617543, 242.02000175755245
384.2797566684081, 70.22539219776735
239.0870441799106, 145.19271248849748
204.72706100318385, 34.35998317672676
0.0, 204.72706100318385
202.78940588053098, 1.9376551226528704
0.0, 202.78940588053098
182.92428550574542, 19.865120374785562
0.0, 182.92428550574542
170.19652467747275, 12.727760828272665
91.60385638980367, 78.59266828766908
0.0, 91.60385638980367
20.928288313493983, 70.67556807630969
0.0, 20.928288313493983
0.0, 20.928288313493983
125.6573455830414, 44.53917909443135
0.0, 125.6573455830414
0.0, 125.6573455830414
213.71436049221282, 25.372683687697787
204.7868409266999, 8.92751956551291
87.73495628230556, 117.05188464439435
0.0, 87.73495628230556
0.0, 87.73495628230556
201.214365613057, 3.5724753136429115
0.0, 201.214365613057
200.47234451551677, 0.7420210975402313
0.0, 200.47234451551677
98.92195904669397, 101.5503854688228
4.689510996580768, 94.2324480501132
0.0, 4.689510996580768
0.0, 4.689510996580768
43.73127407618226, 55.19068497051171
0.0, 43.73127407618226
0.0, 43.73127407618226
208.09875969931824, 5.615600792894583
13.732529376806529, 194.3662303225117
0.0, 13.732529376806529
0.0, 13.732529376806529
205.6569929490405, 2.4417667502777363
200.1930934677436, 5.463899481296892
24.7965225511367, 175.39657091660692
0.0, 24.7965225511367
0.0, 24.7965225511367
133.42410324224628, 66.76899022549733
49.147293634361795, 84.27680960788447
0.0, 49.147293634361795
0.0, 49.147293634361795
61.56102070514819, 71.86308253709808
8.627168030169859, 52.933852674978326
0.0, 8.627168030169859
0.0, 8.627168030169859
29.433969205222464, 32.12705149992573
0.0, 29.433969205222464
0.0, 29.433969205222464
201.70415234656085, 3.952840602479654
0.0, 201.70415234656085
201.2956229795772, 0.4085293669836574
46.104630942393435, 155.19099203718375
0.0, 46.104630942393435
19.095734994798477, 27.008895947594958
0.0, 19.095734994798477
0.0, 19.095734994798477
106.26151733047458, 95.03410564910261
0.0, 106.26151733047458
0.0, 106.26151733047458
250.29855289585987, 133.9812037725482
235.31059013783022, 14.987962758029653
206.23307619263977, 29.077513945190447
103.76551532250706, 102.46756087013271
0.0, 103.76551532250706
71.38554523260228, 32.37997008990477
0.0, 71.38554523260228
65.19284804464303, 6.192697187959254
0.0, 65.19284804464303
31.49329324216925, 33.69955480247378
0.0, 31.49329324216925
0.0, 31.49329324216925
206.07851292651637, 0.15456326612340376
200.02333027259627, 6.055182653920099
0.0, 200.02333027259627
187.45927829155153, 12.564051981044742
0.0, 187.45927829155153
46.04260366888974, 141.4166746226618
0.0, 46.04260366888974
0.0, 46.04260366888974
201.4595922006702, 4.618920725846181
0.0, 201.4595922006702
0.0, 201.4595922006702
207.67094386544616, 27.639646272384056
202.63319512497526, 5.037748740470903
72.10588572645325, 130.527309398522
0.0, 72.10588572645325
45.64765631820363, 26.458229408249622
0.0, 45.64765631820363
2.7004626298691665, 42.947193688334465
0.0, 2.7004626298691665
0.0, 2.7004626298691665
202.48999754109673, 0.143197583878532
85.26561130358219, 117.22438623751454
0.0, 85.26561130358219
42.06041276133527, 43.20519854224692
0.0, 42.06041276133527
0.0, 42.06041276133527
202.40909975782785, 0.08089778326888108
0.0, 202.40909975782785
0.0, 202.40909975782785
206.96377889075947, 0.707164974686691
0.0, 206.96377889075947
142.9085941932299, 64.05518469752957
0.0, 142.9085941932299
112.72681801633124, 30.181776176898666
22.538250014519665, 90.18856800181157
0.0, 22.538250014519665
0.0, 22.538250014519665
45.45293916072623, 67.273878855605
0.0, 45.45293916072623
26.78755080562305, 18.665388355103183
0.0, 26.78755080562305
0.0, 26.78755080562305
241.9485371145095, 8.350015781350379
205.38668314964025, 36.56185396486924
0.0, 205.38668314964025
204.41408413254476, 0.9725990170954901
0.0, 204.41408413254476
0.0, 204.41408413254476
239.2213165235888, 2.7272205909206946
215.50426653962035, 23.71704998396845
209.89292161980995, 5.611344919810392
208.04902192536346, 1.8438996944464918
0.0, 208.04902192536346
202.41677046331517, 5.632251462048288
0.0, 202.41677046331517
175.15726404303868, 27.259506420276495
0.0, 175.15726404303868
140.8370691888451, 34.32019485419357
0.0, 140.8370691888451
0.0, 140.8370691888451
209.29363069928064, 0.5992909205293131
108.94038059416128, 100.35325010511936
0.0, 108.94038059416128
34.31330722257099, 74.62707337159028
0.0, 34.31330722257099
0.0, 34.31330722257099
205.47163550898384, 3.8219951902968035
0.0, 205.47163550898384
132.01586705363383, 73.45576845535001
0.0, 132.01586705363383
103.45226500290664, 28.563602050727184
65.13431875946463, 38.31794624344201
0.0, 65.13431875946463
0.0, 65.13431875946463
94.95190352363895, 8.500361479267696
0.0, 94.95190352363895
68.23229780520842, 26.71960571843053
0.0, 68.23229780520842
29.66775392425521, 38.56454388095321
0.0, 29.66775392425521
0.0, 29.66775392425521
210.3504373720581, 5.153829167562236
185.41178855437767, 24.938648817680445
0.0, 185.41178855437767
0.0, 185.41178855437767
200.28305120817998, 10.067386163878126
111.22390719101212, 89.05914401716787
3.8285129003793075, 107.39539429063281
0.0, 3.8285129003793075
0.0, 3.8285129003793075
53.53182222096353, 57.69208497004859
0.0, 53.53182222096353
0.0, 53.53182222096353
145.2843561487285, 54.99869505945148
90.15484542859417, 55.129510720134334
0.0, 90.15484542859417
0.0, 90.15484542859417
123.93752008801339, 21.34683606071512
0.0, 123.93752008801339
0.0, 123.93752008801339
230.05376105836973, 9.167555465219067
0.0, 230.05376105836973
204.3167425923693, 25.73701846600042
201.01111925075674, 3.3056233416125735
89.42564542377328, 111.58547382698346
0.0, 89.42564542377328
0.0, 89.42564542377328
200.55709827861287, 0.4540209721438657
32.48241979297485, 168.074678485638
0.0, 32.48241979297485
20.168951920208308, 12.313467872766545
0.0, 20.168951920208308
3.765903270344147, 16.40304864986416
0.0, 3.765903270344147
0.0, 3.765903270344147
45.933356417857475, 154.6237418607554
0.0, 45.933356417857475
0.0, 45.933356417857475
203.1327721491221, 1.1839704432472047
0.0, 203.1327721491221
201.24619267047896, 1.8865794786431422
9.912062725449118, 191.33412994502984
0.0, 9.912062725449118
8.86960135366787, 1.0424613717812488
0.0, 8.86960135366787
7.748174535899572, 1.1214268177682971
0.0, 7.748174535899572
0.0, 7.748174535899572
137.82536363222522, 63.42082903825374
0.0, 137.82536363222522
118.32781049053239, 19.497553141692833
0.0, 118.32781049053239
0.0, 118.32781049053239
432.0159508943705, 22.489197971804913
0.0, 432.0159508943705
336.9891890634916, 95.02676183087891
254.02959573464736, 82.95959332884425
200.3882129232999, 53.641382811347455
0.0, 200.3882129232999
10.974087809499467, 189.41412511380042
0.0, 10.974087809499467
4.847435231163781, 6.126652578335686
0.0, 4.847435231163781
0.0, 4.847435231163781
250.3175692311204, 3.712026503526971
218.61912283996296, 31.698446391157432
205.5454056398231, 13.073717200139868
0.0, 205.5454056398231
201.65889417826668, 3.8865114615564096
125.97144004573227, 75.68745413253441
0.0, 125.97144004573227
16.39433043324504, 109.57710961248722
0.0, 16.39433043324504
3.6510420087592173, 12.743288424485824
0.0, 3.6510420087592173
0.0, 3.6510420087592173
190.5904532184776, 11.068440959789086
0.0, 190.5904532184776
101.79584928735203, 88.79460393112556
0.0, 101.79584928735203
0.0, 101.79584928735203
211.23991249887266, 7.3792103410903
0.0, 211.23991249887266
208.4767124524916, 2.7632000463810584
208.02630720930867, 0.45040524318292796
201.67055701926475, 6.355750190043921
0.0, 201.67055701926475
0.0, 201.67055701926475
203.4297080189203, 4.5965991903883605
0.0, 203.4297080189203
110.96834024643593, 92.46136777248438
24.077233828505612, 86.89110641793032
0.0, 24.077233828505612
10.827652407357508, 13.249581421148104
0.0, 10.827652407357508
0.0, 10.827652407357508
77.00437654815066, 33.96396369828527
0.0, 77.00437654815066
34.43868669651358, 42.56568985163708
0.0, 34.43868669651358
0.0, 34.43868669651358
208.2800790439761, 0.1966334085155097
200.96029497742555, 7.31978406655054
36.775719666706046, 164.1845753107195
0.0, 36.775719666706046
0.0, 36.775719666706046
84.74670704719351, 116.21358793023204
0.0, 84.74670704719351
42.99148779459312, 41.75521925260039
0.0, 42.99148779459312
38.83837822408134, 4.153109570511781
0.0, 38.83837822408134
3.489747712310958, 35.34863051177038
0.0, 3.489747712310958
0.0, 3.489747712310958
204.1659747383755, 4.114104305600591
192.7568220410025, 11.409152697373003
41.71449107066598, 151.0423309703365
28.00176753694695, 13.712723533719029
0.0, 28.00176753694695
5.46035862532774, 22.54140891161921
0.0, 5.46035862532774
0.0, 5.46035862532774
30.77290204456365, 10.941589026102328
0.0, 30.77290204456365
0.0, 30.77290204456365
175.61977260962513, 17.137049431377363
13.63322144629908, 161.98655116332606
0.0, 13.63322144629908
0.0, 13.63322144629908
99.2403888977402, 76.37938371188493
0.0, 99.2403888977402
27.539997744295917, 71.70039115344429
0.0, 27.539997744295917
0.0, 27.539997744295917
202.899301412899, 1.2666733254764893
44.88660398682295, 158.01269742607604
0.0, 44.88660398682295
0.0, 44.88660398682295
133.22795388134026, 69.67134753155875
0.0, 133.22795388134026
120.18934333973748, 13.038610541602779
0.0, 120.18934333973748
10.256362112229361, 109.93298122750812
0.0, 10.256362112229361
0.0, 10.256362112229361
227.52610360552976, 22.791465625590632
210.66853138228265, 16.857572223247104
0.0, 210.66853138228265
204.67547964953638, 5.993051732746267
0.0, 204.67547964953638
200.28515119302432, 4.390328456512066
0.0, 200.28515119302432
0.0, 200.28515119302432
217.10571620075885, 10.420387404770906
83.33599974158723, 133.7697164591716
0.0, 83.33599974158723
0.0, 83.33599974158723
203.7102422656536, 13.395473935105258
201.44711286954487, 2.2631293961087238
159.85896597299646, 41.58814689654841
25.450545083434427, 134.40842088956202
0.0, 25.450545083434427
0.0, 25.450545083434427
156.72920607368923, 3.1297598993072313
0.0, 156.72920607368923
0.0, 156.72920607368923
188.15825030895118, 13.288862560593685
0.0, 188.15825030895118
0.0, 188.15825030895118
201.61163125886793, 2.09861100678566
0.0, 201.61163125886793
200.298111725756, 1.3135195331119291
0.0, 200.298111725756
91.82095552713368, 108.47715619862232
0.0, 91.82095552713368
40.31397128474646, 51.50698424238722
2.7131650125039166, 37.600806272242544
0.0, 2.7131650125039166
0.0, 2.7131650125039166
9.38626992279152, 30.927701361954938
0.0, 9.38626992279152
0.0, 9.38626992279152
311.1083921891578, 25.880796874333782
248.73600571176394, 62.37238647739389
220.75776090808088, 27.978244803683054
68.68908704714715, 152.06867386093373
0.0, 68.68908704714715
19.010985599354477, 49.67810144779268
0.0, 19.010985599354477
0.8795195040635476, 18.13146609529093
0.0, 0.8795195040635476
0.0, 0.8795195040635476
211.8644215335734, 8.893339374507491
203.43980422741467, 8.424617306158723
0.0, 203.43980422741467
201.7195274110414, 1.7202768163732571
0.0, 201.7195274110414
109.81090890369454, 91.90861850734687
0.0, 109.81090890369454
0.0, 109.81090890369454
206.82213127652685, 5.042290257046545
79.2711231346153, 127.55100814191155
0.0, 79.2711231346153
11.428349661067752, 67.84277347354754
0.0, 11.428349661067752
0.0, 11.428349661067752
131.10967095671714, 75.71246031980971
0.0, 131.10967095671714
130.46265986551185, 0.647011091205286
0.0, 130.46265986551185
0.0, 130.46265986551185
224.8584080335835, 23.87759767818045
208.1346046116148, 16.723803421968682
158.2132727615149, 49.921331850099904
0.0, 158.2132727615149
50.72385096541049, 107.48942179610441
0.0, 50.72385096541049
0.0, 50.72385096541049
207.95255061336172, 0.18205399825308177
0.0, 207.95255061336172
165.55092327460346, 42.40162733875826
0.0, 165.55092327460346
0.0, 165.55092327460346
224.55918316371793, 0.2992248698655544
208.77852420980827, 15.780658953909665
201.81617206686303, 6.962352142945235
0.0, 201.81617206686303
0.0, 201.81617206686303
203.42270227364756, 5.355821936160709
0.0, 203.42270227364756
141.76980344137917, 61.65289883226839
100.51831327225115, 41.25149016912802
71.71751206656486, 28.800801205686284
0.0, 71.71751206656486
0.0, 71.71751206656486
86.33051872670595, 14.187794545545202
0.0, 86.33051872670595
3.8212640459941367, 82.5092546807118
0.0, 3.8212640459941367
0.0, 3.8212640459941367
115.54850627663265, 26.221297164746517
0.0, 115.54850627663265
90.3164735610418, 25.232032715590847
0.0, 90.3164735610418
43.16696886132839, 47.14950469971341
0.0, 43.16696886132839
33.80743644360674, 9.359532417721653
0.0, 33.80743644360674
3.977077676584688, 29.83035876702205
0.0, 3.977077676584688
0.0, 3.977077676584688
209.1812232163852, 15.377959947332727
200.3871050074615, 8.794118208923692
12.9255345033443, 187.46157050411722
0.0, 12.9255345033443
0.0, 12.9255345033443
169.90831612185704, 30.478788885604473
0.0, 169.90831612185704
52.94059637166396, 116.96771975019308
0.0, 52.94059637166396
0.0, 52.94059637166396
203.94606590843256, 5.235157307952647
0.0, 203.94606590843256
200.7570421549606, 3.1890237534719574
66.49300748740538, 134.26403466755522
0.0, 66.49300748740538
0.0, 66.49300748740538
188.7232838851775, 12.033758269783107
0.0, 188.7232838851775
0.0, 188.7232838851775
256.67510230503774, 54.433289884120086
227.05127915262324, 29.623823152414502
139.89028253433725, 87.16099661828599
0.0, 139.89028253433725
14.715740721543083, 125.17454181279416
0.0, 14.715740721543083
0.0, 14.715740721543083
219.97217006029956, 7.079109092323677
200.81581443813877, 19.15635562216079
0.0, 200.81581443813877
93.37545455246035, 107.44035988567842
0.0, 93.37545455246035
0.0, 93.37545455246035
217.5144926649418, 2.457677395357763
213.99075558377962, 3.5237370811621815
211.53114205973398, 2.4596135240456363
201.78602304931675, 9.745119010417227
0.0, 201.78602304931675
200.02839598138848, 1.7576270679282686
0.0, 200.02839598138848
67.86390527163495, 132.16449070975352
0.0, 67.86390527163495
0.0, 67.86390527163495
204.00583090661524, 7.525311153118736
202.70048841149526, 1.3053424951199872
135.42981557608775, 67.27067283540751
47.90112624713941, 87.52868932894833
0.0, 47.90112624713941
0.0, 47.90112624713941
51.18598118518369, 84.24383439090406
0.0, 51.18598118518369
0.0, 51.18598118518369
202.43954620981359, 0.26094220168167226
120.6924754827318, 81.74707072708179
0.0, 120.6924754827318
0.0, 120.6924754827318
172.81441083143739, 29.6251353783762
0.0, 172.81441083143739
140.11526811758307, 32.699142713854314
0.0, 140.11526811758307
109.12178189300715, 30.993486224575918
0.0, 109.12178189300715
18.70208088973971, 90.41970100326745
0.0, 18.70208088973971
0.0, 18.70208088973971
202.79195456403298, 1.2138763425822674
0.0, 202.79195456403298
99.83540944035693, 102.95654512367605
14.973384901468597, 84.86202453888833
0.0, 14.973384901468597
0.0, 14.973384901468597
73.58422145564725, 26.251187984709674
0.0, 73.58422145564725
0.0, 73.58422145564725
213.0441261885727, 0.9466293952069122
207.49555215613898, 5.54857403243372
114.61757150257583, 92.87798065356316
0.0, 114.61757150257583
106.41730705211042, 8.200264450465411
0.0, 106.41730705211042
0.0, 106.41730705211042
206.8923964987064, 0.6031556574325805
201.94613460822663, 4.946261890479775
9.368511036582355, 192.57762357164427
0.0, 9.368511036582355
0.0, 9.368511036582355
108.1525353407736, 93.79359926745303
0.0, 108.1525353407736
99.87713031374909, 8.275405027024505
0.0, 99.87713031374909
0.0, 99.87713031374909
203.5078600125248, 3.3845364861816165
196.88450971320438, 6.623350299320407
0.0, 196.88450971320438
95.93362367906106, 100.95088603414332
0.0, 95.93362367906106
0.0, 95.93362367906106
199.41481792881262, 4.093042083712163
0.0, 199.41481792881262
47.55704331701897, 151.85777461179364
0.0, 47.55704331701897
0.0, 47.55704331701897
210.86070797624527, 2.183418212327439
200.63436273589724, 10.226345240348024
0.0, 200.63436273589724
82.96321436414999, 117.67114837174725
0.0, 82.96321436414999
25.289569728646477, 57.673644635503514
0.0, 25.289569728646477
0.0, 25.289569728646477
203.95970390825755, 6.901004067987714
176.77006813314625, 27.1896357751113
0.0, 176.77006813314625
117.95857679404891, 58.811491339097344
57.01583483905765, 60.942741954991256
0.0, 57.01583483905765
47.963454654708045, 9.052380184349609
0.0, 47.963454654708045
0.0, 47.963454654708045
57.65379663569579, 60.30478015835312
0.0, 57.65379663569579
0.0, 57.65379663569579
193.11998254630302, 10.839721361954531
64.18953467223659, 128.93044787406643
19.90402213141611, 44.28551254082048
0.0, 19.90402213141611
0.0, 19.90402213141611
41.25156417385787, 22.937970498378718
0.0, 41.25156417385787
0.0, 41.25156417385787
152.48360239984652, 40.6363801464565
0.0, 152.48360239984652
45.19963425256353, 107.28396814728299
0.0, 45.19963425256353
0.0, 45.19963425256353
216.09670275226796, 1.4177899126738396
212.0073897517668, 4.089313000501164
0.0, 212.0073897517668
202.05838094500015, 9.949008806766642
0.0, 202.05838094500015
95.39039318349162, 106.66798776150853
0.0, 95.39039318349162
0.0, 95.39039318349162
215.88190112103675, 0.21480163123121088
0.0, 215.88190112103675
212.39296582142853, 3.4889352996082152
201.06084284376007, 11.332122977668462
0.0, 201.06084284376007
94.24958604186178, 106.8112568018983
0.0, 94.24958604186178
92.42745824740147, 1.8221277944603003
0.0, 92.42745824740147
71.64581345519663, 20.781644792204844
0.0, 71.64581345519663
0.0, 71.64581345519663
211.86520819532342, 0.5277576261051138
201.25533103470016, 10.609877160623256
0.0, 201.25533103470016
181.00101404957582, 20.254316985124348
0.0, 181.00101404957582
65.98146324622523, 115.01955080335058
0.0, 65.98146324622523
57.645535676118136, 8.335927570107096
0.0, 57.645535676118136
0.0, 57.645535676118136
203.15828019623228, 8.706927999091135
40.106433944538274, 163.051846251694
0.0, 40.106433944538274
0.0, 40.106433944538274
200.3151613689549, 2.8431188272773795
0.0, 200.3151613689549
125.0853969931257, 75.2297643758292
0.0, 125.0853969931257
91.28740025472102, 33.79799673840468
53.34767627786221, 37.93972397685881
0.0, 53.34767627786221
0.0, 53.34767627786221
69.23610005209649, 22.05130020262453
0.0, 69.23610005209649
43.83941571905218, 25.396684333044313
0.0, 43.83941571905218
10.491767484553817, 33.34764823449836
0.0, 10.491767484553817
0.0, 10.491767484553817
243.6382588072656, 13.03684349777214
213.0707136049574, 30.567545202308196
119.37195705576526, 93.69875654919214
0.0, 119.37195705576526
67.56863157206978, 51.80332548369549
0.0, 67.56863157206978
0.0, 67.56863157206978
202.36006593948275, 10.710647665474653
7.952508097760816, 194.40755784172194
0.0, 7.952508097760816
0.0, 7.952508097760816
200.60581679446662, 1.7542491450161322
64.51986031519904, 136.08595647926757
0.0, 64.51986031519904
9.425394717670605, 55.09446559752843
0.0, 9.425394717670605
6.866259668558869, 2.5591350491117355
0.0, 6.866259668558869
0.0, 6.866259668558869
116.65521242758918, 83.95060436687744
72.81996790531346, 43.835244522275715
0.0, 72.81996790531346
0.0, 72.81996790531346
77.19872018178677, 39.45649224580241
8.792492444159626, 68.40622773762715
0.0, 8.792492444159626
4.822860688322905, 3.969631755836721
0.0, 4.822860688322905
0.0, 4.822860688322905
55.650388372871035, 21.548331808915734
0.0, 55.650388372871035
0.0, 55.650388372871035
240.09587646297393, 3.542382344291667
206.90516104483933, 33.1907154181346
203.244253130047, 3.6609079147923183
200.2184541719976, 3.025798958049421
112.04480694582332, 88.17364722617427
24.217579020453776, 87.82722792536956
0.0, 24.217579020453776
0.0, 24.217579020453776
96.1844784028257, 15.860328542997621
16.833801559420582, 79.35067684340513
0.0, 16.833801559420582
0.0, 16.833801559420582
60.828048834829985, 35.35642956799572
12.09937964636773, 48.728669188462256
0.0, 12.09937964636773
0.0, 12.09937964636773
26.938331068792312, 33.88971776603768
0.0, 26.938331068792312
0.0, 26.938331068792312
173.61032047380317, 26.608133698194422
0.0, 173.61032047380317
156.35034602803157, 17.259974445771604
0.0, 156.35034602803157
105.51469253517989, 50.83565349285168
61.18566251501399, 44.3290300201659
0.0, 61.18566251501399
25.02930731757121, 36.15635519744278
0.0, 25.02930731757121
0.0, 25.02930731757121
73.12691955597028, 32.387772979209615
0.0, 73.12691955597028
38.26457296674054, 34.86234658922974
0.0, 38.26457296674054
0.0, 38.26457296674054
200.25429014007233, 2.9899629899746856
0.0, 200.25429014007233
0.0, 200.25429014007233
203.43782082523614, 3.4673402196031873
200.30530749268846, 3.1325133325476884
0.0, 200.30530749268846
200.23039125550648, 0.0749162371819807
59.49826911768991, 140.73212213781656
0.0, 59.49826911768991
20.989892908161277, 38.508376209528635
0.0, 20.989892908161277
0.0, 20.989892908161277
108.08352617604108, 92.1468650794654
0.0, 108.08352617604108
94.78101091883536, 13.302515257205712
67.35628097812652, 27.424729940708843
0.0, 67.35628097812652
46.282328006889806, 21.073952971236714
14.82777960350775, 31.454548403382056
0.0, 14.82777960350775
7.274536777999015, 7.553242825508735
0.0, 7.274536777999015
0.0, 7.274536777999015
42.76633667802582, 3.515991328863983
0.0, 42.76633667802582
16.4985775597691, 26.267759118256723
0.0, 16.4985775597691
8.507273104135892, 7.991304455633207
0.0, 8.507273104135892
5.509300344042006, 2.9979727600938864
0.0, 5.509300344042006
0.0, 5.509300344042006
84.83524172269203, 9.945769196143331
0.0, 84.83524172269203
19.797233392917377, 65.03800832977466
0.0, 19.797233392917377
7.145345115963591, 12.651888276953787
0.0, 7.145345115963591
0.0, 7.145345115963591
201.3428700656914, 2.0949507595447585
0.0, 201.3428700656914
83.59010837863312, 117.75276168705827
0.0, 83.59010837863312
12.408088238968094, 71.18202013966503
0.0, 12.408088238968094
0.0, 12.408088238968094
239.29653566095757, 0.7993408020163599
216.68987346492386, 22.60666219603371
201.3163193097155, 15.373554155208353
100.78191946721712, 100.53439984249839
0.0, 100.78191946721712
42.69170374768923, 58.09021571952789
0.0, 42.69170374768923
0.0, 42.69170374768923
153.82015846502804, 47.496160844687466
0.0, 153.82015846502804
12.239188449634739, 141.5809700153933
0.0, 12.239188449634739
8.325648635823088, 3.913539813811651
0.0, 8.325648635823088
0.0, 8.325648635823088
208.93154810802565, 7.758325356898212
204.06029789445034, 4.871250213575308
0.0, 204.06029789445034
201.23858146462317, 2.821716429827177
0.0, 201.23858146462317
0.0, 201.23858146462317
208.36362818237336, 0.5679199256522907
202.23649650795292, 6.12713167442044
131.25928476212806, 70.97721174582486
10.00848369761322, 121.25080106451485
0.0, 10.00848369761322
0.0, 10.00848369761322
25.38164870806433, 105.87763605406373
0.0, 25.38164870806433
0.0, 25.38164870806433
200.10920359961946, 2.127292908333459
0.0, 200.10920359961946
92.92308525671201, 107.18611834290745
80.31839230636109, 12.604692950350923
0.0, 80.31839230636109
67.7396883268839, 12.578703979477197
0.0, 67.7396883268839
40.6217243676336, 27.117963959250297
0.0, 40.6217243676336
23.67704074610443, 16.944683621529165
0.0, 23.67704074610443
0.0, 23.67704074610443
80.91182114303045, 12.011264113681563
0.0, 80.91182114303045
56.003100350028234, 24.908720793002217
0.0, 56.003100350028234
0.0, 56.003100350028234
206.95395788064167, 1.409670301731694
0.0, 206.95395788064167
200.49694906378383, 6.457008816857837
0.0, 200.49694906378383
0.0, 200.49694906378383
223.7981243636072, 15.498411297350373
204.28174590522627, 19.516378458380927
0.0, 204.28174590522627
200.88331451208825, 3.3984313931380257
0.0, 200.88331451208825
134.51934873314778, 66.36396577894047
0.0, 134.51934873314778
0.0, 134.51934873314778
210.37514613447377, 13.422978229133435
0.0, 210.37514613447377
202.67212297983718, 7.703023154636583
0.0, 202.67212297983718
116.35046490456887, 86.32165807526832
0.0, 116.35046490456887
60.06942934375813, 56.281035560810736
0.0, 60.06942934375813
0.0, 60.06942934375813
598.7808986764371, 97.74425194729076
311.7243244879046, 287.0565741885325
243.7598051579961, 67.96451932990848
0.0, 243.7598051579961
233.30598557061128, 10.453819587384828
104.92836143536914, 128.37762413524214
0.0, 104.92836143536914
100.87553314250627, 4.05282829286287
0.0, 100.87553314250627
43.393604496931985, 57.481928645574285
0.0, 43.393604496931985
17.743405830838, 25.650198666093985
0.0, 17.743405830838
0.0, 17.743405830838
223.3752472184635, 9.930738352147785
212.91997501096253, 10.455272207500968
202.3144095695014, 10.605565441461124
0.0, 202.3144095695014
200.28216995261724, 2.032239616884169
45.80357330274921, 154.47859664986802
3.314921738124859, 42.48865156462435
0.0, 3.314921738124859
0.0, 3.314921738124859
4.983471488902188, 40.82010181384702
0.0, 4.983471488902188
0.0, 4.983471488902188
169.77217359852713, 30.509996354090106
0.0, 169.77217359852713
12.019152360754108, 157.75302123777303
0.0, 12.019152360754108
0.0, 12.019152360754108
208.35624468494635, 4.563730326016184
0.0, 208.35624468494635
0.0, 208.35624468494635
219.45634389754417, 3.918903320919327
0.0, 219.45634389754417
211.7040553706751, 7.75228852686908
204.68269086790806, 7.021364502767028
35.28641630062904, 169.39627456727902
0.0, 35.28641630062904
32.11217772957988, 3.174238571049166
0.0, 32.11217772957988
27.515355548366095, 4.596822181213781
0.0, 27.515355548366095
0.0, 27.515355548366095
185.73273416734312, 18.94995670056494
110.70063097012824, 75.03210319721488
32.408609988660324, 78.29202098146791
0.0, 32.408609988660324
0.0, 32.408609988660324
61.3291666253324, 49.37146434479585
0.0, 61.3291666253324
0.0, 61.3291666253324
178.9138750267265, 6.818859140616638
0.0, 178.9138750267265
83.41019927207495, 95.50367575465154
0.0, 83.41019927207495
77.19586230610325, 6.214336965971697
21.00022942245244, 56.195632883650816
0.0, 21.00022942245244
16.268042247141285, 4.732187175311154
0.0, 16.268042247141285
0.0, 16.268042247141285
42.5109500478139, 34.68491225828935
0.0, 42.5109500478139
0.0, 42.5109500478139
208.05473596490418, 3.6493194057709104
61.15106788440591, 146.90366808049828
0.0, 61.15106788440591
0.0, 61.15106788440591
125.33076931694694, 82.72396664795724
0.0, 125.33076931694694
46.99703065906374, 78.3337386578832
0.0, 46.99703065906374
0.0, 46.99703065906374
278.90274085033343, 32.821583637571166
208.04704762599766, 70.85569322433577
0.0, 208.04704762599766
205.37318856696388, 2.673859059033788
177.81186449398137, 27.5613240729825
0.0, 177.81186449398137
0.0, 177.81186449398137
201.13290728295493, 4.240281284008944
83.27148489342748, 117.86142238952745
0.0, 83.27148489342748
46.76903300175092, 36.502451891676564
0.0, 46.76903300175092
0.0, 46.76903300175092
200.50954030765635, 0.6233669752985804
0.0, 200.50954030765635
200.108028773654, 0.4015115340023385
19.66720738161631, 180.4408213920377
0.0, 19.66720738161631
0.0, 19.66720738161631
197.05240337451414, 3.0556253991398705
0.0, 197.05240337451414
32.008771863621256, 165.04363151089288
0.0, 32.008771863621256
0.0, 32.008771863621256
227.4986886154329, 51.40405223490052
0.0, 227.4986886154329
220.04928182432104, 7.449406791111869
107.73492604752158, 112.31435577679946
0.0, 107.73492604752158
18.59869986024136, 89.13622618728022
0.0, 18.59869986024136
17.425685418646943, 1.1730144415944181
0.0, 17.425685418646943
3.6399026946809454, 13.785782723965998
0.0, 3.6399026946809454
0.0, 3.6399026946809454
218.18924567581874, 1.860036148502303
207.08771034040348, 11.101535335415264
200.48671672599974, 6.600993614403734
0.0, 200.48671672599974
155.79118324001925, 44.69553348598049
0.0, 155.79118324001925
121.7869529487117, 34.00423029130755
0.0, 121.7869529487117
0.0, 121.7869529487117
202.44413444269506, 4.643575897708416
8.974674219134307, 193.46946022356076
0.0, 8.974674219134307
0.0, 8.974674219134307
201.36766241146, 1.0764720312350562
36.87669167418677, 164.49097073727324
0.0, 36.87669167418677
0.0, 36.87669167418677
175.2163714998161, 26.151290911643912
50.69992300095766, 124.51644849885844
0.0, 50.69992300095766
0.0, 50.69992300095766
159.6480530329528, 15.568318466863303
0.0, 159.6480530329528
63.73192654381727, 95.91612648913551
0.0, 63.73192654381727
40.16077854052373, 23.571148003293544
0.0, 40.16077854052373
0.0, 40.16077854052373
208.00577113775688, 10.183474538061859
157.56720559396362, 50.43856554379326
0.0, 157.56720559396362
93.17313459047344, 64.39407100349018
0.0, 93.17313459047344
0.0, 93.17313459047344
204.02297678094567, 3.982794356811212
0.0, 204.02297678094567
189.37046990476455, 14.652506876181121
0.0, 189.37046990476455
0.0, 189.37046990476455
501.96820909715615, 96.81268957928097
267.86396211486635, 234.1042469822898
205.6736659363486, 62.19029617851774
0.0, 205.6736659363486
39.13729797852836, 166.53636795782026
1.3745504878986916, 37.762747490629664
0.0, 1.3745504878986916
0.0, 1.3745504878986916
22.80456878280409, 16.33272919572427
0.0, 22.80456878280409
0.0, 22.80456878280409
257.3956087291165, 10.468353385749879
153.19844006834109, 104.19716866077539
0.0, 153.19844006834109
94.87921100454203, 58.31922906379906
0.0, 94.87921100454203
0.0, 94.87921100454203
207.95234152756512, 49.44326720155135
107.33262637418889, 100.61971515337623
63.099093570855636, 44.233532803333254
0.0, 63.099093570855636
0.0, 63.099093570855636
101.44261915889432, 5.890007215294574
0.0, 101.44261915889432
0.0, 101.44261915889432
206.2783719349717, 1.673969592593437
0.0, 206.2783719349717
201.73305277218688, 4.545319162784807
0.0, 201.73305277218688
200.4431963695277, 1.2898564026591828
0.0, 200.4431963695277
190.39470695711483, 10.048489412412863
0.0, 190.39470695711483
166.64773851480047, 23.74696844231437
0.0, 166.64773851480047
0.0, 166.64773851480047
392.73869003153806, 109.22951906561809
269.9029307403491, 122.83575929118894
213.14827460270772, 56.754656137641405
207.39096267999986, 5.757311922707856
64.73571650063566, 142.6552461793642
0.0, 64.73571650063566
0.0, 64.73571650063566
200.22187720630467, 7.169085473695191
150.9508463044089, 49.271030901895756
0.0, 150.9508463044089
0.0, 150.9508463044089
191.53466430455194, 8.68721290175273
0.0, 191.53466430455194
160.73394547477034, 30.8007188297816
0.0, 160.73394547477034
0.0, 160.73394547477034
208.20836190501, 4.939912697697707
0.0, 208.20836190501
184.4672495506369, 23.741112354373115
30.259617226527137, 154.20763232410977
0.0, 30.259617226527137
0.0, 30.259617226527137
151.08137463173006, 33.385874918906836
0.0, 151.08137463173006
6.187569876355642, 144.89380475537442
0.0, 6.187569876355642
0.0, 6.187569876355642
247.53420957854672, 22.368721161802398
214.66679196374608, 32.867417614800644
202.70175206301863, 11.965039900727447
0.0, 202.70175206301863
200.1238035344758, 2.5779485285428336
0.0, 200.1238035344758
118.80921565942035, 81.31458787505545
0.0, 118.80921565942035
62.21870668728683, 56.59050897213351
0.0, 62.21870668728683
21.4824704721521, 40.73623621513473
0.0, 21.4824704721521
0.0, 21.4824704721521
211.2021443900925, 3.464647573653565
68.49053169165087, 142.71161269844163
0.0, 68.49053169165087
36.321924711491135, 32.16860698015974
0.0, 36.321924711491135
0.0, 36.321924711491135
206.95589670955562, 4.2462476805368965
2.793596063434224, 204.1623006461214
0.0, 2.793596063434224
0.0, 2.793596063434224
203.86965444498557, 3.0862422645700462
71.4000832948329, 132.46957115015266
0.0, 71.4000832948329
59.66878844052329, 11.73129485430961
0.0, 59.66878844052329
0.0, 59.66878844052329
202.4588959456274, 1.4107584993581668
54.474242470452786, 147.9846534751746
0.0, 54.474242470452786
15.748085767710513, 38.72615670274227
0.0, 15.748085767710513
8.700180428270157, 7.047905339440357
0.0, 8.700180428270157
0.0, 8.700180428270157
201.94499094115903, 0.51390500446837
0.0, 201.94499094115903
25.720655393842353, 176.22433554731668
0.0, 25.720655393842353
8.566553316305427, 17.154102077536926
0.0, 8.566553316305427
0.0, 8.566553316305427
237.86052024762577, 9.67368933092095
0.0, 237.86052024762577
232.06533367163917, 5.795186575986605
210.20292311067823, 21.86241056096094
203.18724151616377, 7.0156815945144615
21.886749664670294, 181.30049185149346
0.0, 21.886749664670294
10.669114965456588, 11.217634699213706
0.0, 10.669114965456588
0.0, 10.669114965456588
196.6812691312032, 6.5059723849605575
0.0, 196.6812691312032
166.04604213276616, 30.635226998437048
0.0, 166.04604213276616
0.0, 166.04604213276616
208.78777323501492, 1.4151498756633032
0.0, 208.78777323501492
205.22039000006848, 3.5673832349464476
50.74665626744792, 154.47373373262056
0.0, 50.74665626744792
15.05716992152755, 35.68948634592037
0.0, 15.05716992152755
2.386497152002095, 12.670672769525455
0.0, 2.386497152002095
0.0, 2.386497152002095
200.65854241396318, 4.561847586105301
111.8523436569414, 88.80619875702178
0.0, 111.8523436569414
0.0, 111.8523436569414
158.89344056332956, 41.76510185063361
0.0, 158.89344056332956
92.636791462803, 66.25664910052656
43.061667549705675, 49.57512391309733
0.0, 43.061667549705675
0.0, 43.061667549705675
90.30808477666028, 2.3287066861427235
0.0, 90.30808477666028
55.59095318334474, 34.71713159331554
0.0, 55.59095318334474
48.05258054157633, 7.5383726417684045
0.0, 48.05258054157633
0.0, 48.05258054157633
216.47431893398593, 15.59101473765324
0.0, 216.47431893398593
210.77100504374678, 5.703313890239144
0.0, 210.77100504374678
208.22367162080334, 2.5473334229434386
205.01457590194525, 3.2090957188580944
0.0, 205.01457590194525
197.53686538224994, 7.477710519695307
118.45847515081475, 79.0783902314352
0.0, 118.45847515081475
71.7180529798546, 46.740422170960144
0.0, 71.7180529798546
0.0, 71.7180529798546
135.84902873069143, 61.68783665155851
0.0, 135.84902873069143
0.0, 135.84902873069143
207.17630286404918, 1.0473687567541674
101.75079264025717, 105.425510223792
0.0, 101.75079264025717
0.0, 101.75079264025717
202.5054360556617, 4.670866808387473
200.8324441532179, 1.6729919024438118
0.0, 200.8324441532179
145.24711522347633, 55.585328929741564
0.0, 145.24711522347633
0.0, 145.24711522347633
201.00873890056138, 1.4966971551003212
127.00404131004626, 74.00469759051512
106.7489691000011, 20.255072210045157
0.0, 106.7489691000011
104.32206107691577, 2.426908023085332
0.0, 104.32206107691577
8.394662347022939, 95.92739872989283
0.0, 8.394662347022939
0.0, 8.394662347022939
118.08290550902969, 8.921135801016575
95.50276973978828, 22.58013576924141
0.0, 95.50276973978828
63.087529529001145, 32.41524021078713
0.0, 63.087529529001145
0.0, 63.087529529001145
101.17299550482151, 16.90991000420817
0.0, 101.17299550482151
0.0, 101.17299550482151
200.43708985058151, 0.5716490499798681
0.0, 200.43708985058151
0.0, 200.43708985058151
276.32072845688486, 116.41796157465319
156.2486711271179, 120.07205732976698
0.0, 156.2486711271179
92.8421095481723, 63.406561578945585
0.0, 92.8421095481723
0.0, 92.8421095481723
253.64017555373223, 22.68055290315263
0.0, 253.64017555373223
204.33220804253594, 49.307967511196296
0.0, 204.33220804253594
30.069421969945303, 174.26278607259064
0.0, 30.069421969945303
16.31980216401843, 13.749619805926873
0.0, 16.31980216401843
2.0961818806674555, 14.223620283350975
0.0, 2.0961818806674555
0.0, 2.0961818806674555
1275.855247270942, 15488.160140622484
433.9554152058551, 841.8998320650869
224.00833136574462, 209.94708384011048
186.31464734531286, 37.69368402043176
0.0, 186.31464734531286
129.68108483785505, 56.63356250745781
0.0, 129.68108483785505
68.11918257154724, 61.56190226630781
7.9924001124878075, 60.126782459059434
0.0, 7.9924001124878075
0.0, 7.9924001124878075
66.36763176065318, 1.7515508108940594
16.5655214297787, 49.802110330874484
0.0, 16.5655214297787
0.0, 16.5655214297787
25.723648476557397, 40.64398328409578
0.0, 25.723648476557397
0.0, 25.723648476557397
195.68689892008558, 28.321432445659042
150.613520408609, 45.07337851147659
0.0, 150.613520408609
38.87125780917549, 111.7422625994335
0.0, 38.87125780917549
0.0, 38.87125780917549
184.69850635876213, 10.988392561323451
0.0, 184.69850635876213
0.0, 184.69850635876213
353.61449908280724, 80.34091612304786
216.66067597306545, 136.9538231097418
0.0, 216.66067597306545
0.0, 216.66067597306545
319.8489455366149, 33.765553546192336
301.88762495630874, 17.961320580306165
203.75026086248968, 98.13736409381906
77.44754732242075, 126.30271354006894
0.0, 77.44754732242075
6.706761818783436, 70.74078550363731
0.0, 6.706761818783436
0.0, 6.706761818783436
200.51017942014087, 3.24008144234881
40.29012698309281, 160.22005243704805
0.0, 40.29012698309281
0.0, 40.29012698309281
60.8855761157842, 139.62460330435667
0.0, 60.8855761157842
0.0, 60.8855761157842
245.9189846708234, 55.96864028548535
214.3034340729094, 31.615550597913995
114.66580312061274, 99.63763095229666
0.0, 114.66580312061274
0.0, 114.66580312061274
211.2865062470147, 3.0169278258946974
0.0, 211.2865062470147
102.36698753033764, 108.91951871667706
0.0, 102.36698753033764
64.3018833891341, 38.065104141203534
0.0, 64.3018833891341
0.0, 64.3018833891341
226.580730680891, 19.338253989932383
213.55424058639645, 13.026490094494562
126.7785710923, 86.77566949409645
0.0, 126.7785710923
0.0, 126.7785710923
205.68199970754935, 7.872240878847094
114.03914572846931, 91.64285397908004
75.22319718358722, 38.81594854488209
0.0, 75.22319718358722
70.44212374330124, 4.781073440285979
0.0, 70.44212374330124
0.0, 70.44212374330124
104.83855274131248, 9.200592987156824
0.0, 104.83855274131248
0.0, 104.83855274131248
202.61987571971264, 3.0621239878367135
157.54617923385294, 45.0736964858597
0.0, 157.54617923385294
0.0, 157.54617923385294
200.88938703394615, 1.7304886857664883
0.0, 200.88938703394615
192.82931360819774, 8.060073425748413
0.0, 192.82931360819774
136.04597535105032, 56.78333825714742
0.0, 136.04597535105032
51.400956594380844, 84.64501875666947
0.0, 51.400956594380844
0.0, 51.400956594380844
224.4120929177037, 2.16863776318732
88.49753461636854, 135.91455830133515
0.0, 88.49753461636854
0.0, 88.49753461636854
216.55707231219478, 7.855020605508912
204.8154711428029, 11.741601169391885
33.13288846483309, 171.6825826779698
0.0, 33.13288846483309
0.0, 33.13288846483309
204.58326473046893, 0.23220641233396577
0.0, 204.58326473046893
126.0066561774296, 78.57660855303932
0.0, 126.0066561774296
0.0, 126.0066561774296
210.34064571340608, 6.216426598788701
0.0, 210.34064571340608
0.0, 210.34064571340608
311.01626552979695, 8.832680006817952
226.4981879302747, 84.51807759952226
209.76904857446453, 16.72913935581016
202.32213500551555, 7.446913568948986
63.335775288022546, 138.986359717493
0.0, 63.335775288022546
29.00108224715162, 34.33469304087093
0.0, 29.00108224715162
0.0, 29.00108224715162
201.0630065605499, 1.2591284449656541
69.64319495660506, 131.41981160394482
0.0, 69.64319495660506
0.0, 69.64319495660506
75.57306981528747, 125.48993674526243
0.0, 75.57306981528747
61.3117794245301, 14.261290390757367
0.0, 61.3117794245301
0.0, 61.3117794245301
203.21976027261957, 6.5492883018449675
0.0, 203.21976027261957
200.5589115367902, 2.6608487358293758
0.0, 200.5589115367902
63.03747657494836, 137.52143496184183
33.52777558524189, 29.509700989706467
0.0, 33.52777558524189
15.163152497944695, 18.364623087297197
0.0, 15.163152497944695
0.0, 15.163152497944695
41.53960948852551, 21.49786708642285
0.0, 41.53960948852551
0.0, 41.53960948852551
210.9373069912994, 15.560880938975288
206.32441818732798, 4.61288880397143
158.75276752571284, 47.57165066161514
39.68814471785431, 119.06462280785854
0.0, 39.68814471785431
0.0, 39.68814471785431
54.031937304024446, 104.7208302216884
0.0, 54.031937304024446
16.345728203225896, 37.68620910079855
0.0, 16.345728203225896
0.0, 16.345728203225896
202.29259456936856, 4.031823617959418
0.7868218668593407, 201.50577270250923
0.0, 0.7868218668593407
0.0, 0.7868218668593407
200.8821738860241, 1.410420683344455
98.20941215317578, 102.67276173284833
66.86755546891301, 31.341856684262765
0.0, 66.86755546891301
0.0, 66.86755546891301
72.53358629938438, 25.675825853791395
0.0, 72.53358629938438
0.0, 72.53358629938438
195.72570212758498, 5.156471758439125
0.0, 195.72570212758498
37.57551394986287, 158.1501881777221
0.0, 37.57551394986287
35.51524561670998, 2.0602683331528837
0.0, 35.51524561670998
0.0, 35.51524561670998
209.70264178674634, 1.2346652045530675
58.794779143174246, 150.9078626435721
0.0, 58.794779143174246
0.0, 58.794779143174246
202.384308165048, 7.3183336216983434
0.0, 202.384308165048
201.10637400614473, 1.277934158903264
46.40554272073626, 154.70083128540847
0.0, 46.40554272073626
0.0, 46.40554272073626
80.36680789362475, 120.73956611251998
0.0, 80.36680789362475
0.0, 80.36680789362475
306.25263112024624, 4.763634409550718
232.9960974343715, 73.25653368587473
210.98080078740855, 22.015296646962952
64.94290602113736, 146.0378947662712
18.741736961011828, 46.20116906012554
0.0, 18.741736961011828
10.33717968538111, 8.404557275630717
0.0, 10.33717968538111
0.0, 10.33717968538111
27.46827571528606, 37.4746303058513
0.0, 27.46827571528606
0.0, 27.46827571528606
111.9520791092315, 99.02872167817705
0.0, 111.9520791092315
44.6656388096344, 67.2864402995971
0.0, 44.6656388096344
43.38389040213928, 1.2817484074951224
0.0, 43.38389040213928
0.0, 43.38389040213928
213.1815178918142, 19.81457954255731
0.0, 213.1815178918142
208.00787318581095, 5.173644706003245
0.0, 208.00787318581095
204.66964631644754, 3.3382268693634103
0.0, 204.66964631644754
14.901950507398945, 189.7676958090486
0.0, 14.901950507398945
0.0, 14.901950507398945
258.29424160574905, 47.958389514497185
215.6468971765855, 42.64734442916355
0.0, 215.6468971765855
206.5251100244187, 9.121787152166803
201.58067639965046, 4.944433624768237
112.3458359752523, 89.23484042439816
86.07427224292591, 26.271563732326385
35.73109047136538, 50.34318177156054
0.0, 35.73109047136538
0.0, 35.73109047136538
84.72677054526804, 1.3475016976578758
0.0, 84.72677054526804
0.0, 84.72677054526804
111.41017506371881, 0.9356609115334891
0.0, 111.41017506371881
0.0, 111.41017506371881
200.39803366867818, 1.182642730972276
0.0, 200.39803366867818
173.9705641250576, 26.42746954362059
0.0, 173.9705641250576
0.0, 173.9705641250576
202.1106530895065, 4.414456934912181
0.0, 202.1106530895065
200.078095102864, 2.0325579866425016
18.778187908130015, 181.299907194734
0.0, 18.778187908130015
0.0, 18.778187908130015
19.032727820055175, 181.04536728280883
0.0, 19.032727820055175
0.0, 19.032727820055175
253.94034480259197, 4.353896803157085
0.0, 253.94034480259197
201.59350843817955, 52.34683636441241
0.0, 201.59350843817955
152.76036983423583, 48.83313860394372
0.0, 152.76036983423583
0.0, 152.76036983423583
438.5203551130015, 837.3348921579407
266.95499064671793, 171.56536446628354
245.93730236783748, 21.017688278880456
209.07114294079872, 36.86615942703875
200.68180130755877, 8.389341633239951
0.0, 200.68180130755877
108.5816581921204, 92.10014311543837
0.0, 108.5816581921204
61.826884645506, 46.7547735466144
0.0, 61.826884645506
0.0, 61.826884645506
208.57995633769562, 0.49118660310310247
0.0, 208.57995633769562
115.43143961809903, 93.14851671959659
0.0, 115.43143961809903
25.23819991130392, 90.19323970679511
0.0, 25.23819991130392
0.0, 25.23819991130392
218.18577824255084, 27.751524125286636
202.50063718718516, 15.685141055365676
0.0, 202.50063718718516
75.8679000962259, 126.63273709095927
0.0, 75.8679000962259
0.0, 75.8679000962259
211.01325726197263, 7.172520980578213
204.58664119905202, 6.426616062920601
0.0, 204.58664119905202
201.68962098625514, 2.897020212796889
200.26178271451485, 1.4278382717402849
0.0, 200.26178271451485
23.803086079263604, 176.45869663525124
0.0, 23.803086079263604
0.0, 23.803086079263604
200.37826223872457, 1.3113587475305621
0.0, 200.37826223872457
57.02777468209063, 143.35048755663394
0.0, 57.02777468209063
51.86516401563666, 5.162610666453972
0.0, 51.86516401563666
0.0, 51.86516401563666
206.37209402332653, 4.641163238646101
202.5322063085877, 3.839887714738836
43.47219007793768, 159.06001623065
0.0, 43.47219007793768
0.0, 43.47219007793768
45.3120249217546, 157.22018138683308
0.0, 45.3120249217546
0.0, 45.3120249217546
205.86359900086455, 0.5084950224619718
202.2406673669145, 3.62293163395006
27.301269423397827, 174.93939794351667
0.0, 27.301269423397827
21.74928600806149, 5.551983415336338
0.0, 21.74928600806149
0.0, 21.74928600806149
42.11948624009566, 160.12118112681884
0.0, 42.11948624009566
39.05056527841603, 3.0689209616796305
0.0, 39.05056527841603
34.017831031764835, 5.032734246651195
0.0, 34.017831031764835
0.0, 34.017831031764835
205.08559141120043, 0.7780075896641279
0.0, 205.08559141120043
201.9801241831951, 3.105467228005324
0.0, 201.9801241831951
0.0, 201.9801241831951
253.10818128594266, 13.846809360775268
226.14362414027974, 26.964557145662923
205.38552294408646, 20.75810119619328
46.650067744342536, 158.7354551997439
0.0, 46.650067744342536
0.0, 46.650067744342536
203.94235052217692, 1.4431724219095372
0.0, 203.94235052217692
113.58931315263055, 90.35303736954637
0.0, 113.58931315263055
0.0, 113.58931315263055
222.20706784161484, 3.9365562986648968
74.23939224483276, 147.9676755967821
0.0, 74.23939224483276
45.03244019455645, 29.206952050276307
35.73593111272047, 9.296509081835978
0.0, 35.73593111272047
24.452960468003397, 11.282970644717075
0.0, 24.452960468003397
0.0, 24.452960468003397
41.061802975760045, 3.970637218796405
0.0, 41.061802975760045
22.56866381803367, 18.493139157726375
0.0, 22.56866381803367
12.927993061588683, 9.640670756444987
0.0, 12.927993061588683
0.0, 12.927993061588683
118.32620306450207, 103.88086477711278
104.49118579102034, 13.835017273481725
0.0, 104.49118579102034
0.0, 104.49118579102034
112.61106586514421, 5.715137199357855
0.0, 112.61106586514421
0.0, 112.61106586514421
245.65569826050344, 7.452483025439221
166.52952709127567, 79.12617116922777
0.0, 166.52952709127567
0.0, 166.52952709127567
206.47507308637535, 39.180625174128096
117.4298753213259, 89.04519776504945
0.0, 117.4298753213259
7.691334682534523, 109.73854063879138
0.0, 7.691334682534523
2.3682860413041817, 5.323048641230341
0.0, 2.3682860413041817
0.0, 2.3682860413041817
206.39729784301178, 0.07777524336356123
58.870254997226084, 147.5270428457857
0.0, 58.870254997226084
20.508524608534668, 38.36173038869141
0.0, 20.508524608534668
0.0, 20.508524608534668
205.3956176203312, 1.0016802226805908
0.0, 205.3956176203312
205.15938292951978, 0.2362346908114148
15.356162928606482, 189.80322000091329
2.8991466311229974, 12.457016297483484
0.0, 2.8991466311229974
0.0, 2.8991466311229974
14.361487633007643, 0.9946752955988387
0.0, 14.361487633007643
0.0, 14.361487633007643
203.14057987619609, 2.018803053323694
53.66918544336448, 149.4713944328316
0.0, 53.66918544336448
0.0, 53.66918544336448
75.86209492304098, 127.2784849531551
0.0, 75.86209492304098
0.0, 75.86209492304098
337.7539996585874, 100.76635545441405
281.5765228626236, 56.1774767959638
262.60528918900604, 18.971233673617576
225.04258166855692, 37.56270752044912
57.06612718126115, 167.97645448729577
29.61090595087512, 27.45522123038603
0.0, 29.61090595087512
0.0, 29.61090595087512
42.22462366899875, 14.841503512262399
28.492098083666427, 13.732525585332326
0.0, 28.492098083666427
0.0, 28.492098083666427
36.096028089205966, 6.128595579792787
0.0, 36.096028089205966
22.12833451817339, 13.967693571032576
0.0, 22.12833451817339
0.0, 22.12833451817339
224.08580675215845, 0.9567749163984729
0.0, 224.08580675215845
218.85716786600273, 5.228638886155721
0.0, 218.85716786600273
217.5236405875325, 1.3335272784702283
214.52528976547174, 2.9983508220607575
76.61906118233499, 137.90622858313674
0.0, 76.61906118233499
0.0, 76.61906118233499
214.3335392050816, 0.19175056039014748
138.93777899281125, 75.39576021227035
0.0, 138.93777899281125
40.01466147933307, 98.92311751347818
0.0, 40.01466147933307
0.0, 40.01466147933307
213.591259926943, 0.7422792781385965
200.48145016460097, 13.109809762342024
0.0, 200.48145016460097
104.3106176115854, 96.17083255301557
0.0, 104.3106176115854
0.0, 104.3106176115854
208.4635221267006, 5.127737800242386
201.08645266145086, 7.377069465249747
0.0, 201.08645266145086
0.0, 201.08645266145086
206.98271475263996, 1.480807374060646
0.0, 206.98271475263996
202.94262963264808, 4.040085119991886
79.5410175937307, 123.40161203891738
0.0, 79.5410175937307
0.0, 79.5410175937307
148.02816691175727, 54.91446272089081
0.0, 148.02816691175727
8.48981714492408, 139.5383497668332
0.0, 8.48981714492408
0.0, 8.48981714492408
216.32136494443228, 1.2022756431002222
200.3511499062427, 15.970215038189565
0.0, 200.3511499062427
53.3437681721536, 147.0073817340891
0.0, 53.3437681721536
15.624102846700064, 37.71966532545354
0.0, 15.624102846700064
7.3326563919417405, 8.291446454758322
0.0, 7.3326563919417405
0.0, 7.3326563919417405
206.04640539796407, 10.27495954646821
0.0, 206.04640539796407
203.9447731237073, 2.101632274256758
84.69790176435319, 119.24687135935412
0.0, 84.69790176435319
12.574946436744147, 72.12295532760905
0.0, 12.574946436744147
0.0, 12.574946436744147
88.13753886033302, 115.80723426337428
0.0, 88.13753886033302
38.4375761932351, 49.69996266709792
0.0, 38.4375761932351
0.0, 38.4375761932351
225.08994180147724, 37.515347387528806
208.81184847330533, 16.278093328171906
109.14958656653837, 99.66226190676696
0.0, 109.14958656653837
101.41257021752209, 7.737016349016287
0.0, 101.41257021752209
31.93788445396101, 69.47468576356107
5.3565879342442875, 26.581296519716723
0.0, 5.3565879342442875
0.0, 5.3565879342442875
21.16040918439291, 10.7774752695681
0.0, 21.16040918439291
0.0, 21.16040918439291
170.8326629375511, 37.979185535754226
54.690120994075905, 116.14254194347521
0.0, 54.690120994075905
0.0, 54.690120994075905
116.72953113412105, 54.10313180343006
9.835348537764261, 106.89418259635679
0.0, 9.835348537764261
0.0, 9.835348537764261
73.05479338622692, 43.67473774789413
0.0, 73.05479338622692
3.003441483862977, 70.05135190236395
0.0, 3.003441483862977
0.0, 3.003441483862977
215.91206940598414, 9.177872395493097
115.05135915446627, 100.86071025151787
0.0, 115.05135915446627
89.55403868640593, 25.497320468060337
0.0, 89.55403868640593
31.08431778507883, 58.4697209013271
0.0, 31.08431778507883
0.0, 31.08431778507883
207.00143432921217, 8.910635076771968
179.64116971292188, 27.360264616290294
44.92398144290054, 134.71718827002132
32.84602239196323, 12.07795905093731
0.0, 32.84602239196323
0.0, 32.84602239196323
34.43880232576317, 10.48517911713737
0.0, 34.43880232576317
33.75211755284754, 0.6866847729156333
0.0, 33.75211755284754
0.0, 33.75211755284754
94.07381037633765, 85.56735933658423
0.0, 94.07381037633765
0.0, 94.07381037633765
180.20761137330985, 26.79382295590233
0.0, 180.20761137330985
0.0, 180.20761137330985
268.34130474695604, 13.235218115667578
211.41652752583337, 56.92477722112267
0.0, 211.41652752583337
207.14639191893988, 4.27013560689349
0.0, 207.14639191893988
60.218941008916566, 146.9274509100233
0.0, 60.218941008916566
0.0, 60.218941008916566
222.29629379919555, 46.04501094776049
203.86671601881827, 18.429577780377286
0.0, 203.86671601881827
200.51260650785522, 3.354109510963042
64.14755003473279, 136.36505647312242
0.0, 64.14755003473279
50.73648601155625, 13.411064023176536
0.0, 50.73648601155625
13.304656398655117, 37.43182961290113
0.0, 13.304656398655117
0.0, 13.304656398655117
145.61113720604814, 54.90146930180708
0.0, 145.61113720604814
0.0, 145.61113720604814
204.04430718287676, 18.25198661631879
0.0, 204.04430718287676
74.87106083174675, 129.17324635113002
0.0, 74.87106083174675
54.56252228124636, 20.308538550500387
0.0, 54.56252228124636
37.89236657119242, 16.67015571005394
0.0, 37.89236657119242
35.20787185516916, 2.6844947160232593
0.0, 35.20787185516916
0.0, 35.20787185516916
297.5996671994534, 40.154332459134025
224.97546463566835, 72.62420256378505
212.6976070179229, 12.27785761774544
66.96979401414818, 145.7278130037747
24.092865923099133, 42.876928091049045
0.0, 24.092865923099133
0.0, 24.092865923099133
62.29552020446901, 4.674273809679171
3.3777938797059965, 58.91772632476301
0.0, 3.3777938797059965
2.2918556563727384, 1.0859382233332582
0.0, 2.2918556563727384
0.0, 2.2918556563727384
26.58649169539025, 35.709028509078756
0.0, 26.58649169539025
0.0, 26.58649169539025
211.42028999571025, 1.2773170222126566
67.44988419257484, 143.9704058031354
0.0, 67.44988419257484
50.52481511788501, 16.92506907468983
0.0, 50.52481511788501
40.51775951976155, 10.007055598123465
0.0, 40.51775951976155
0.0, 40.51775951976155
210.97932547223078, 0.44096452347946524
205.98597554739212, 4.993349924838668
78.52212544273654, 127.46385010465558
0.0, 78.52212544273654
0.0, 78.52212544273654
204.1960609175232, 1.7899146298689175
0.0, 204.1960609175232
0.0, 204.1960609175232
208.5542160918633, 2.4251093803674735
0.0, 208.5542160918633
206.23240899902945, 2.3218070928338648
0.0, 206.23240899902945
205.62760049185025, 0.6048085071792002
34.51811924708103, 171.1094812447692
0.0, 34.51811924708103
0.0, 34.51811924708103
203.2557399309538, 2.3718605608964367
74.92926777950152, 128.3264721514523
0.0, 74.92926777950152
0.0, 74.92926777950152
203.16374579265627, 0.09199413829753667
200.87370174609256, 2.2900440465637075
0.0, 200.87370174609256
80.41749828616058, 120.45620345993198
0.0, 80.41749828616058
42.579718688066606, 37.837779598093974
0.0, 42.579718688066606
1.918044612903485, 40.66167407516312
0.0, 1.918044612903485
0.0, 1.918044612903485
202.72840496176548, 0.43534083089079445
0.0, 202.72840496176548
51.104292442725516, 151.62411251903995
0.0, 51.104292442725516
14.314740436346197, 36.78955200637932
0.0, 14.314740436346197
9.215338229820164, 5.099402206526033
0.0, 9.215338229820164
0.0, 9.215338229820164
214.59906128315595, 10.376403352512398
0.0, 214.59906128315595
201.89257483835982, 12.706486444796127
186.6026699514475, 15.289904886912325
0.0, 186.6026699514475
49.19174142049913, 137.41092853094835
0.0, 49.19174142049913
21.950231976052162, 27.241509444446965
0.0, 21.950231976052162
5.170090718147303, 16.78014125790486
0.0, 5.170090718147303
0.0, 5.170090718147303
200.53703259595483, 1.3555422424049937
6.8139950276883505, 193.72303756826648
0.0, 6.8139950276883505
0.0, 6.8139950276883505
46.4087051811632, 154.1283274147916
0.0, 46.4087051811632
26.065751482312567, 20.342953698850632
0.0, 26.065751482312567
0.0, 26.065751482312567
266.913189579155, 30.686477620298376
210.92301480055997, 55.99017477859505
6.878080730057008, 204.04493407050296
0.0, 6.878080730057008
0.0, 6.878080730057008
173.36329191869788, 37.559722881862086
0.0, 173.36329191869788
0.0, 173.36329191869788
247.94456285719352, 18.9686267219615
207.2498378524557, 40.69472500473782
4.0522579886696, 203.1975798637861
0.0, 4.0522579886696
0.0, 4.0522579886696
12.18613443225846, 195.06370342019724
0.0, 12.18613443225846
0.0, 12.18613443225846
228.2683922976038, 19.676170559589707
200.350340624353, 27.9180516732508
3.2238871109045584, 197.12645351344844
0.0, 3.2238871109045584
0.0, 3.2238871109045584
82.33709924814042, 118.01324137621259
0.0, 82.33709924814042
0.0, 82.33709924814042
214.68494709338594, 13.583445204217867
0.0, 214.68494709338594
210.68339200778956, 4.0015550855963795
208.55029361717533, 2.1330983906142365
94.12145165009552, 114.4288419670798
0.0, 94.12145165009552
28.776485398754208, 65.34496625134132
0.0, 28.776485398754208
0.0, 28.776485398754208
201.01595482412733, 7.5343387930479935
0.0, 201.01595482412733
201.01440796649104, 0.001546857636299137
0.0, 201.01440796649104
200.19364499516306, 0.82076297132798
27.812800994564494, 172.38084400059856
0.0, 27.812800994564494
0.0, 27.812800994564494
99.69414477383074, 100.49950022133231
0.0, 99.69414477383074
0.0, 99.69414477383074
209.1629193369384, 1.520472670851177
4.964659659340793, 204.1982596775976
0.0, 4.964659659340793
0.0, 4.964659659340793
200.15484520613472, 9.008074130803664
121.56479046741195, 78.59005473872277
0.0, 121.56479046741195
22.169790375040755, 99.39500009237119
0.0, 22.169790375040755
0.0, 22.169790375040755
184.9486715715041, 15.20617363463063
109.98722474104643, 74.96144683045766
0.0, 109.98722474104643
53.99020780013113, 55.9970169409153
0.0, 53.99020780013113
0.0, 53.99020780013113
122.40213898740127, 62.54653258410282
7.9713520567782306, 114.43078693062304
0.0, 7.9713520567782306
0.0, 7.9713520567782306
24.511207143224613, 97.89093184417666
0.0, 24.511207143224613
0.0, 24.511207143224613
