node_generations, branch_length
1728.4329434484014, 8792.948374301106
27.72774636629986, 1700.7051970821014
0.0, 27.72774636629986
16.83233149802483, 10.895414868275033
0.0, 16.83233149802483
0.0, 16.83233149802483
1422.35890152003, 306.07404192837134
1223.6599181289826, 198.69898339104748
1186.7999411172138, 36.859977011768706
0.0, 1186.7999411172138
1021.6420500139424, 165.15789110327148
64.84208943773251, 956.7999605762099
0.0, 64.84208943773251
0.0, 64.84208943773251
1004.1050700414119, 17.536979972530503
178.67031055234952, 825.4347594890623
0.0, 178.67031055234952
152.39343586428242, 26.276874688067096
0.0, 152.39343586428242
15.831402921019196, 136.56203294326323
0.0, 15.831402921019196
0.0, 15.831402921019196
199.1264676637852, 804.9786023776267
0.0, 199.1264676637852
45.66030469262617, 153.46616297115904
0.0, 45.66030469262617
37.255170215891816, 8.405134476734354
0.0, 37.255170215891816
5.9838507084923105, 31.271319507399504
0.0, 5.9838507084923105
0.0, 5.9838507084923105
1211.1727286711096, 12.487189457873
1091.0788192816385, 120.09390938947104
1028.306327420507, 62.772491861131584
1014.4095969735113, 13.896730446995662
1007.9179888767892, 6.491608096722075
0.0, 1007.9179888767892
0.0, 1007.9179888767892
1014.1585366407436, 0.25106033276767903
1002.1245117003497, 12.03402494039392
302.7974469854905, 699.3270647148591
205.48445050026285, 97.31299648522767
0.0, 205.48445050026285
107.80986774789824, 97.67458275236461
0.0, 107.80986774789824
107.32576909469775, 0.4840986532004905
0.0, 107.32576909469775
0.0, 107.32576909469775
301.5479682203047, 1.2494787651858132
0.0, 301.5479682203047
15.879758002922019, 285.6682102173827
0.0, 15.879758002922019
0.0, 15.879758002922019
745.073573560189, 257.0509381401607
0.0, 745.073573560189
547.7491880690462, 197.32438549114272
0.0, 547.7491880690462
423.80002430586603, 123.9491637631802
0.0, 423.80002430586603
0.0, 423.80002430586603
1011.8196395745088, 2.3388970662348356
1005.6605066988004, 6.1591328757083375
404.07509839023174, 601.5854083085687
0.0, 404.07509839023174
0.0, 404.07509839023174
1000.1837783138396, 5.476728384960779
201.02342529382327, 799.1603530200164
0.0, 201.02342529382327
50.67200958608185, 150.3514157077414
14.823873007657694, 35.84813657842415
0.0, 14.823873007657694
0.0, 14.823873007657694
18.335975610227603, 32.33603397585425
0.0, 18.335975610227603
12.625363891850062, 5.710611718377541
0.0, 12.625363891850062
0.0, 12.625363891850062
947.6656605856012, 52.518117728238394
0.0, 947.6656605856012
314.57038775434586, 633.0952728312554
4.989168564401151, 309.5812191899447
0.0, 4.989168564401151
0.0, 4.989168564401151
223.50685683219754, 91.06353092214832
0.0, 223.50685683219754
32.58864080115642, 190.9182160310411
0.0, 32.58864080115642
0.0, 32.58864080115642
1009.0424057791823, 2.777233795326424
0.0, 1009.0424057791823
388.04349501630594, 620.9989107628764
0.0, 388.04349501630594
141.92711258242184, 246.1163824338841
0.0, 141.92711258242184
57.673911626305035, 84.25320095611681
0.0, 57.673911626305035
0.0, 57.673911626305035
1020.3759522352967, 7.93037518521021
893.4699645382997, 126.90598769699704
60.811619698885565, 832.6583448394141
0.0, 60.811619698885565
0.0, 60.811619698885565
133.65757565251926, 759.8123888857804
0.0, 133.65757565251926
0.0, 133.65757565251926
1018.8454343695504, 1.530517865746333
1002.7391828180905, 16.106251551459877
0.0, 1002.7391828180905
584.9574714832762, 417.7817113348143
0.0, 584.9574714832762
554.830974523875, 30.126496959401152
138.82784574864093, 416.00312877523413
0.0, 138.82784574864093
55.63338127191391, 83.194464476727
0.0, 55.63338127191391
24.609888477432133, 31.02349279448178
0.0, 24.609888477432133
0.0, 24.609888477432133
322.51665191388565, 232.3143226099894
0.0, 322.51665191388565
145.711111138834, 176.80554077505164
0.0, 145.711111138834
112.49046985410975, 33.220641284724266
0.0, 112.49046985410975
0.0, 112.49046985410975
1015.0489425889311, 3.796491780619249
19.48185185168192, 995.5670907372493
0.0, 19.48185185168192
0.0, 19.48185185168192
918.2142749744686, 96.83466761446255
401.30324448927354, 516.911030485195
0.0, 401.30324448927354
247.31367212607486, 153.98957236319868
0.0, 247.31367212607486
244.3272466432199, 2.986425482854969
11.503322852309111, 232.82392379091078
0.0, 11.503322852309111
0.0, 11.503322852309111
200.73905605022884, 43.588190592991054
21.173116472568996, 179.56593957765983
2.0145134939674207, 19.158602978601575
0.0, 2.0145134939674207
0.0, 2.0145134939674207
6.525253447544333, 14.647863025024662
0.0, 6.525253447544333
6.040467029369531, 0.48478641817480206
0.0, 6.040467029369531
0.0, 6.040467029369531
45.107712677333815, 155.63134337289503
0.0, 45.107712677333815
0.0, 45.107712677333815
731.3076853637398, 186.90658961072882
0.0, 731.3076853637398
575.0450380088241, 156.26264735491566
15.27516729048141, 559.7698707183428
0.0, 15.27516729048141
0.0, 15.27516729048141
359.91159053759384, 215.13344747123028
0.0, 359.91159053759384
25.47503906155805, 334.4365514760358
0.0, 25.47503906155805
0.0, 25.47503906155805
1029.0631118180897, 62.01570746354878
1001.9650110202759, 27.0981007978138
203.7446033346911, 798.2204076855849
0.0, 203.7446033346911
0.0, 203.7446033346911
756.3532193132334, 245.61179170704258
288.52028657588653, 467.8329327373468
73.97022854679274, 214.5500580290938
0.0, 73.97022854679274
0.0, 73.97022854679274
82.0389424634106, 206.48134411247594
0.0, 82.0389424634106
61.336478767818726, 20.70246369559188
42.19232934217192, 19.14414942564681
0.0, 42.19232934217192
23.365093585598817, 18.8272357565731
0.0, 23.365093585598817
0.0, 23.365093585598817
43.733579557838326, 17.6028992099804
0.0, 43.733579557838326
12.187847828952295, 31.545731728886032
0.0, 12.187847828952295
0.0, 12.187847828952295
373.2015047471105, 383.15171456612285
0.0, 373.2015047471105
307.6471479139654, 65.5543568331451
0.0, 307.6471479139654
163.9350614836004, 143.712086430365
0.0, 163.9350614836004
0.0, 163.9350614836004
1005.4731387465324, 23.589973071557324
101.39497645297945, 904.078162293553
0.0, 101.39497645297945
0.0, 101.39497645297945
1000.4280102623314, 5.045128484200973
587.8379297810642, 412.59008048126725
0.0, 587.8379297810642
136.80728815664156, 451.0306416244226
2.139467141674386, 134.6678210149672
0.0, 2.139467141674386
0.0, 2.139467141674386
55.688506180886456, 81.1187819757551
0.0, 55.688506180886456
30.995036489848577, 24.69346969103788
0.0, 30.995036489848577
0.0, 30.995036489848577
940.6669664881027, 59.76104377422871
42.90570670826852, 897.7612597798342
0.0, 42.90570670826852
0.0, 42.90570670826852
822.1191554679361, 118.54781102016659
252.64458089971853, 569.4745745682176
8.39178476276891, 244.25279613694963
0.0, 8.39178476276891
0.0, 8.39178476276891
231.34136306977936, 21.30321782993917
0.0, 231.34136306977936
0.0, 231.34136306977936
632.6532903178529, 189.46586515008323
0.0, 632.6532903178529
561.5137395513153, 71.13955076653758
31.766890956753635, 529.7468485945617
0.0, 31.766890956753635
7.973281026993504, 23.79360992976013
0.0, 7.973281026993504
0.0, 7.973281026993504
72.56576150458643, 488.9479780467289
0.0, 72.56576150458643
45.93581587299846, 26.629945631587972
0.0, 45.93581587299846
0.0, 45.93581587299846
1145.5308237791494, 65.64190489196017
0.0, 1145.5308237791494
1140.5847084414572, 4.946115337692163
1041.8982130503293, 98.68649539112789
810.3164463472199, 231.58176670310945
0.0, 810.3164463472199
231.29162461349244, 579.0248217337274
78.96158054826631, 152.33004406522613
13.814956732532984, 65.14662381573334
0.0, 13.814956732532984
0.10470322936678261, 13.710253503166202
0.0, 0.10470322936678261
0.0, 0.10470322936678261
68.3365332353122, 10.62504731295411
0.0, 68.3365332353122
5.927196041101258, 62.40933719421095
0.0, 5.927196041101258
0.0, 5.927196041101258
180.74490971962777, 50.546714893864674
12.249789570247659, 168.4951201493801
0.0, 12.249789570247659
4.8798479749157195, 7.369941595331939
0.0, 4.8798479749157195
0.0, 4.8798479749157195
145.00988292898697, 35.7350267906408
0.0, 145.00988292898697
29.313193896390842, 115.69668903259613
0.0, 29.313193896390842
10.01898139422075, 19.29421250217009
0.0, 10.01898139422075
0.0, 10.01898139422075
1037.4817249920031, 4.416488058326195
1012.6319368916938, 24.849788100309297
33.59207492702353, 979.0398619646703
0.0, 33.59207492702353
0.0, 33.59207492702353
1004.7479757290341, 7.883961162659716
652.9174824973265, 351.8304932317076
0.0, 652.9174824973265
5.2432998932425114, 647.6741826040841
0.0, 5.2432998932425114
1.4830616737845381, 3.7602382194579733
0.0, 1.4830616737845381
0.0, 1.4830616737845381
924.4163356808928, 80.33164004814137
487.88691146771083, 436.5294242131819
65.0015358675726, 422.8853756001382
12.12636383795587, 52.87517202961673
0.0, 12.12636383795587
0.0, 12.12636383795587
35.134150749717215, 29.867385117855385
0.0, 35.134150749717215
0.0, 35.134150749717215
68.2882565537039, 419.59865491400694
0.0, 68.2882565537039
0.0, 68.2882565537039
578.3696110579283, 346.04672462296446
0.0, 578.3696110579283
193.85440639034837, 384.51520466757995
0.0, 193.85440639034837
137.31438776658453, 56.54001862376384
0.0, 137.31438776658453
133.82833771176544, 3.4860500548190885
0.0, 133.82833771176544
42.9693725649969, 90.85896514676854
0.0, 42.9693725649969
28.375710402106503, 14.5936621628904
0.0, 28.375710402106503
0.0, 28.375710402106503
1020.0550947164026, 17.426630275600587
941.984221044496, 78.0708736719065
468.4452803046221, 473.53894073987396
0.0, 468.4452803046221
158.35349296345046, 310.09178734117165
0.0, 158.35349296345046
142.68312119675807, 15.670371766692398
0.0, 142.68312119675807
0.0, 142.68312119675807
588.8767446413453, 353.1074764031507
223.62141755149673, 365.2553270898486
0.0, 223.62141755149673
0.0, 223.62141755149673
377.5517299410019, 211.32501470034344
148.03780647112904, 229.51392346987285
0.0, 148.03780647112904
36.670084720746274, 111.36772175038277
0.0, 36.670084720746274
0.0, 36.670084720746274
148.20900437045708, 229.34272557054481
0.0, 148.20900437045708
147.3343809232436, 0.8746234472134802
0.0, 147.3343809232436
14.05901960407066, 133.27536131917293
0.0, 14.05901960407066
0.0, 14.05901960407066
1018.3716963959473, 1.6833983204552396
408.57676880454125, 609.7949275914061
36.00324226452356, 372.57352654001767
0.0, 36.00324226452356
0.0, 36.00324226452356
75.72564859090838, 332.85112021363284
0.0, 75.72564859090838
6.0911576178646305, 69.63449097304375
0.0, 6.0911576178646305
0.0, 6.0911576178646305
1012.5469137733563, 5.824782622590988
753.8643090900335, 258.6826046833228
0.0, 753.8643090900335
519.982740636019, 233.88156845401454
311.86028983967566, 208.12245079634334
0.0, 311.86028983967566
23.898500213595558, 287.9617896260801
0.0, 23.898500213595558
23.67648473324231, 0.22201548035324592
0.0, 23.67648473324231
0.0, 23.67648473324231
388.9427927292668, 131.03994790675222
19.782655577531944, 369.16013715173483
0.0, 19.782655577531944
6.602580202688574, 13.18007537484337
0.0, 6.602580202688574
0.0, 6.602580202688574
297.2687393408231, 91.67405338844367
27.486072809847514, 269.7826665309756
0.0, 27.486072809847514
0.0, 27.486072809847514
261.1507614630059, 36.117977877817225
172.06581105505887, 89.08495040794702
148.17752254745093, 23.88828850760794
0.0, 148.17752254745093
102.46608645936955, 45.711436088081385
0.0, 102.46608645936955
0.0, 102.46608645936955
167.57128178933135, 4.494529265727522
0.0, 167.57128178933135
104.17289909186341, 63.39838269746794
0.0, 104.17289909186341
47.78844415393224, 56.384454937931174
0.0, 47.78844415393224
7.205720830732196, 40.58272332320004
0.0, 7.205720830732196
0.0, 7.205720830732196
247.98036241053597, 13.170399052469918
0.0, 247.98036241053597
85.92873741338626, 162.0516249971497
0.0, 85.92873741338626
33.82716296459133, 52.10157444879493
0.0, 33.82716296459133
12.147666400420805, 21.679496564170528
0.0, 12.147666400420805
0.0, 12.147666400420805
918.9940826867282, 93.55283108662809
650.4157551122034, 268.5783275745248
0.0, 650.4157551122034
543.3336844588563, 107.08207065334716
0.8167570557134762, 542.5169274031429
0.0, 0.8167570557134762
0.0, 0.8167570557134762
117.9348402839763, 425.39884417487997
0.0, 117.9348402839763
0.0, 117.9348402839763
862.7932510295617, 56.20083165716653
364.9442574961487, 497.848993533413
0.0, 364.9442574961487
0.0, 364.9442574961487
692.1598700138879, 170.63338101567376
455.500396869384, 236.65947314450392
45.640210738835016, 409.860186130549
0.0, 45.640210738835016
8.417341874834694, 37.22286886400032
0.0, 8.417341874834694
0.0, 8.417341874834694
413.1620190341116, 42.33837783527241
0.0, 413.1620190341116
157.4072193712524, 255.7547996628592
70.37257561048011, 87.0346437607723
0.0, 70.37257561048011
0.0, 70.37257561048011
143.21677475594862, 14.19044461530379
0.0, 143.21677475594862
62.67877424979521, 80.53800050615341
0.0, 62.67877424979521
0.0, 62.67877424979521
675.5252581184787, 16.634611895409193
327.3474653537231, 348.1777927647556
0.0, 327.3474653537231
0.0, 327.3474653537231
417.8013929569427, 257.723865161536
301.3342096784787, 116.467183278464
0.0, 301.3342096784787
257.5410325034976, 43.79317717498111
128.54310954439057, 128.99792295910703
0.0, 128.54310954439057
106.71080616518053, 21.832303379210046
0.0, 106.71080616518053
0.0, 106.71080616518053
156.52248842898848, 101.01854407450912
0.0, 156.52248842898848
151.257235987627, 5.2652524413614685
0.0, 151.257235987627
0.0, 151.257235987627
388.00947331387147, 29.791919643071253
203.29774086750245, 184.711732446369
29.050170308176398, 174.24757055932605
0.0, 29.050170308176398
15.14856919052725, 13.901601117649149
0.0, 15.14856919052725
11.292420999646385, 3.856148190880864
0.0, 11.292420999646385
9.986544593782225, 1.3058764058641597
0.0, 9.986544593782225
7.289331753783595, 2.69721283999863
0.0, 7.289331753783595
0.0, 7.289331753783595
91.52026024338947, 111.77748062411298
0.0, 91.52026024338947
50.37448925777339, 41.14577098561608
0.0, 50.37448925777339
1.0789012350436034, 49.29558802272979
0.0, 1.0789012350436034
0.0, 1.0789012350436034
377.98301184092713, 10.026461472944334
0.0, 377.98301184092713
62.10733439526338, 315.87567744566377
0.0, 62.10733439526338
0.0, 62.10733439526338
1078.885102693623, 61.69960574783431
1068.9275174502243, 9.957585243398626
1004.3143611721903, 64.61315627803401
866.9614457661032, 137.35291540608705
255.64371975524767, 611.3177260108555
65.485198348666, 190.15852140658166
0.0, 65.485198348666
0.0, 65.485198348666
118.91041913699686, 136.7333006182508
0.0, 118.91041913699686
0.0, 118.91041913699686
705.118463951321, 161.8429818147822
150.61858784572792, 554.4998761055931
8.908858915832209, 141.7097289298957
0.0, 8.908858915832209
0.0, 8.908858915832209
139.70674845967866, 10.911839386049252
62.074777523110846, 77.63197093656782
0.0, 62.074777523110846
0.0, 62.074777523110846
108.90530181853313, 30.80144664114553
0.0, 108.90530181853313
0.0, 108.90530181853313
297.15940624743854, 407.9590577038825
189.79470900179618, 107.36469724564236
0.0, 189.79470900179618
158.27522493710694, 31.519484064689237
0.0, 158.27522493710694
146.43772152121832, 11.83750341588862
0.0, 146.43772152121832
0.0, 146.43772152121832
279.2438910223032, 17.915515225135323
0.0, 279.2438910223032
0.0, 279.2438910223032
1001.8817405054174, 2.432620666772891
647.3060396381625, 354.5757008672549
64.8446260599441, 582.4614135782184
0.0, 64.8446260599441
25.02102452627245, 39.823601533671656
0.0, 25.02102452627245
0.0, 25.02102452627245
214.07803420084502, 433.22800543731745
0.0, 214.07803420084502
0.0, 214.07803420084502
825.4897784129553, 176.3919620924621
315.7283855612815, 509.76139285167375
51.441717572369015, 264.28666798891254
0.0, 51.441717572369015
0.0, 51.441717572369015
60.94720339865368, 254.78118216262786
0.0, 60.94720339865368
0.0, 60.94720339865368
368.95757143785096, 456.5322069751043
0.0, 368.95757143785096
71.07177187190452, 297.88579956594646
0.0, 71.07177187190452
57.16299801584634, 13.908773856058176
0.0, 57.16299801584634
0.0, 57.16299801584634
1054.3340713753216, 14.593446074902658
836.0247158801204, 218.3093554952012
204.7081595071554, 631.316556372965
0.0, 204.7081595071554
0.0, 204.7081595071554
278.79258482680274, 557.2321310533177
249.84391085440987, 28.948673972392868
21.59875831613626, 228.2451525382736
0.0, 21.59875831613626
13.585204930599241, 8.013553385537017
0.0, 13.585204930599241
0.0, 13.585204930599241
127.15066218542252, 122.69324866898735
0.0, 127.15066218542252
19.17367122326603, 107.97699096215649
0.0, 19.17367122326603
0.0, 19.17367122326603
262.5382614815361, 16.25432334526664
0.0, 262.5382614815361
0.0, 262.5382614815361
1007.3317003854017, 47.00237098991988
0.0, 1007.3317003854017
50.61537601022098, 956.7163243751808
0.0, 50.61537601022098
0.0, 50.61537601022098
1076.022247941157, 2.8628547524658643
629.9362972162106, 446.08595072494643
0.0, 629.9362972162106
124.72157721344166, 505.21472000276896
54.29102128469628, 70.43055592874538
0.0, 54.29102128469628
0.0, 54.29102128469628
82.26133675440497, 42.4602404590367
0.0, 82.26133675440497
0.0, 82.26133675440497
1016.5192285453102, 59.50301939584688
0.0, 1016.5192285453102
761.7978938912104, 254.7213346540998
29.273208923977933, 732.5246849672325
0.0, 29.273208923977933
23.0494339587418, 6.223774965236132
0.0, 23.0494339587418
0.0, 23.0494339587418
726.096482649499, 35.70141124171141
95.04062303347838, 631.0558596160206
0.0, 95.04062303347838
0.0, 95.04062303347838
139.5055124210277, 586.5909702284713
57.48000467012373, 82.02550775090397
0.0, 57.48000467012373
23.136456063517702, 34.343548606606035
0.0, 23.136456063517702
0.0, 23.136456063517702
77.35079709138532, 62.154715329642386
0.0, 77.35079709138532
59.99395994305017, 17.356837148335146
0.0, 59.99395994305017
44.964396149914975, 15.029563793135196
0.0, 44.964396149914975
0.0, 44.964396149914975
1406.1538869696203, 16.205014550409715
0.0, 1406.1538869696203
1112.7492363996196, 293.40465057000074
911.4021720507744, 201.34706434884515
254.73100145183284, 656.6711705989416
0.0, 254.73100145183284
201.1106442278834, 53.62035722394944
12.045223542153973, 189.06542068572944
0.0, 12.045223542153973
8.535080813646301, 3.510142728507672
0.0, 8.535080813646301
0.0, 8.535080813646301
164.36111994386079, 36.74952428402261
0.0, 164.36111994386079
92.00609932701589, 72.3550206168449
0.0, 92.00609932701589
23.773881811589003, 68.23221751542688
0.0, 23.773881811589003
0.0, 23.773881811589003
779.4332831182278, 131.96888893254663
136.83190118963657, 642.6013819285912
0.0, 136.83190118963657
41.66583986516398, 95.1660613244726
0.0, 41.66583986516398
34.97063505506032, 6.695204810103661
0.0, 34.97063505506032
0.0, 34.97063505506032
441.86958609087077, 337.563697027357
0.0, 441.86958609087077
153.48895827419005, 288.3806278166807
0.0, 153.48895827419005
0.0, 153.48895827419005
1071.6119678203875, 41.13726857923211
497.51004297224597, 574.1019248481415
0.0, 497.51004297224597
484.3387565360095, 13.171286436236471
0.0, 484.3387565360095
104.71761228721701, 379.62114424879246
0.0, 104.71761228721701
0.0, 104.71761228721701
1054.0540866115286, 17.557881208858817
1004.7870345767027, 49.26705203482595
484.9050108207683, 519.8820237559344
227.75391292833444, 257.1510978924339
0.0, 227.75391292833444
98.58178336320925, 129.1721295651252
0.0, 98.58178336320925
0.0, 98.58178336320925
343.0180295328498, 141.8869812879185
0.0, 343.0180295328498
171.31693162147113, 171.7010979113787
0.0, 171.31693162147113
0.0, 171.31693162147113
1003.4728809381426, 1.3141536385601285
0.0, 1003.4728809381426
195.57929145900906, 807.8935894791335
121.91769142418838, 73.66160003482068
0.0, 121.91769142418838
107.21118072449906, 14.706510699689318
17.228135225984374, 89.98304549851468
0.0, 17.228135225984374
0.0, 17.228135225984374
103.97179876550909, 3.2393819589899664
0.0, 103.97179876550909
0.0, 103.97179876550909
180.64578076360863, 14.933510695400429
80.53555505833351, 100.11022570527511
0.0, 80.53555505833351
0.0, 80.53555505833351
106.85965485940484, 73.78612590420379
0.0, 106.85965485940484
38.53787739105451, 68.32177746835033
0.0, 38.53787739105451
0.0, 38.53787739105451
1049.267372424581, 4.78671418694762
280.2684760587029, 768.9988963658782
199.4960769436199, 80.772399115083
0.0, 199.4960769436199
106.98630767304077, 92.50976927057913
0.0, 106.98630767304077
0.0, 106.98630767304077
228.32975966020703, 51.93871639849587
0.0, 228.32975966020703
185.79544338563545, 42.53431627457158
37.9042317773793, 147.89121160825616
0.0, 37.9042317773793
0.0, 37.9042317773793
135.76364447484022, 50.03179891079523
0.0, 135.76364447484022
0.0, 135.76364447484022
1015.2899793571812, 33.97739306739982
390.9657814803687, 624.3241978768125
0.0, 390.9657814803687
0.0, 390.9657814803687
610.0655736779329, 405.2244056792483
113.71709782404373, 496.34847585388917
0.0, 113.71709782404373
0.0, 113.71709782404373
505.52900270787893, 104.53657097005396
0.0, 505.52900270787893
175.40720063591831, 330.1218020719606
0.0, 175.40720063591831
63.9294901199102, 111.47771051600812
0.0, 63.9294901199102
0.0, 63.9294901199102
6734.855239117774, 3786.526078631733
1562.5218163773554, 5172.333422740418
1087.375471388274, 475.1463449890814
532.5309492292573, 554.8445221590167
339.1499455610736, 193.38100366818372
106.12269558630224, 233.02724997477134
2.339638049022755, 103.78305753727949
0.0, 2.339638049022755
0.0, 2.339638049022755
26.695502740557234, 79.42719284574501
0.0, 26.695502740557234
0.0, 26.695502740557234
143.91291265477724, 195.23703290629635
0.0, 143.91291265477724
73.75946399931821, 70.15344865545903
0.0, 73.75946399931821
0.0, 73.75946399931821
501.8470323654639, 30.6839168637934
0.0, 501.8470323654639
143.99000213793354, 357.85703022753034
0.0, 143.99000213793354
0.0, 143.99000213793354
1048.3249222238878, 39.05054916438621
696.2796381141154, 352.0452841097724
468.1420680979415, 228.13757001617392
0.0, 468.1420680979415
131.16606143514016, 336.9760066628013
86.53677666099654, 44.62928477414363
0.0, 86.53677666099654
0.0, 86.53677666099654
120.09049873239165, 11.075562702748513
0.0, 120.09049873239165
37.83059264793591, 82.25990608445574
0.0, 37.83059264793591
0.0, 37.83059264793591
586.9301350499561, 109.34950306415931
0.0, 586.9301350499561
73.15462737177222, 513.7755076781839
10.713953854332793, 62.44067351743943
0.0, 10.713953854332793
0.0, 10.713953854332793
29.882770907210382, 43.271856464561836
0.0, 29.882770907210382
0.0, 29.882770907210382
1048.0902492385223, 0.23467298536547787
935.5581413136836, 112.53210792483878
0.0, 935.5581413136836
142.58130409563324, 792.9768372180504
0.0, 142.58130409563324
126.5944267596741, 15.986877335959136
0.0, 126.5944267596741
110.34345586825474, 16.25097089141937
0.0, 110.34345586825474
0.0, 110.34345586825474
1005.6885805926004, 42.40166864592197
0.0, 1005.6885805926004
441.70696284364874, 563.9816177489516
0.0, 441.70696284364874
33.740522242458766, 407.96644060118996
0.0, 33.740522242458766
20.302540380544112, 13.437981861914654
0.0, 20.302540380544112
0.0, 20.302540380544112
1181.0534398059324, 381.46837657142305
1051.9762419308386, 129.07719787509382
132.08630494114377, 919.8899369896948
0.0, 132.08630494114377
0.0, 132.08630494114377
1008.5016746038458, 43.47456732699277
0.0, 1008.5016746038458
886.0901946332193, 122.41147997062649
0.0, 886.0901946332193
767.2355627042488, 118.85463192897055
0.0, 767.2355627042488
505.94839117443996, 261.2871715298088
392.30701393050396, 113.641377243936
65.60251738933042, 326.7044965411735
0.0, 65.60251738933042
0.0, 65.60251738933042
183.60782657968403, 208.69918735081993
0.0, 183.60782657968403
173.23368575856367, 10.374140821120363
0.0, 173.23368575856367
153.69631307480014, 19.53737268376352
0.0, 153.69631307480014
111.74254668318363, 41.95376639161651
13.585443312000875, 98.15710337118276
0.0, 13.585443312000875
8.763378920529204, 4.82206439147167
0.0, 8.763378920529204
0.8553814079104013, 7.907997512618803
0.0, 0.8553814079104013
0.0, 0.8553814079104013
24.17766537301805, 87.56488131016559
0.0, 24.17766537301805
0.0, 24.17766537301805
453.69401422541955, 52.25437694902041
89.76389034823573, 363.9301238771838
0.0, 89.76389034823573
50.5316947446327, 39.23219560360303
0.0, 50.5316947446327
0.0, 50.5316947446327
262.27664471635984, 191.4173695090597
28.195994958805176, 234.08064975755465
0.0, 28.195994958805176
0.0, 28.195994958805176
125.7141579871283, 136.56248672923152
0.0, 125.7141579871283
108.76108397748193, 16.95307400964637
0.0, 108.76108397748193
0.0, 108.76108397748193
1127.3313715026961, 53.722068303236256
1109.6751598285368, 17.656211674159294
233.1728465681051, 876.5023132604317
73.27581468464909, 159.897031883456
0.0, 73.27581468464909
16.638635770953318, 56.63717891369578
0.0, 16.638635770953318
0.0, 16.638635770953318
131.94229675229002, 101.23054981581507
0.0, 131.94229675229002
0.0, 131.94229675229002
1029.0391339779117, 80.63602585062517
187.60934770045102, 841.4297862774606
124.94829719349335, 62.66105050695768
0.0, 124.94829719349335
0.0, 124.94829719349335
168.7072209635559, 18.902126736895127
0.0, 168.7072209635559
75.92947796397168, 92.77774299958422
0.0, 75.92947796397168
0.0, 75.92947796397168
432.47221685953866, 596.566917118373
0.0, 432.47221685953866
0.0, 432.47221685953866
1119.6132125892161, 7.718158913480011
642.7707571869347, 476.8424554022814
0.0, 642.7707571869347
371.88416480177494, 270.88659238515976
0.0, 371.88416480177494
33.35844083040299, 338.525723971372
0.0, 33.35844083040299
11.223869654358465, 22.134571176044524
0.0, 11.223869654358465
0.0, 11.223869654358465
1032.4915855360903, 87.12162705312585
656.4275703726047, 376.0640151634856
7.564163809160189, 648.8634065634445
0.0, 7.564163809160189
0.0, 7.564163809160189
548.7687692912363, 107.65880108136844
0.0, 548.7687692912363
105.70241895262508, 443.0663503386112
0.0, 105.70241895262508
37.12237681477257, 68.5800421378525
0.0, 37.12237681477257
0.0, 37.12237681477257
1003.8221997284518, 28.66938580763849
502.26207025074353, 501.56012947770824
229.5874297466333, 272.67464050411024
0.0, 229.5874297466333
206.73996905909428, 22.847460687539012
0.0, 206.73996905909428
0.0, 206.73996905909428
432.9438659397257, 69.31820431101784
0.0, 432.9438659397257
382.4464610846071, 50.49740485511859
1.1645460314331249, 381.281915053174
0.0, 1.1645460314331249
0.0, 1.1645460314331249
363.3614203789076, 19.085040705699498
0.0, 363.3614203789076
92.46450576841542, 270.8969146104922
0.0, 92.46450576841542
0.0, 92.46450576841542
974.3955450494207, 29.426654679031117
224.09375630769028, 750.3017887417304
0.0, 224.09375630769028
0.0, 224.09375630769028
556.8033109367794, 417.5922341126412
0.0, 556.8033109367794
290.4931705167232, 266.31014042005626
17.956466143048825, 272.53670437367435
0.0, 17.956466143048825
0.0, 17.956466143048825
179.9785665182464, 110.51460399847679
0.0, 179.9785665182464
114.77588201970406, 65.20268449854234
0.0, 114.77588201970406
89.47304586998966, 25.302836149714395
0.0, 89.47304586998966
36.731485398750294, 52.74156047123937
0.0, 36.731485398750294
31.735296482351497, 4.996188916398797
0.0, 31.735296482351497
0.0, 31.735296482351497
1608.2619761481926, 5126.593262969581
1436.6822234008546, 171.57975274733803
1238.7018073208244, 197.98041608003018
1140.5156371325688, 98.18617018825557
1051.9099343187381, 88.6057028138307
1036.0767288453048, 15.833205473433281
1025.1471706954385, 10.929558149866352
1000.2529432005219, 24.89422749491655
109.4056818085015, 890.8472613920204
0.0, 109.4056818085015
36.57302058474041, 72.83266122376108
0.0, 36.57302058474041
0.0, 36.57302058474041
566.8275360360309, 433.42540716449105
0.0, 566.8275360360309
0.0, 566.8275360360309
1011.8836418441564, 13.263528851282103
661.4863682737774, 350.39727357037896
40.75701492428109, 620.7293533494964
0.0, 40.75701492428109
0.0, 40.75701492428109
582.6953991318954, 78.79096914188199
214.10007075012894, 368.59532838176654
0.0, 214.10007075012894
0.0, 214.10007075012894
477.20591105023425, 105.4894880816612
40.06803988711056, 437.1378711631237
0.0, 40.06803988711056
30.588312928801784, 9.479726958308774
0.0, 30.588312928801784
0.0, 30.588312928801784
286.4079898373324, 190.79792121290183
0.0, 286.4079898373324
0.0, 286.4079898373324
664.7840100937335, 347.0996317504229
0.0, 664.7840100937335
270.4970559382, 394.2869541555335
130.94735688094394, 139.54969905725605
0.0, 130.94735688094394
34.704631175830066, 96.24272570511388
0.0, 34.704631175830066
23.387035133514775, 11.31759604231529
0.0, 23.387035133514775
0.0, 23.387035133514775
268.4940269752567, 2.00302896294329
91.75225919715643, 176.74176777810027
0.0, 91.75225919715643
0.0, 91.75225919715643
245.80042736185462, 22.693599613402085
69.15494632814875, 176.64548103370586
0.0, 69.15494632814875
0.0, 69.15494632814875
191.7831609289651, 54.01726643288953
0.0, 191.7831609289651
39.7235195912426, 152.0596413377225
0.0, 39.7235195912426
0.0, 39.7235195912426
1027.1853427590438, 8.891386086261036
0.0, 1027.1853427590438
587.8358199392626, 439.3495228197812
497.2607270239549, 90.57509291530766
0.0, 497.2607270239549
261.16487364203533, 236.0958533819196
0.0, 261.16487364203533
0.0, 261.16487364203533
546.1052713953184, 41.730548543944224
0.0, 546.1052713953184
445.1752572708583, 100.93001412446006
127.21571594266929, 317.959541328189
0.0, 127.21571594266929
0.0, 127.21571594266929
240.07649806079098, 205.09875921006733
0.0, 240.07649806079098
161.30443585073914, 78.77206221005184
105.75151964428719, 55.552916206451954
0.0, 105.75151964428719
6.362334052991244, 99.38918559129594
0.0, 6.362334052991244
0.0, 6.362334052991244
138.57028709455415, 22.734148756184993
0.0, 138.57028709455415
47.66037193555764, 90.90991515899651
0.0, 47.66037193555764
0.0, 47.66037193555764
1039.2641952215567, 12.645739097181377
570.3593874095463, 468.9048078120104
73.45147093621345, 496.9079164733329
0.0, 73.45147093621345
35.814540770473776, 37.63693016573968
0.0, 35.814540770473776
0.0, 35.814540770473776
298.2167474877353, 272.14263992181105
0.0, 298.2167474877353
0.0, 298.2167474877353
1012.0647208548864, 27.1994743666703
704.6837467962517, 307.3809740586347
0.0, 704.6837467962517
388.0211219250013, 316.66262487125044
0.0, 388.0211219250013
301.3995816274987, 86.62154029750258
0.0, 301.3995816274987
71.15514017273154, 230.24444145476718
0.0, 71.15514017273154
0.0, 71.15514017273154
1000.4429560909912, 11.621764763895271
345.7337893628271, 654.7091667281641
0.0, 345.7337893628271
59.483984469718436, 286.24980489310866
0.0, 59.483984469718436
0.0, 59.483984469718436
752.3377403819062, 248.10521570908497
425.07902925072733, 327.25871113117887
134.06181530987894, 291.01721394084836
0.0, 134.06181530987894
0.0, 134.06181530987894
380.55526582792623, 44.523763422801096
203.4106934322888, 177.14457239563743
0.0, 203.4106934322888
174.81254621858125, 28.598147213707563
0.0, 174.81254621858125
46.09576171204837, 128.71678450653286
0.0, 46.09576171204837
42.096705111049225, 3.999056600999147
0.0, 42.096705111049225
0.0, 42.096705111049225
262.9854173686396, 117.56984845928662
0.0, 262.9854173686396
0.0, 262.9854173686396
644.9841816120833, 107.35355876982294
334.46349949165756, 310.5206821204257
0.0, 334.46349949165756
157.03373849411702, 177.42976099754054
14.418835604590582, 142.61490288952643
0.0, 14.418835604590582
0.0, 14.418835604590582
39.93659187148133, 117.09714662263568
0.0, 39.93659187148133
0.0, 39.93659187148133
472.7021093794453, 172.28207223263797
0.0, 472.7021093794453
394.4480227259909, 78.25408665345441
0.0, 394.4480227259909
317.1833817882638, 77.26464093772711
0.0, 317.1833817882638
192.38538227915316, 124.79799950911061
0.0, 192.38538227915316
26.740447185015565, 165.6449350941376
0.0, 26.740447185015565
0.0, 26.740447185015565
1131.93699080769, 8.578646324878719
1082.8428740703011, 49.09411673738896
1067.3293256986078, 15.513548371693332
372.7083319345336, 694.6209937640742
262.6238241973425, 110.08450773719107
0.0, 262.6238241973425
152.13165846192337, 110.49216573541915
7.401772465952717, 144.72988599597065
0.0, 7.401772465952717
0.0, 7.401772465952717
131.35277416532475, 20.77888429659862
0.0, 131.35277416532475
83.68138681510736, 47.67138735021739
0.0, 83.68138681510736
0.0, 83.68138681510736
314.0476857761181, 58.66064615841549
181.71993448465042, 132.32775129146768
0.0, 181.71993448465042
174.1820826698291, 7.537851814821323
0.0, 174.1820826698291
29.560526203344285, 144.6215564664848
0.0, 29.560526203344285
0.0, 29.560526203344285
301.6276137629055, 12.420072013212575
0.0, 301.6276137629055
0.0, 301.6276137629055
1055.2979255667171, 12.031400131890678
1017.4517204412185, 37.846205125498614
564.9017363192005, 452.54998412201803
0.0, 564.9017363192005
0.0, 564.9017363192005
1001.2446854900113, 16.20703495120722
0.0, 1001.2446854900113
16.332083312358716, 984.9126021776526
0.0, 16.332083312358716
0.0, 16.332083312358716
1041.6581717034721, 13.639753863245005
0.0, 1041.6581717034721
320.70253159139924, 720.9556401120728
17.204385430079885, 303.49814616131937
0.0, 17.204385430079885
0.0, 17.204385430079885
307.5132537718387, 13.189277819560516
0.0, 307.5132537718387
0.0, 307.5132537718387
1078.3724371509884, 4.47043691931276
1042.2653638110696, 36.10707333991877
1010.6206604440883, 31.644703366981275
0.0, 1010.6206604440883
0.0, 1010.6206604440883
1023.5703247214972, 18.695039089572447
677.2114118976247, 346.3589128238725
102.91685673955764, 574.294555158067
0.0, 102.91685673955764
0.0, 102.91685673955764
478.91482642509965, 198.296585472525
87.42590887610254, 391.4889175489971
0.0, 87.42590887610254
81.29146636561764, 6.134442510484902
0.0, 81.29146636561764
54.737836763164715, 26.553629602452922
0.0, 54.737836763164715
0.0, 54.737836763164715
239.3803756584862, 239.53445076661345
0.0, 239.3803756584862
96.15319293355729, 143.22718272492892
0.0, 96.15319293355729
0.0, 96.15319293355729
1004.4977376432192, 19.072587078277934
639.2481480606305, 365.2495895825888
0.0, 639.2481480606305
218.54572265963665, 420.7024254009938
0.0, 218.54572265963665
140.68488614884964, 77.86083651078701
0.0, 140.68488614884964
0.0, 140.68488614884964
888.6090440866499, 115.88869355656936
0.0, 888.6090440866499
489.09715214577864, 399.51189194087124
0.0, 489.09715214577864
134.23518650607997, 354.86196563969867
0.0, 134.23518650607997
0.0, 134.23518650607997
1054.6352923649245, 23.737144786063936
0.0, 1054.6352923649245
1045.75404397245, 8.88124839247439
1002.9714881074345, 42.782555865015524
0.0, 1002.9714881074345
190.59053487908358, 812.380953228351
0.0, 190.59053487908358
162.04221848301154, 28.54831639607204
49.57170743960121, 112.47051104341033
0.0, 49.57170743960121
0.0, 49.57170743960121
106.38870330926483, 55.65351517374671
0.0, 106.38870330926483
63.700694139442845, 42.68800916982198
0.0, 63.700694139442845
0.0, 63.700694139442845
1006.1561615390269, 39.59788243342314
480.49550767365866, 525.6606538653682
270.85394432864877, 209.6415633450099
0.0, 270.85394432864877
268.20367052764595, 2.650273801002811
62.03603408590844, 206.1676364417375
0.0, 62.03603408590844
31.478240686468077, 30.557793399440364
0.0, 31.478240686468077
0.0, 31.478240686468077
131.9256474267211, 136.27802310092486
0.0, 131.9256474267211
41.627621086612436, 90.29802634010866
0.0, 41.627621086612436
0.0, 41.627621086612436
275.1896593390853, 205.30584833457334
0.0, 275.1896593390853
0.0, 275.1896593390853
1001.7755498494387, 4.38061168958825
0.0, 1001.7755498494387
588.3966251630366, 413.3789246864021
0.0, 588.3966251630366
111.18746546439728, 477.20915969863927
23.898232365981777, 87.28923309841551
0.0, 23.898232365981777
0.0, 23.898232365981777
99.2929536727161, 11.894511791681182
0.0, 99.2929536727161
94.68682007387372, 4.606133598842376
0.0, 94.68682007387372
0.0, 94.68682007387372
1130.3209775173696, 1.6160132903205522
314.20298948713446, 816.1179880302351
0.0, 314.20298948713446
203.7501700136695, 110.45281947346496
0.0, 203.7501700136695
0.0, 203.7501700136695
1109.8829506374125, 20.43802687995708
1008.1086799816479, 101.77427065576455
151.5559133280888, 856.5527666535592
0.0, 151.5559133280888
0.0, 151.5559133280888
255.85621126300993, 752.252468718638
42.02167198458242, 213.8345392784275
0.0, 42.02167198458242
0.0, 42.02167198458242
138.13359133789552, 117.7226199251144
0.0, 138.13359133789552
52.624509130551985, 85.50908220734354
0.0, 52.624509130551985
16.755311028670274, 35.86919810188171
0.0, 16.755311028670274
0.0, 16.755311028670274
1080.1543889599272, 29.72856167748523
1010.5598981848395, 69.5944907750877
310.60976813342563, 699.9501300514139
32.16433451719387, 278.44543361623175
0.0, 32.16433451719387
0.0, 32.16433451719387
188.01356120188242, 122.59620693154321
0.0, 188.01356120188242
27.83016102626053, 160.1834001756219
0.0, 27.83016102626053
0.0, 27.83016102626053
1009.9413208723261, 0.6185773125134801
867.4626147573432, 142.47870611498286
0.0, 867.4626147573432
313.98028662628695, 553.4823281310562
115.81296997165894, 198.167316654628
0.0, 115.81296997165894
52.593139107061795, 63.21983086459715
0.0, 52.593139107061795
0.0, 52.593139107061795
239.195470373059, 74.78481625322794
0.0, 239.195470373059
103.59091406734542, 135.60455630571357
31.030223898989274, 72.56069016835615
0.0, 31.030223898989274
0.0, 31.030223898989274
73.17243600476027, 30.41847806258515
0.0, 73.17243600476027
0.0, 73.17243600476027
1007.4639548778995, 2.4773659944265773
144.8918191413868, 862.5721357365127
32.11170988156163, 112.78010925982517
0.0, 32.11170988156163
0.0, 32.11170988156163
95.70974461789898, 49.18207452348783
0.0, 95.70974461789898
50.11740092250794, 45.59234369539104
0.0, 50.11740092250794
0.0, 50.11740092250794
1002.1665602557846, 5.2973946221148935
0.0, 1002.1665602557846
209.536593817897, 792.6299664378876
0.0, 209.536593817897
0.0, 209.536593817897
1017.371896786308, 62.78249217361929
1011.0220697313437, 6.349827054964294
417.0943508402668, 593.9277188910769
0.0, 417.0943508402668
6.20707543952405, 410.8872754007428
0.0, 6.20707543952405
0.0, 6.20707543952405
1003.1070103477361, 7.915059383607513
163.68892763831585, 839.4180827094203
10.723392249756735, 152.96553538855912
0.0, 10.723392249756735
0.0, 10.723392249756735
16.545046599732807, 147.14388103858303
0.0, 16.545046599732807
0.0, 16.545046599732807
251.91313430940738, 751.1938760383288
153.80031320983568, 98.1128210995717
8.68451650395489, 145.1157967058808
0.0, 8.68451650395489
0.0, 8.68451650395489
43.55791691332062, 110.24239629651507
0.0, 43.55791691332062
0.0, 43.55791691332062
186.42453449873, 65.48859981067739
154.2191064149115, 32.205428083818504
117.63637766718, 36.582728747731494
0.0, 117.63637766718
0.0, 117.63637766718
135.27433075479104, 18.944775660120456
0.0, 135.27433075479104
78.71318089363898, 56.56114986115206
0.0, 78.71318089363898
0.0, 78.71318089363898
157.29831416418148, 29.12622033454852
0.0, 157.29831416418148
93.16748302195155, 64.13083114222992
0.0, 93.16748302195155
0.0, 93.16748302195155
1015.9902964620238, 1.3816003242841361
183.8245019063675, 832.1657945556564
0.0, 183.8245019063675
119.91495507083242, 63.90954683553507
0.0, 119.91495507083242
0.0, 119.91495507083242
1003.4105219249215, 12.579774537102367
541.657405149424, 461.75311677549746
277.7567269474943, 263.9006782019297
0.0, 277.7567269474943
81.52301635441628, 196.23371059307803
0.0, 81.52301635441628
4.5374106600744035, 76.98560569434188
0.0, 4.5374106600744035
0.0, 4.5374106600744035
331.18045567999627, 210.47694946942772
49.281013807252975, 281.8994418727433
0.0, 49.281013807252975
0.0, 49.281013807252975
98.33108872720136, 232.84936695279492
0.0, 98.33108872720136
60.20621429482407, 38.12487443237729
0.0, 60.20621429482407
3.594218694606955, 56.611995600217114
0.0, 3.594218694606955
0.0, 3.594218694606955
990.0919743976883, 13.318547527233136
2.8535328220378267, 987.2384415756505
0.0, 2.8535328220378267
0.0, 2.8535328220378267
509.2841460574473, 480.80782834024103
222.77332793874143, 286.51081811870586
11.973580245392442, 210.799747693349
0.0, 11.973580245392442
0.0, 11.973580245392442
185.18153032030978, 37.591797618431656
41.59789697408069, 143.58363334622908
0.0, 41.59789697408069
3.9609137826487055, 37.63698319143199
0.0, 3.9609137826487055
0.0, 3.9609137826487055
91.05289924367256, 94.12863107663722
0.0, 91.05289924367256
0.0, 91.05289924367256
298.1329156044602, 211.15123045298708
0.0, 298.1329156044602
83.04803412603749, 215.08488147842272
0.0, 83.04803412603749
27.956874474706883, 55.091159651330614
0.0, 27.956874474706883
0.0, 27.956874474706883
1141.372205084091, 97.32960223673331
370.92687824708077, 770.4453268370103
195.4387068527996, 175.48817139428115
9.412956581513438, 186.02575027128617
0.0, 9.412956581513438
0.0, 9.412956581513438
88.86637714608578, 106.57232970671383
0.0, 88.86637714608578
85.52897042000613, 3.3374067260796494
0.0, 85.52897042000613
0.0, 85.52897042000613
339.16665351732377, 31.760224729757
0.0, 339.16665351732377
0.0, 339.16665351732377
1105.6036512764808, 35.76855380761026
160.17505101373325, 945.4286002627475
0.0, 160.17505101373325
69.03151970509367, 91.14353130863958
0.0, 69.03151970509367
0.0, 69.03151970509367
1020.617333226122, 84.98631805035882
1001.9012614250465, 18.716071801075486
0.0, 1001.9012614250465
0.0, 1001.9012614250465
1012.8989010758244, 7.7184321502976445
510.9349859561292, 501.9639151196952
133.5821266685451, 377.3528592875841
0.0, 133.5821266685451
0.0, 133.5821266685451
467.48053904097435, 43.45444691515485
0.0, 467.48053904097435
253.58455624046474, 213.8959828005096
0.0, 253.58455624046474
140.6347396958826, 112.94981654458215
0.0, 140.6347396958826
99.71723814616874, 40.91750154971385
0.0, 99.71723814616874
76.76010344371639, 22.95713470245235
0.0, 76.76010344371639
0.0, 76.76010344371639
1000.1868971311213, 12.712003944703042
660.6260887076149, 339.5608084235064
63.50093791896565, 597.1251507886493
0.0, 63.50093791896565
0.0, 63.50093791896565
175.4470313267603, 485.1790573808546
18.41397546146528, 157.03305586529504
0.0, 18.41397546146528
0.7651311291152809, 17.64884433235
0.0, 0.7651311291152809
0.0, 0.7651311291152809
115.84740848033964, 59.59962284642067
17.29056506204102, 98.55684341829863
0.0, 17.29056506204102
0.0, 17.29056506204102
90.5440447332901, 25.303363747049545
0.0, 90.5440447332901
7.581557299087159, 82.96248743420293
0.0, 7.581557299087159
0.0, 7.581557299087159
871.8512857437195, 128.33561138740185
263.2937404343678, 608.5575453093517
0.0, 263.2937404343678
25.467091623633728, 237.82664881073407
0.0, 25.467091623633728
20.35973098789364, 5.107360635740086
0.0, 20.35973098789364
0.0, 20.35973098789364
512.331329070298, 359.51995667342146
0.0, 512.331329070298
148.01785930725657, 364.31346976304144
0.0, 148.01785930725657
131.50943050140117, 16.508428805855402
70.62112657995503, 60.88830392144614
0.0, 70.62112657995503
54.96491510060588, 15.656211479349153
0.0, 54.96491510060588
53.97813558824853, 0.9867795123573515
0.0, 53.97813558824853
0.0, 53.97813558824853
109.3479502161384, 22.16148028526277
0.0, 109.3479502161384
24.228999395349238, 85.11895082078917
0.0, 24.228999395349238
0.0, 24.228999395349238
1292.8031364245394, 143.8790869763152
1008.7862307752538, 284.0169056492856
192.84211517161742, 815.9441156036364
0.0, 192.84211517161742
67.35960276696572, 125.4825124046517
0.0, 67.35960276696572
0.0, 67.35960276696572
689.695355903735, 319.09087487151874
0.0, 689.695355903735
575.849643633872, 113.84571226986304
100.24845459904004, 475.601189034832
0.0, 100.24845459904004
21.710000837981443, 78.5384537610586
0.0, 21.710000837981443
0.0, 21.710000837981443
499.75305387794714, 76.09658975592487
21.7693942819447, 477.98365959600244
0.0, 21.7693942819447
0.0, 21.7693942819447
179.01735175978217, 320.73570211816497
0.0, 179.01735175978217
170.52954013290255, 8.487811626879619
0.0, 170.52954013290255
118.14903274342302, 52.38050738947953
0.0, 118.14903274342302
0.0, 118.14903274342302
1215.962771957881, 76.84036446665846
1081.3057891071157, 134.6569828507652
1041.3991139949778, 39.90667511213792
0.0, 1041.3991139949778
165.46752610160894, 875.9315878933689
0.0, 165.46752610160894
69.36937131189852, 96.09815478971042
0.0, 69.36937131189852
35.74094096846547, 33.628430343433045
0.0, 35.74094096846547
0.0, 35.74094096846547
1057.745186311381, 23.560602795734667
1017.2758663183586, 40.46931999302251
461.1298838805994, 556.1459824377591
0.0, 461.1298838805994
0.0, 461.1298838805994
1009.4047632969335, 7.871103021425029
995.6389931636095, 13.765770133324054
218.18573996268987, 777.4532532009196
18.576348004134736, 199.60939195855514
0.0, 18.576348004134736
0.0, 18.576348004134736
138.8998084119634, 79.28593155072647
0.0, 138.8998084119634
114.95495145215976, 23.94485695980363
0.0, 114.95495145215976
0.0, 114.95495145215976
465.8352929024327, 529.8037002611768
157.03484157397452, 308.80045132845817
0.0, 157.03484157397452
77.58481697223044, 79.45002460174408
0.0, 77.58481697223044
0.0, 77.58481697223044
366.5804666336295, 99.25482626880319
0.0, 366.5804666336295
28.74058194610956, 337.83988468751994
0.0, 28.74058194610956
25.21377717603486, 3.526804770074701
0.0, 25.21377717603486
0.0, 25.21377717603486
1000.0396982349201, 9.3650650620134
56.81716510594823, 943.2225331289719
0.0, 56.81716510594823
2.2767378050494522, 54.54042730089878
0.0, 2.2767378050494522
0.0, 2.2767378050494522
654.2485106754935, 345.7911875594266
0.0, 654.2485106754935
483.35324551025127, 170.89526516524228
276.97525152779684, 206.37799398245443
0.0, 276.97525152779684
251.56281678064613, 25.412434747150712
0.0, 251.56281678064613
105.80525455342318, 145.75756222722293
0.0, 105.80525455342318
93.87737031852434, 11.92788423489884
0.0, 93.87737031852434
90.41773026769864, 3.4596400508256977
0.0, 90.41773026769864
70.6741397306736, 19.743590537025042
0.0, 70.6741397306736
28.73284324937799, 41.94129648129561
0.0, 28.73284324937799
26.84564210231459, 1.8872011470634007
0.0, 26.84564210231459
10.554369667262328, 16.29127243505226
0.0, 10.554369667262328
5.16869605920835, 5.385673608053978
0.0, 5.16869605920835
0.0, 5.16869605920835
433.30055003454606, 50.05269547570521
0.0, 433.30055003454606
202.14542055376018, 231.1551294807859
0.0, 202.14542055376018
171.44103615182314, 30.704384401937034
0.0, 171.44103615182314
0.0, 171.44103615182314
1045.5749416574638, 12.17024465391728
1027.6311053916158, 17.94383626584795
211.39706088712916, 816.2340445044867
0.0, 211.39706088712916
0.0, 211.39706088712916
1011.4669967438833, 16.16410864773252
891.1879727728368, 120.27902397104651
594.1301885599564, 297.0577842128804
0.0, 594.1301885599564
476.06379723828246, 118.06639132167396
0.0, 476.06379723828246
312.39416412559086, 163.6696331126916
58.10790804264327, 254.2862560829476
1.8322651830562273, 56.27564285958704
0.0, 1.8322651830562273
0.0, 1.8322651830562273
8.773314131845906, 49.33459391079736
0.0, 8.773314131845906
0.0, 8.773314131845906
220.89406108943098, 91.50010303615989
0.0, 220.89406108943098
0.0, 220.89406108943098
875.9959597450304, 15.19201302780641
0.0, 875.9959597450304
764.6060206079944, 111.38993913703598
62.60159331281991, 702.0044272951745
0.0, 62.60159331281991
0.0, 62.60159331281991
219.70408494293812, 544.9019356650563
0.0, 219.70408494293812
76.09732300139248, 143.60676194154564
0.0, 76.09732300139248
0.0, 76.09732300139248
1010.7387327144081, 0.7282640294752127
634.0271988920979, 376.71153382231023
0.0, 634.0271988920979
0.0, 634.0271988920979
988.916041671864, 21.82269104254408
563.6990390331653, 425.2170026386988
119.88177133071007, 443.8172677024552
0.0, 119.88177133071007
94.64693925359987, 25.234832077110198
0.0, 94.64693925359987
0.0, 94.64693925359987
232.28210080275133, 331.41693823041396
0.0, 232.28210080275133
4.7977124018309505, 227.48438840092038
0.0, 4.7977124018309505
0.0, 4.7977124018309505
666.7794874060745, 322.1365542657895
0.0, 666.7794874060745
493.3647282171301, 173.4147591889444
6.19123760598635, 487.17349061114373
0.0, 6.19123760598635
0.0, 6.19123760598635
418.076882018171, 75.28784619895913
394.77439586790535, 23.302486150265622
35.31567171774076, 359.4587241501646
0.0, 35.31567171774076
29.694046448964222, 5.6216252687765405
0.0, 29.694046448964222
0.0, 29.694046448964222
152.60487744742974, 242.1695184204756
0.0, 152.60487744742974
0.0, 152.60487744742974
396.38842127622235, 21.68846074194863
119.61452125049973, 276.7739000257226
0.0, 119.61452125049973
0.0, 119.61452125049973
336.1471662916787, 60.24125498454367
0.0, 336.1471662916787
0.0, 336.1471662916787
1037.37463480829, 8.200306849173785
0.0, 1037.37463480829
1002.0375179435347, 35.33711686475533
188.01364659045672, 814.023871353078
0.670052736874509, 187.3435938535822
0.0, 0.670052736874509
0.0, 0.670052736874509
69.9020559903839, 118.11159060007282
0.0, 69.9020559903839
38.295323566109936, 31.606732424273964
0.0, 38.295323566109936
13.672807159093411, 24.622516407016526
0.0, 13.672807159093411
0.0, 13.672807159093411
1001.8773860979444, 0.1601318455902856
366.1766512366541, 635.7007348612904
0.0, 366.1766512366541
73.70689951022676, 292.4697517264273
0.0, 73.70689951022676
46.439321945339074, 27.267577564887688
0.0, 46.439321945339074
26.169755735530675, 20.2695662098084
0.0, 26.169755735530675
0.0, 26.169755735530675
480.6091684488481, 521.2682176490963
0.0, 480.6091684488481
0.0, 480.6091684488481
1140.4956650679828, 75.4671068898981
288.2965359777922, 852.1991290901906
137.6084637183536, 150.6880722594386
0.0, 137.6084637183536
38.602885635990056, 99.00557808236354
0.0, 38.602885635990056
0.0, 38.602885635990056
230.70876481888723, 57.58777115890496
0.0, 230.70876481888723
0.0, 230.70876481888723
1118.0338033817252, 22.461861686257635
1006.7000745260932, 111.33372885563199
687.788382790896, 318.9116917351972
0.0, 687.788382790896
107.63885348212224, 580.1495293087737
0.0, 107.63885348212224
0.0, 107.63885348212224
1003.3610656090583, 3.339008917034903
714.4109486677748, 288.95011694128345
77.53194503684827, 636.8790036309266
0.0, 77.53194503684827
0.0, 77.53194503684827
680.3887472288827, 34.022201438892125
168.13290044322795, 512.2558467856547
0.0, 168.13290044322795
135.46887972542297, 32.66402071780499
0.0, 135.46887972542297
0.0, 135.46887972542297
307.0241161592752, 373.3646310696075
0.0, 307.0241161592752
0.0, 307.0241161592752
897.3810776509417, 105.97998795811657
589.4803839654361, 307.90069368550564
338.78923356768945, 250.69115039774664
98.08366237405033, 240.70557119363912
0.0, 98.08366237405033
89.85004394595663, 8.233618428093706
0.0, 89.85004394595663
78.3032867334958, 11.546757212460832
0.0, 78.3032867334958
0.0, 78.3032867334958
296.51920682818815, 42.270026739501304
0.0, 296.51920682818815
257.7732550768365, 38.74595175135164
0.0, 257.7732550768365
138.224194853667, 119.5490602231695
62.26291500744756, 75.96127984621944
0.0, 62.26291500744756
53.165017236376016, 9.097897771071544
0.0, 53.165017236376016
26.94188969855604, 26.223127537819977
0.0, 26.94188969855604
0.0, 26.94188969855604
73.12233638789675, 65.10185846577025
0.0, 73.12233638789675
0.0, 73.12233638789675
585.2976512580374, 4.1827327073987135
0.0, 585.2976512580374
331.0252258829527, 254.27242537508465
0.8611008563788745, 330.16412502657386
0.0, 0.8611008563788745
0.0, 0.8611008563788745
278.261824974385, 52.763400908567746
0.0, 278.261824974385
6.5076816755982145, 271.75414329878674
0.0, 6.5076816755982145
0.0, 6.5076816755982145
756.6379088435549, 140.74316880738684
87.06548832065818, 669.5724205228967
0.0, 87.06548832065818
3.747258265070518, 83.31823005558766
0.0, 3.747258265070518
0.0, 3.747258265070518
687.6783354021859, 68.959573441369
0.0, 687.6783354021859
296.65907172490154, 391.01926367728436
0.0, 296.65907172490154
16.491575814976336, 280.1674959099252
0.0, 16.491575814976336
0.0, 16.491575814976336
1024.908641591286, 93.12516179043928
7.615100141137692, 1017.2935414501483
0.0, 7.615100141137692
0.0, 7.615100141137692
63.94797964797025, 960.9606619433157
0.0, 63.94797964797025
0.0, 63.94797964797025
1501.2913707515809, 106.97060539661175
1357.8879408310443, 143.4034299205366
1022.1628404226034, 335.7251004084409
1005.7077534427119, 16.455086979891462
161.41338963193238, 844.2943638107795
0.0, 161.41338963193238
67.71465126441586, 93.69873836751651
0.0, 67.71465126441586
0.0, 67.71465126441586
450.3609970677935, 555.3467563749184
0.0, 450.3609970677935
148.40500005037038, 301.9559970174231
0.0, 148.40500005037038
0.0, 148.40500005037038
1018.9686961709491, 3.1941442516542793
104.29202601961917, 914.67667015133
0.0, 104.29202601961917
35.93527837809816, 68.35674764152101
0.0, 35.93527837809816
0.36233259466834056, 35.57294578342982
0.0, 0.36233259466834056
0.0, 0.36233259466834056
1006.3406006835597, 12.628095487389373
16.227813533989522, 990.1127871495702
0.0, 16.227813533989522
0.0, 16.227813533989522
692.0096997267553, 314.3309009568044
361.404302896996, 330.60539682975934
0.0, 361.404302896996
0.0, 361.404302896996
463.8539808927688, 228.15571883398655
253.27994834158122, 210.57403255118757
0.0, 253.27994834158122
0.0, 253.27994834158122
409.9496231810676, 53.90435771170121
134.53981945614646, 275.4098037249211
0.0, 134.53981945614646
0.0, 134.53981945614646
333.17387172418114, 76.77575145688644
0.0, 333.17387172418114
295.80839509803576, 37.36547662614538
0.0, 295.80839509803576
0.0, 295.80839509803576
1100.6160012302353, 257.271939600809
1043.7993355904973, 56.81666563973795
0.0, 1043.7993355904973
973.698052561106, 70.10128302939131
355.51388300431995, 618.1841695567861
85.82556520477446, 269.6883177995455
30.857264788995558, 54.968300415778906
0.0, 30.857264788995558
28.965170296444438, 1.89209449255112
0.0, 28.965170296444438
0.0, 28.965170296444438
63.97514553026767, 21.850419674506796
0.0, 63.97514553026767
0.0, 63.97514553026767
159.04397181142264, 196.4699111928973
0.0, 159.04397181142264
122.77427842772595, 36.26969338369669
93.01044441930964, 29.76383400841631
0.0, 93.01044441930964
67.54043455545737, 25.47000986385227
0.0, 67.54043455545737
0.3991350464931807, 67.14129950896418
0.0, 0.3991350464931807
0.0, 0.3991350464931807
108.69783179024932, 14.076446637476622
0.0, 108.69783179024932
0.0, 108.69783179024932
805.7129295478231, 167.98512301328287
133.6959683302507, 672.0169612175724
33.45573130988565, 100.24023702036506
0.0, 33.45573130988565
0.0, 33.45573130988565
117.20791290620254, 16.48805542404817
69.67901564536491, 47.528897260837624
0.0, 69.67901564536491
0.0, 69.67901564536491
89.08648394768163, 28.12142895852091
0.0, 89.08648394768163
0.0, 89.08648394768163
501.54732956781874, 304.1655999800044
0.0, 501.54732956781874
309.55443176515683, 191.9928978026619
54.79625113265851, 254.75818063249832
0.0, 54.79625113265851
0.0, 54.79625113265851
181.60063822497122, 127.95379354018561
0.0, 181.60063822497122
0.0, 181.60063822497122
1051.683669274099, 48.932331956136295
333.09075237907524, 718.5929168950238
25.9914182878222, 307.099334091253
0.0, 25.9914182878222
0.0, 25.9914182878222
93.84990666179945, 239.2408457172758
0.0, 93.84990666179945
0.0, 93.84990666179945
1047.665043465074, 4.018625809025025
0.0, 1047.665043465074
1035.2749686511063, 12.390074813967658
1017.3878640568323, 17.88710459427398
1011.3372314131467, 6.050632643685617
0.0, 1011.3372314131467
0.0, 1011.3372314131467
1013.8483916265048, 3.5394724303274643
535.03144652483, 478.81694510167483
0.0, 535.03144652483
329.4295325499422, 205.6019139748878
0.0, 329.4295325499422
0.0, 329.4295325499422
693.1966646206612, 320.65172700584367
234.43818316055555, 458.7584814601056
135.48628194850446, 98.9519012120511
0.0, 135.48628194850446
2.067238530798999, 133.41904341770547
0.0, 2.067238530798999
0.7814590842825694, 1.2857794465164298
0.0, 0.7814590842825694
0.0, 0.7814590842825694
179.705645701792, 54.732537458763545
23.417540704826155, 156.28810499696584
0.0, 23.417540704826155
0.0, 23.417540704826155
74.33718515468175, 105.36846054711026
0.0, 74.33718515468175
27.519711700799604, 46.817473453882144
0.0, 27.519711700799604
0.0, 27.519711700799604
469.74630860155185, 223.45035601910934
310.9367756521275, 158.80953294942435
52.41519362610188, 258.5215820260256
0.0, 52.41519362610188
0.0, 52.41519362610188
59.240976542288706, 251.6957991098388
0.0, 59.240976542288706
0.0, 59.240976542288706
404.8704474588769, 64.87586114267492
61.22270333510334, 343.6477441237736
0.0, 61.22270333510334
31.20659292125715, 30.01611041384619
0.0, 31.20659292125715
0.0, 31.20659292125715
112.81432393928858, 292.05612351958837
33.28396593630533, 79.53035800298326
0.0, 33.28396593630533
0.0, 33.28396593630533
112.49799525262677, 0.31632868666181935
0.0, 112.49799525262677
0.0, 112.49799525262677
1024.4154762356957, 10.859492415410614
0.0, 1024.4154762356957
828.6314970272553, 195.78397920844043
0.0, 828.6314970272553
768.2645515273434, 60.36694549991182
17.786534799163018, 750.4780167281804
0.0, 17.786534799163018
7.983205909763893, 9.803328889399126
0.0, 7.983205909763893
0.0, 7.983205909763893
406.7551399654707, 361.50941156187275
60.298924330269585, 346.4562156352011
0.0, 60.298924330269585
0.0, 60.298924330269585
205.34979999470707, 201.4053399707636
0.0, 205.34979999470707
28.847664953275064, 176.502135041432
0.0, 28.847664953275064
6.217021908338633, 22.63064304493643
0.0, 6.217021908338633
0.0, 6.217021908338633
1465.0598301695738, 36.23154058200703
1167.06594024355, 297.99388992602394
1016.5280224669382, 150.53791777661172
0.0, 1016.5280224669382
1013.8878036403186, 2.6402188266196163
147.17642826304478, 866.7113753772737
0.0, 147.17642826304478
139.3165313788352, 7.859896884209576
0.0, 139.3165313788352
0.0, 139.3165313788352
1007.9509212021209, 5.936882438197699
0.0, 1007.9509212021209
753.7548179796827, 254.19610322243818
0.0, 753.7548179796827
334.3138318219371, 419.4409861577456
0.0, 334.3138318219371
274.3828094521223, 59.9310223698148
0.0, 274.3828094521223
0.0, 274.3828094521223
1104.9346250699482, 62.131315173601706
1042.8656255986857, 62.06899947126249
856.6832044146552, 186.18242118403055
0.0, 856.6832044146552
221.61661846964324, 635.0665859450119
0.0, 221.61661846964324
0.0, 221.61661846964324
1001.4532948312259, 41.41233076745982
0.0, 1001.4532948312259
407.6427132775246, 593.8105815537012
0.0, 407.6427132775246
181.21522583277144, 226.42748744475315
80.18787948893245, 101.02734634383899
0.0, 80.18787948893245
44.532622387717, 35.655257101215454
0.0, 44.532622387717
0.0, 44.532622387717
174.05186770842505, 7.163358124346388
138.72140164365246, 35.330466064772594
0.0, 138.72140164365246
22.55636441898749, 116.16503722466497
0.0, 22.55636441898749
0.0, 22.55636441898749
151.7201623105754, 22.331705397849646
46.624167009698816, 105.09599530087658
0.0, 46.624167009698816
38.433190537954076, 8.19097647174474
0.0, 38.433190537954076
34.066799633258, 4.366390904696075
0.0, 34.066799633258
0.0, 34.066799633258
86.14993263097101, 65.5702296796044
0.0, 86.14993263097101
0.0, 86.14993263097101
1086.680459221423, 18.25416584852519
1032.9344092527538, 53.74604996866924
594.815931050914, 438.1184782018398
0.0, 594.815931050914
17.694147643170474, 577.1217834077435
0.0, 17.694147643170474
0.0, 17.694147643170474
1001.2016247786541, 31.732784474099617
5.832201519595479, 995.3694232590586
0.0, 5.832201519595479
0.0, 5.832201519595479
1000.7146509185583, 0.4869738600958726
0.0, 1000.7146509185583
32.73195767869705, 967.9826932398612
0.0, 32.73195767869705
0.0, 32.73195767869705
1041.7919273659772, 44.88853185544576
1021.1068602242441, 20.685067141733157
879.6010190444683, 141.50584117977576
631.2489015401744, 248.35211750429391
234.04758827922208, 397.20131326095236
0.0, 234.04758827922208
141.1105036598259, 92.93708461939619
0.0, 141.1105036598259
0.0, 141.1105036598259
391.4699150667181, 239.7789864734563
313.04539748480516, 78.42451758191294
20.650594041463382, 292.3948034433418
0.0, 20.650594041463382
0.0, 20.650594041463382
238.90117654650766, 74.14422093829751
187.62880736872083, 51.27236917778683
0.0, 187.62880736872083
0.0, 187.62880736872083
209.83388342908216, 29.067293117425493
0.0, 209.83388342908216
66.41606072525542, 143.41782270382674
0.0, 66.41606072525542
2.609526115669694, 63.806534609585725
0.0, 2.609526115669694
0.0, 2.609526115669694
361.5440831133392, 29.925831953378918
0.0, 361.5440831133392
0.0, 361.5440831133392
850.3513739389958, 29.249645105472496
5.013661031625102, 845.3377129073707
0.0, 5.013661031625102
0.0, 5.013661031625102
641.1344854799602, 209.21688845903566
233.0876744970332, 408.046810982927
0.0, 233.0876744970332
163.02423177555704, 70.06344272147615
0.0, 163.02423177555704
130.43237604782556, 32.591855727731485
0.0, 130.43237604782556
41.536043969423666, 88.89633207840188
0.0, 41.536043969423666
0.0, 41.536043969423666
314.39341039837666, 326.7410750815835
0.0, 314.39341039837666
240.71290751749078, 73.68050288088588
0.0, 240.71290751749078
0.0, 240.71290751749078
1014.527416048748, 6.579444175496064
250.57716196606933, 763.9502540826787
9.730630789328412, 240.8465311767409
0.0, 9.730630789328412
0.0, 9.730630789328412
189.03723008480986, 61.53993188125946
0.0, 189.03723008480986
0.0, 189.03723008480986
450.70148862245935, 563.8259274262887
0.0, 450.70148862245935
325.0515745953477, 125.64991402711166
0.0, 325.0515745953477
149.112139735714, 175.93943485963368
0.0, 149.112139735714
0.0, 149.112139735714
1040.0107111744837, 1.7812161914935132
0.0, 1040.0107111744837
66.67551341341901, 973.3351977610647
0.0, 66.67551341341901
47.812109389239005, 18.863404024180007
0.0, 47.812109389239005
0.0, 47.812109389239005
1430.8486369708985, 34.211193198675346
1097.4374633275693, 333.4111736433292
718.7239195351154, 378.71354379245383
535.3556978864427, 183.36822164867272
0.0, 535.3556978864427
0.0, 535.3556978864427
653.1223227639493, 65.6015967711661
0.0, 653.1223227639493
587.4731962132271, 65.64912655072226
0.0, 587.4731962132271
461.3655793676711, 126.10761684555598
190.84372583218934, 270.5218535354818
0.0, 190.84372583218934
188.67220150754542, 2.1715243246439115
14.698084889942413, 173.97411661760302
0.0, 14.698084889942413
0.0, 14.698084889942413
103.01543415438358, 85.65676735316184
0.0, 103.01543415438358
92.91988023466291, 10.095553919720672
0.0, 92.91988023466291
91.49633782052229, 1.423542414140627
0.0, 91.49633782052229
66.89775272902808, 24.5985850914942
0.0, 66.89775272902808
46.96160025162472, 19.93615247740336
0.0, 46.96160025162472
0.0, 46.96160025162472
400.3431529166502, 61.02242645102092
0.0, 400.3431529166502
277.3774302357879, 122.96572268086226
0.0, 277.3774302357879
223.62380225621345, 53.753627979574475
68.0825247171147, 155.54127753909876
0.0, 68.0825247171147
0.0, 68.0825247171147
205.55224655431266, 18.07155570190079
0.0, 205.55224655431266
48.397985669347044, 157.15426088496562
0.0, 48.397985669347044
4.976405072610136, 43.42158059673691
0.0, 4.976405072610136
0.0, 4.976405072610136
1028.9797659855744, 68.45769734199484
728.6338863189025, 300.345879666672
92.20340870002065, 636.4304776188818
0.0, 92.20340870002065
0.0, 92.20340870002065
330.36176329643087, 398.2721230224716
0.0, 330.36176329643087
185.63214797593795, 144.7296153204929
0.0, 185.63214797593795
61.316498348834635, 124.31564962710331
0.0, 61.316498348834635
0.0, 61.316498348834635
1006.3720539635982, 22.607712021976226
567.9481318670381, 438.4239220965601
377.1017250369601, 190.84640683007802
82.68744118936635, 294.41428384759377
0.0, 82.68744118936635
0.0, 82.68744118936635
297.3187454825055, 79.78297955445458
0.0, 297.3187454825055
0.0, 297.3187454825055
416.0583124921375, 151.88981937490064
47.34569732319616, 368.7126151689413
0.0, 47.34569732319616
0.0, 47.34569732319616
129.1668129183583, 286.8914995737792
38.69793038181448, 90.46888253654382
0.0, 38.69793038181448
0.0, 38.69793038181448
56.81639470055959, 72.3504182177987
0.0, 56.81639470055959
44.17090798620566, 12.645486714353929
0.0, 44.17090798620566
34.758530642658656, 9.412377343547007
0.0, 34.758530642658656
19.16830773399687, 15.590222908661787
0.0, 19.16830773399687
0.0, 19.16830773399687
651.4987383252815, 354.87331563831674
194.28446944357043, 457.21426888171106
0.0, 194.28446944357043
33.79689818731772, 160.4875712562527
0.0, 33.79689818731772
0.0, 33.79689818731772
600.3331443651034, 51.16559396017806
34.07276133026499, 566.2603830348385
0.0, 34.07276133026499
0.0, 34.07276133026499
512.6587415870966, 87.67440277800677
299.53629327126873, 213.1224483158279
0.0, 299.53629327126873
0.0, 299.53629327126873
427.0182624716044, 85.64047911549227
93.12623763092807, 333.8920248406763
52.06330693742573, 41.062930693502345
0.0, 52.06330693742573
0.0, 52.06330693742573
81.83748814306604, 11.288749487862034
0.0, 81.83748814306604
64.15129681093342, 17.686191332132623
0.0, 64.15129681093342
61.38547787063764, 2.7658189402957802
0.0, 61.38547787063764
0.0, 61.38547787063764
209.96509009316154, 217.05317237844284
134.6057514618318, 75.35933863132973
0.0, 134.6057514618318
130.62432092471323, 3.9814305371185696
0.0, 130.62432092471323
65.06607454664184, 65.55824637807139
0.0, 65.06607454664184
0.0, 65.06607454664184
205.9881074756269, 3.976982617534645
43.327968808878424, 162.66013866674848
0.0, 43.327968808878424
29.675568730779233, 13.652400078099191
0.0, 29.675568730779233
0.0, 29.675568730779233
195.51981896096325, 10.46828851466364
0.0, 195.51981896096325
130.9093436721107, 64.61047528885254
0.0, 130.9093436721107
0.0, 130.9093436721107
1140.1792646329066, 290.66937233799194
554.4388552865738, 585.7404093463327
455.00116879411104, 99.43768649246277
0.0, 455.00116879411104
0.0, 455.00116879411104
493.4625282269772, 60.9763270595966
142.0190289876622, 351.443499239315
3.662944539903807, 138.3560844477584
0.0, 3.662944539903807
0.0, 3.662944539903807
114.75357213154946, 27.26545685611275
0.0, 114.75357213154946
21.397852408189717, 93.35571972335974
0.0, 21.397852408189717
0.0, 21.397852408189717
226.24405171081176, 267.2184765161654
0.0, 226.24405171081176
0.0, 226.24405171081176
1053.0968562491166, 87.08240838378993
1002.9087355050922, 50.188120744024445
111.75210092251355, 891.1566345825786
0.0, 111.75210092251355
0.0, 111.75210092251355
1002.2058162559274, 0.7029192491647791
0.0, 1002.2058162559274
90.81368759583223, 911.3921286600952
0.0, 90.81368759583223
0.0, 90.81368759583223
1041.5640722869514, 11.53278396216524
0.0, 1041.5640722869514
1000.1273478344783, 41.43672445247307
0.0, 1000.1273478344783
305.734235378638, 694.3931124558403
0.0, 305.734235378638
0.0, 305.734235378638
