node_generations, branch_length
1217.6229316364866, 11270.169613776525
404.6226709777147, 813.0002606587718
246.1064078530169, 158.5162631246978
214.11392679073367, 31.99248106228322
0.0, 214.11392679073367
48.31640742506886, 165.7975193656648
0.0, 48.31640742506886
0.0, 48.31640742506886
243.65837623165922, 2.4480316213576714
207.58182546966844, 36.076550761990774
9.903160051961759, 197.6786654177067
0.0, 9.903160051961759
0.0, 9.903160051961759
204.8629797832998, 2.7188456863686383
0.0, 204.8629797832998
163.68474152220605, 41.17823826109375
92.40342853313393, 71.28131298907212
0.0, 92.40342853313393
88.30470835121214, 4.0987201819217915
0.0, 88.30470835121214
0.8746091628170934, 87.43009918839505
0.0, 0.8746091628170934
0.0, 0.8746091628170934
146.28020883648801, 17.40453268571804
0.0, 146.28020883648801
0.0, 146.28020883648801
220.1598129566043, 23.49856327505492
75.77922157340356, 144.38059138320074
0.0, 75.77922157340356
0.0, 75.77922157340356
208.22453642540893, 11.93527653119537
0.0, 208.22453642540893
0.0, 208.22453642540893
345.48295373635125, 59.13971724136343
274.0920489502505, 71.39090478610075
210.8051116469306, 63.28693730331989
203.5601249509403, 7.24498669599032
0.0, 203.5601249509403
0.0, 203.5601249509403
208.0571781573298, 2.7479334896008254
205.49650834369882, 2.560669813630966
63.368673854648335, 142.12783448905049
0.0, 63.368673854648335
49.29828180130996, 14.070392053338374
0.0, 49.29828180130996
0.0, 49.29828180130996
150.03583663695355, 55.46067170674527
0.0, 150.03583663695355
33.78840507655573, 116.24743156039781
0.0, 33.78840507655573
21.276821556745528, 12.511583519810205
0.0, 21.276821556745528
0.0, 21.276821556745528
207.22918900072662, 0.8279891566031665
0.0, 207.22918900072662
40.574685329110785, 166.65450367161583
0.0, 40.574685329110785
0.0, 40.574685329110785
247.05993333853877, 27.03211561171173
238.43092850517328, 8.629004833365485
211.10237265362412, 27.32855585154917
50.146339501481144, 160.95603315214296
0.0, 50.146339501481144
0.0, 50.146339501481144
204.22761912236692, 6.874753531257198
0.0, 204.22761912236692
53.1302803055063, 151.09733881686063
0.0, 53.1302803055063
0.0, 53.1302803055063
227.5646076984632, 10.866320806710092
50.724906433376134, 176.83970126508706
0.0, 50.724906433376134
0.0, 50.724906433376134
214.87625146991445, 12.688356228548741
62.83348141109307, 152.0427700588214
0.0, 62.83348141109307
9.133727455127849, 53.69975395596522
0.0, 9.133727455127849
0.0, 9.133727455127849
202.9609447754209, 11.915306694493552
0.0, 202.9609447754209
159.91686381847032, 43.04408095695058
5.854828111431593, 154.06203570703872
0.0, 5.854828111431593
0.0, 5.854828111431593
24.759922223301647, 135.15694159516866
0.0, 24.759922223301647
0.0, 24.759922223301647
240.10857821188262, 6.9513551266561535
229.46429343588724, 10.644284775995374
62.58961723027112, 166.87467620561614
0.0, 62.58961723027112
33.77715130916011, 28.812465921111006
0.0, 33.77715130916011
0.0, 33.77715130916011
218.21708047417638, 11.247212961710858
202.44455116535588, 15.77252930882051
0.0, 202.44455116535588
79.37005399428557, 123.0744971710703
0.0, 79.37005399428557
33.68426519488205, 45.68578879940352
0.0, 33.68426519488205
0.5542700220899996, 33.12999517279205
0.0, 0.5542700220899996
0.0, 0.5542700220899996
208.11650995038212, 10.10057052379426
0.0, 208.11650995038212
205.31080958924838, 2.805700361133745
7.203820510435164, 198.10698907881323
0.0, 7.203820510435164
0.0, 7.203820510435164
201.74333037130145, 3.567479217946925
140.40041472326303, 61.34291564803843
0.0, 140.40041472326303
33.08713047115488, 107.31328425210815
0.0, 33.08713047115488
0.0, 33.08713047115488
187.65780033950318, 14.085530031798271
74.24117316473233, 113.41662717477085
0.0, 74.24117316473233
0.0, 74.24117316473233
166.28589140610518, 21.371908933398004
7.382608233850768, 158.90328317225442
0.0, 7.382608233850768
0.0, 7.382608233850768
158.525942349201, 7.7599490569041905
12.116718724269882, 146.40922362493112
0.0, 12.116718724269882
0.0, 12.116718724269882
144.6633568656217, 13.862585483579295
0.0, 144.6633568656217
126.67881739464946, 17.984539470972237
0.0, 126.67881739464946
70.97994922609399, 55.698868168555464
0.0, 70.97994922609399
0.0, 70.97994922609399
236.80174954525958, 3.3068286666230335
213.59143433930114, 23.210315205958437
162.64050797641178, 50.95092636288936
0.0, 162.64050797641178
81.37885587930603, 81.26165209710575
0.0, 81.37885587930603
10.779336420853513, 70.59951945845252
0.0, 10.779336420853513
0.0, 10.779336420853513
212.34355784694878, 1.2478764923523613
0.0, 212.34355784694878
200.2579772615032, 12.08558058544557
80.71790650099676, 119.54007076050645
0.0, 80.71790650099676
60.86448085799313, 19.853425643003632
0.0, 60.86448085799313
31.485004122948176, 29.379476735044953
0.0, 31.485004122948176
2.872913048166353, 28.612091074781823
0.0, 2.872913048166353
0.0, 2.872913048166353
113.92105534831857, 86.33692191318464
0.0, 113.92105534831857
96.97682730366387, 16.944228044654707
0.0, 96.97682730366387
31.19251636962603, 65.78431093403783
0.0, 31.19251636962603
22.3004464691777, 8.89206990044833
0.0, 22.3004464691777
0.0, 22.3004464691777
232.6551339612498, 4.146615584009794
214.57353880491925, 18.081595156330536
0.0, 214.57353880491925
205.27291411725525, 9.300624687663998
132.70796612414776, 72.5649479931075
0.0, 132.70796612414776
43.52065894812176, 89.187307176026
0.0, 43.52065894812176
0.0, 43.52065894812176
200.70412354416365, 4.568790573091604
0.0, 200.70412354416365
0.0, 200.70412354416365
220.29783809503292, 12.357295866216873
53.64339589828365, 166.65444219674927
0.0, 53.64339589828365
22.32569962988488, 31.31769626839877
0.0, 22.32569962988488
0.0, 22.32569962988488
207.6180613847558, 12.67977671027711
85.94715925870337, 121.67090212605244
0.0, 85.94715925870337
52.43310919911698, 33.51405005958639
0.0, 52.43310919911698
21.949323035273533, 30.483786163843444
0.0, 21.949323035273533
0.0, 21.949323035273533
203.2565683938502, 4.361492990905617
0.0, 203.2565683938502
173.17903634963517, 30.07753204421502
0.0, 173.17903634963517
79.52543022487626, 93.65360612475891
0.0, 79.52543022487626
0.0, 79.52543022487626
315.77114226955445, 29.711811466796803
235.4871650358858, 80.28397723366865
222.56221736368795, 12.924947672197845
209.87225592525965, 12.689961438428298
204.68682343557649, 5.185432489683166
28.148109273254825, 176.53871416232167
0.0, 28.148109273254825
18.142447651401827, 10.005661621852997
0.0, 18.142447651401827
0.0, 18.142447651401827
157.38950406381403, 47.297319371762455
130.60206974341952, 26.78743432039451
0.0, 130.60206974341952
100.15811125728837, 30.44395848613115
0.0, 100.15811125728837
0.0, 100.15811125728837
152.26888785642848, 5.120616207385552
4.590572662647824, 147.67831519378066
0.0, 4.590572662647824
0.0, 4.590572662647824
131.8527837372075, 20.41610411922099
0.0, 131.8527837372075
36.50985188855335, 95.34293184865413
0.0, 36.50985188855335
0.0, 36.50985188855335
209.20901504055897, 0.6632408847006843
106.67497324040582, 102.53404180015315
84.51992666910317, 22.15504657130265
0.0, 84.51992666910317
79.87088864096712, 4.649038028136047
24.007037468180638, 55.86385117278648
0.0, 24.007037468180638
0.0, 24.007037468180638
40.08942137376861, 39.781467267198515
0.0, 40.08942137376861
0.0, 40.08942137376861
105.29427250308684, 1.3807007373189748
0.0, 105.29427250308684
90.7686530560748, 14.525619447012048
0.0, 90.7686530560748
27.739033256615635, 63.02961979945916
3.1779907650772254, 24.56104249153841
0.0, 3.1779907650772254
0.0, 3.1779907650772254
24.350688513674644, 3.3883447429409905
0.0, 24.350688513674644
0.0, 24.350688513674644
204.78045297211628, 4.428562068442687
201.30796492115147, 3.472488050964813
0.0, 201.30796492115147
100.47406740931515, 100.83389751183631
0.0, 100.47406740931515
0.0, 100.47406740931515
201.574954404494, 3.2054985676222714
0.0, 201.574954404494
200.0075662400896, 1.5673881644044059
0.0, 200.0075662400896
56.626359365562045, 143.38120687452755
0.0, 56.626359365562045
0.0, 56.626359365562045
210.95287352609304, 11.609343837594906
0.0, 210.95287352609304
208.93872156683574, 2.0141519592573047
204.98055776932318, 3.9581637975125545
131.99399269992222, 72.98656506940097
0.0, 131.99399269992222
0.0, 131.99399269992222
204.35685665752325, 0.6237011117999316
0.0, 204.35685665752325
92.65553202190068, 111.70132463562257
0.0, 92.65553202190068
0.0, 92.65553202190068
208.512993577652, 0.42572798918374133
153.51495847690327, 54.99803510074872
0.0, 153.51495847690327
89.10389833850863, 64.41106013839465
0.0, 89.10389833850863
32.74204522493393, 56.361853113574696
0.0, 32.74204522493393
0.0, 32.74204522493393
204.45298854131576, 4.060005036336236
169.15031756182628, 35.30267097948948
0.0, 169.15031756182628
0.0, 169.15031756182628
200.4479822399276, 4.005006301388164
13.223015537187454, 187.22496670274015
0.0, 13.223015537187454
0.0, 13.223015537187454
137.8971816798246, 62.550800560103
0.0, 137.8971816798246
17.019154259409625, 120.87802742041498
0.0, 17.019154259409625
0.0, 17.019154259409625
225.94780330288987, 9.539361732995928
206.2848575790761, 19.662945723813777
140.74153314180148, 65.5433244372746
0.0, 140.74153314180148
7.919248485114076, 132.8222846566874
0.0, 7.919248485114076
0.0, 7.919248485114076
203.99563379265783, 2.289223786418262
0.0, 203.99563379265783
128.98212672666227, 75.01350706599555
0.0, 128.98212672666227
0.0, 128.98212672666227
208.1906167470263, 17.75718655586357
204.86278743301574, 3.3278293140105575
169.35339408942897, 35.509393343586765
67.31348326030562, 102.03991082912336
0.0, 67.31348326030562
0.0, 67.31348326030562
138.667971059547, 30.685423029881974
26.67679268240974, 111.99117837713726
0.0, 26.67679268240974
0.0, 26.67679268240974
68.61318187970123, 70.05478917984577
0.0, 68.61318187970123
65.51838210919661, 3.094799770504622
0.0, 65.51838210919661
39.19715993774305, 26.321222171453556
0.0, 39.19715993774305
0.0, 39.19715993774305
204.20205935973263, 0.66072807328311
201.93889692588922, 2.263162433843405
47.27433540043709, 154.66456152545214
0.0, 47.27433540043709
8.922525384919197, 38.35181001551789
0.0, 8.922525384919197
0.0, 8.922525384919197
200.89521170738047, 1.043685218508756
0.0, 200.89521170738047
139.14025272607768, 61.75495898130279
0.0, 139.14025272607768
126.79440188630863, 12.345850839769042
0.0, 126.79440188630863
102.32361686472777, 24.470785021580866
0.0, 102.32361686472777
0.0, 102.32361686472777
202.6541814073003, 1.5478779524323159
17.708050915101225, 184.94613049219907
0.0, 17.708050915101225
0.0, 17.708050915101225
201.61215586040254, 1.0420255468977757
0.0, 201.61215586040254
74.49184700641352, 127.12030885398902
0.0, 74.49184700641352
0.0, 74.49184700641352
207.1619393517835, 1.028677395242795
175.56460367399976, 31.597335677783747
0.0, 175.56460367399976
166.0788500935371, 9.485753580462642
0.0, 166.0788500935371
56.00442451845447, 110.07442557508264
0.0, 56.00442451845447
48.00492647275853, 7.999498045695944
0.0, 48.00492647275853
27.230003924169225, 20.774922548589302
0.0, 27.230003924169225
0.0, 27.230003924169225
200.13319185383912, 7.02874749794438
138.52155161440868, 61.61164023943044
0.0, 138.52155161440868
107.29755622206878, 31.2239953923399
33.35714710123728, 73.9404091208315
0.0, 33.35714710123728
0.0, 33.35714710123728
105.60578736253143, 1.6917688595373477
0.0, 105.60578736253143
0.0, 105.60578736253143
157.3108106220788, 42.82238123176032
0.0, 157.3108106220788
59.73571796592485, 97.57509265615396
0.0, 59.73571796592485
6.281265887091795, 53.45445207883306
0.0, 6.281265887091795
0.0, 6.281265887091795
292.3243290731286, 23.446813196425865
207.2701286162553, 85.05420045687328
205.6190039806298, 1.6511246356255072
0.0, 205.6190039806298
201.75401495437052, 3.8649890262592805
87.4474703680996, 114.30654458627092
24.258700528032946, 63.188769840066655
0.0, 24.258700528032946
0.0, 24.258700528032946
57.733928525799854, 29.713541842299747
0.0, 57.733928525799854
32.02001831225685, 25.713910213543002
0.0, 32.02001831225685
28.445917505615093, 3.574100806641759
0.0, 28.445917505615093
21.968458548628604, 6.477458956986489
0.0, 21.968458548628604
0.0, 21.968458548628604
126.40852898158461, 75.34548597278591
26.966856662449615, 99.441672319135
0.0, 26.966856662449615
0.0, 26.966856662449615
40.73875639081389, 85.66977259077072
0.0, 40.73875639081389
0.0, 40.73875639081389
206.91734989378222, 0.35277872247309006
202.78313129913096, 4.134218594651259
0.0, 202.78313129913096
202.54121888364605, 0.2419124154849044
88.08999178272435, 114.4512271009217
0.0, 88.08999178272435
47.397954638093694, 40.69203714463066
0.0, 47.397954638093694
21.15759854623022, 26.240356091863475
0.0, 21.15759854623022
0.0, 21.15759854623022
201.36033258693894, 1.180886296707115
14.948773028762607, 186.41155955817632
0.0, 14.948773028762607
0.0, 14.948773028762607
110.07625484668635, 91.28407774025258
0.0, 110.07625484668635
0.0, 110.07625484668635
205.483021484065, 1.4343284097172102
25.643592357614594, 179.8394291264504
0.0, 25.643592357614594
0.0, 25.643592357614594
203.8209763986815, 1.662045085383511
0.0, 203.8209763986815
0.0, 203.8209763986815
220.16255644007077, 72.16177263305781
200.81242264572052, 19.350133794350256
0.0, 200.81242264572052
96.56406542809927, 104.24835721762125
0.0, 96.56406542809927
73.78980812138806, 22.774257306711206
0.0, 73.78980812138806
23.0738762670584, 50.71593185432967
0.0, 23.0738762670584
0.0, 23.0738762670584
203.66804710813898, 16.494509331931795
0.0, 203.66804710813898
200.07133686099945, 3.5967102471395265
0.0, 200.07133686099945
160.94825864707488, 39.12307821392457
0.0, 160.94825864707488
7.432200592196207, 153.51605805487867
0.0, 7.432200592196207
0.0, 7.432200592196207
645.455785932832, 572.1671457036546
244.37922659219456, 401.07655934063746
227.05271598620615, 17.326510605988403
204.88105883149598, 22.171657154710175
0.0, 204.88105883149598
202.61770336921205, 2.2633554622839256
37.85488215793941, 164.76282121127264
9.06284076069305, 28.792041397246358
0.0, 9.06284076069305
0.0, 9.06284076069305
17.9200677165849, 19.934814441354508
0.0, 17.9200677165849
8.035739776610793, 9.884327939974106
0.0, 8.035739776610793
3.8649995942834767, 4.170740182327316
0.0, 3.8649995942834767
0.0, 3.8649995942834767
166.08147801989827, 36.53622534931378
48.76506621555791, 117.31641180434036
27.116669013096406, 21.648397202461503
0.0, 27.116669013096406
15.721825974691198, 11.394843038405208
0.0, 15.721825974691198
0.0, 15.721825974691198
47.21945893686596, 1.5456072786919464
0.0, 47.21945893686596
6.644486426618866, 40.57497251024709
0.0, 6.644486426618866
0.0, 6.644486426618866
162.23908957644105, 3.8423884434572244
0.0, 162.23908957644105
15.757192192377065, 146.48189738406398
0.0, 15.757192192377065
0.0, 15.757192192377065
211.53252510223462, 15.520190883971537
200.2726122918134, 11.259912810421213
31.82886818031522, 168.44374411149818
0.0, 31.82886818031522
0.0, 31.82886818031522
178.96747872668263, 21.305133565130774
117.66696866717861, 61.30051005950402
0.0, 117.66696866717861
0.0, 117.66696866717861
174.09925239752013, 4.868226329162496
0.0, 174.09925239752013
126.20893716917801, 47.89031522834212
7.375576968255787, 118.83336020092223
0.0, 7.375576968255787
0.0, 7.375576968255787
92.93767784662103, 33.271259322556986
0.0, 92.93767784662103
21.197041491457814, 71.74063635516322
0.0, 21.197041491457814
0.0, 21.197041491457814
206.80708674543405, 4.7254383568005665
0.0, 206.80708674543405
201.21376389893624, 5.593322846497813
0.0, 201.21376389893624
0.0, 201.21376389893624
231.2705909498602, 13.108635642334349
202.06145724917212, 29.209133700688085
153.9343164251127, 48.12714082405941
0.0, 153.9343164251127
0.0, 153.9343164251127
183.03036766585646, 19.031089583315662
0.0, 183.03036766585646
53.96809310849264, 129.06227455736382
0.0, 53.96809310849264
0.0, 53.96809310849264
206.49764201965158, 24.772948930208628
69.69246125211997, 136.80518076753162
0.0, 69.69246125211997
0.0, 69.69246125211997
205.53469572136387, 0.9629462982877044
201.70105921097243, 3.833636510391443
0.0, 201.70105921097243
123.78598674819881, 77.91507246277362
0.0, 123.78598674819881
0.0, 123.78598674819881
202.53544814958582, 2.9992475717780565
77.54531297097706, 124.99013517860875
0.0, 77.54531297097706
26.796644940935387, 50.74866803004168
0.0, 26.796644940935387
0.0, 26.796644940935387
200.69126018053606, 1.8441879690497558
0.0, 200.69126018053606
190.62141142250923, 10.069848758026836
36.11409788863498, 154.50731353387425
0.0, 36.11409788863498
3.0631460977747356, 33.050951790860246
0.0, 3.0631460977747356
1.3927871678604336, 1.670358929914302
0.0, 1.3927871678604336
0.0, 1.3927871678604336
97.3215335415299, 93.29987788097932
0.0, 97.3215335415299
36.588929424497074, 60.73260411703283
0.0, 36.588929424497074
31.932625602209914, 4.65630382228716
0.0, 31.932625602209914
0.0, 31.932625602209914
523.9040838088682, 121.55170212396376
0.0, 523.9040838088682
497.6321433764108, 26.271940432457427
289.0631657635471, 208.5689776128637
202.2561888862671, 86.80697687728
0.0, 202.2561888862671
200.75484218884557, 1.5013466974215248
0.0, 200.75484218884557
71.35634185395584, 129.39850033488972
0.0, 71.35634185395584
66.62751748087082, 4.728824373085018
0.0, 66.62751748087082
0.0, 66.62751748087082
255.36948357641725, 33.69368218712984
214.82091644074447, 40.54856713567278
167.86780856622124, 46.953107874523226
85.49958333688352, 82.36822522933772
0.0, 85.49958333688352
0.0, 85.49958333688352
101.9021523113185, 65.96565625490274
0.0, 101.9021523113185
0.0, 101.9021523113185
201.41260486934922, 13.408311571395245
0.0, 201.41260486934922
0.0, 201.41260486934922
240.41197460171216, 14.957508974705092
36.082917537923386, 204.32905706378878
0.0, 36.082917537923386
0.0, 36.082917537923386
224.62530638466328, 15.786668217048884
200.27962910185258, 24.345677282810698
0.0, 200.27962910185258
0.0, 200.27962910185258
208.4415614893209, 16.183744895342386
0.0, 208.4415614893209
28.694531666824727, 179.74702982249616
0.0, 28.694531666824727
14.348964946715903, 14.345566720108824
0.0, 14.348964946715903
0.0, 14.348964946715903
488.3770163420378, 9.255127034373004
228.71656884373766, 259.66044749830013
200.14759908616742, 28.568969757570244
24.681899398731435, 175.46569968743597
0.0, 24.681899398731435
1.5880562114701788, 23.093843187261257
0.0, 1.5880562114701788
0.0, 1.5880562114701788
65.46347103324321, 134.68412805292422
0.0, 65.46347103324321
35.73825763441341, 29.7252133988298
0.0, 35.73825763441341
6.803665660368678, 28.93459197404473
0.0, 6.803665660368678
0.0, 6.803665660368678
213.39011023849704, 15.326458605240617
100.48085088537725, 112.9092593531198
11.949422931314718, 88.53142795406254
0.0, 11.949422931314718
0.0, 11.949422931314718
48.97432076234393, 51.50653012303332
0.0, 48.97432076234393
6.120149418503811, 42.85417134384012
0.0, 6.120149418503811
0.0, 6.120149418503811
204.6588574103561, 8.731252828140953
114.88977662611514, 89.76908078424096
0.0, 114.88977662611514
59.05021008522255, 55.839566540892584
0.0, 59.05021008522255
0.0, 59.05021008522255
184.83100728832423, 19.82785012203186
0.0, 184.83100728832423
15.100038419613636, 169.7309688687106
0.0, 15.100038419613636
0.0, 15.100038419613636
257.97499608037214, 230.40202026166565
216.48531414744986, 41.48968193292228
206.14434885066902, 10.340965296780837
204.25464342338927, 1.8897054272797504
90.13095818051976, 114.12368524286951
0.0, 90.13095818051976
0.0, 90.13095818051976
201.5846630377436, 2.6699803856456583
0.0, 201.5846630377436
177.45090830875154, 24.133754728992074
0.0, 177.45090830875154
76.2738071931543, 101.17710111559724
0.0, 76.2738071931543
44.573859336973186, 31.69994785618111
0.0, 44.573859336973186
0.0, 44.573859336973186
204.68155200769607, 1.4627968429729492
0.0, 204.68155200769607
200.86791532780356, 3.813636679892511
139.41993600753293, 61.44797932027063
32.66746647394385, 106.75246953358908
0.0, 32.66746647394385
0.0, 32.66746647394385
110.53291275099117, 28.887023256541752
0.0, 110.53291275099117
110.07697079528926, 0.45594195570191687
0.0, 110.07697079528926
0.0, 110.07697079528926
200.3644011721386, 0.5035141556649592
0.0, 200.3644011721386
59.66024098736728, 140.70416018477133
0.0, 59.66024098736728
0.0, 59.66024098736728
210.03923562345648, 6.446078523993378
5.2371566836811425, 204.80207893977533
0.0, 5.2371566836811425
0.9422991812780614, 4.294857502403081
0.0, 0.9422991812780614
0.0, 0.9422991812780614
202.29095808244574, 7.7482775410107365
118.54475638237405, 83.7462017000717
25.355066498110453, 93.1896898842636
0.0, 25.355066498110453
0.0, 25.355066498110453
65.97000008598519, 52.574756296388856
0.0, 65.97000008598519
0.0, 65.97000008598519
201.2380576151971, 1.0529004672486337
0.0, 201.2380576151971
1.5199266301539183, 199.7181309850432
0.0, 1.5199266301539183
0.0, 1.5199266301539183
244.14894661006815, 13.826049470303985
214.41087044606678, 29.73807616400137
204.06470552308824, 10.346164922978545
3.882114293172864, 200.18259122991537
0.0, 3.882114293172864
0.0, 3.882114293172864
7.942602490591691, 196.12210303249654
0.0, 7.942602490591691
0.0, 7.942602490591691
206.469054399063, 7.941816047003783
8.596268937251724, 197.87278546181128
0.0, 8.596268937251724
0.0, 8.596268937251724
88.60216923631127, 117.86688516275173
0.0, 88.60216923631127
0.0, 88.60216923631127
224.0785219097167, 20.070424700351452
190.54344207793693, 33.53507983177977
56.08144365436184, 134.4619984235751
0.0, 56.08144365436184
17.596639602892903, 38.48480405146894
0.0, 17.596639602892903
0.0, 17.596639602892903
136.21597136046068, 54.327470717476245
0.0, 136.21597136046068
0.0, 136.21597136046068
200.13418429350463, 23.944337616212067
0.0, 200.13418429350463
93.98466142669292, 106.14952286681171
0.0, 93.98466142669292
73.07034302902612, 20.914318397666804
0.0, 73.07034302902612
0.0, 73.07034302902612
9662.892858547915, 2824.8996868650956
971.8510350572934, 8691.041823490621
337.85389224426905, 633.9971428130243
300.81897572124, 37.03491652302904
216.5317047175448, 84.2872710036952
203.96361215291665, 12.56809256462816
99.96297321925188, 104.00063893366477
0.0, 99.96297321925188
89.42955928621231, 10.533413933039569
0.0, 89.42955928621231
39.742565907726245, 49.686993378486065
0.0, 39.742565907726245
0.0, 39.742565907726245
200.13196625423606, 3.8316458986805912
0.0, 200.13196625423606
200.10975290373563, 0.02221335050043649
110.42661009724318, 89.68314280649244
1.7100225752008595, 108.71658752204233
0.0, 1.7100225752008595
0.0, 1.7100225752008595
89.61613628627302, 20.810473810970166
0.0, 89.61613628627302
31.353114804874462, 58.26302148139855
0.0, 31.353114804874462
1.2657176173449805, 30.087397187529483
0.0, 1.2657176173449805
0.0, 1.2657176173449805
117.60573021591037, 82.50402268782526
0.0, 117.60573021591037
60.031924950559954, 57.573805265350416
0.0, 60.031924950559954
22.48381076695666, 37.548114183603296
0.0, 22.48381076695666
0.0, 22.48381076695666
207.13864629336052, 9.39305842418429
205.2931251412439, 1.8455211521166177
0.0, 205.2931251412439
201.5751225445436, 3.718002596700302
0.0, 201.5751225445436
0.0, 201.5751225445436
206.02159312420517, 1.117053169155355
0.0, 206.02159312420517
202.02301571395637, 3.9985774102487994
0.0, 202.02301571395637
72.19227631546238, 129.830739398494
0.0, 72.19227631546238
0.0, 72.19227631546238
287.9512939748081, 12.867681746431913
217.04198858924528, 70.90930538556282
130.94538638931886, 86.09660219992642
0.0, 130.94538638931886
37.63710251065684, 93.30828387866202
0.0, 37.63710251065684
0.0, 37.63710251065684
212.3386072878195, 4.703381301425765
210.32355263178098, 2.0150546560385294
200.85064736355878, 9.472905268222206
32.757878389123974, 168.09276897443482
0.0, 32.757878389123974
0.0, 32.757878389123974
183.3285097823855, 17.52213758117327
0.0, 183.3285097823855
74.1906226833171, 109.13788709906841
0.0, 74.1906226833171
21.998436708165993, 52.192185975151105
0.0, 21.998436708165993
0.0, 21.998436708165993
203.08981565138225, 7.2337369803987315
0.0, 203.08981565138225
0.0, 203.08981565138225
210.33947741328075, 1.9991298745387667
0.0, 210.33947741328075
203.82887278578247, 6.510604627498282
1.2280010588928576, 202.6008717268896
0.0, 1.2280010588928576
0.0, 1.2280010588928576
202.91499299231307, 0.9138797934693912
137.03932011641965, 65.87567287589343
0.0, 137.03932011641965
0.0, 137.03932011641965
195.76828316482454, 7.146709827488536
0.0, 195.76828316482454
42.654881468812164, 153.11340169601237
0.0, 42.654881468812164
0.0, 42.654881468812164
267.8866802329209, 20.06461374188717
208.33046502767226, 59.55621520524866
201.65620342300502, 6.674261604667237
75.96815058158212, 125.6880528414229
0.0, 75.96815058158212
54.31940435946463, 21.648746222117495
0.0, 54.31940435946463
21.00396488070728, 33.31543947875735
0.0, 21.00396488070728
0.0, 21.00396488070728
200.75068937910146, 0.9055140439035654
0.0, 200.75068937910146
9.079051913786016, 191.67163746531546
0.0, 9.079051913786016
0.0, 9.079051913786016
205.7377441718756, 2.5927208557966708
171.16189264221794, 34.575851529657655
20.232762953954424, 150.92912968826352
0.0, 20.232762953954424
0.0, 20.232762953954424
149.6260179972973, 21.535874644920625
0.0, 149.6260179972973
128.227621641771, 21.3983963555263
0.0, 128.227621641771
117.08172902660806, 11.14589261516295
0.0, 117.08172902660806
0.0, 117.08172902660806
202.00522218773224, 3.7325219841433466
0.0, 202.00522218773224
201.30581412833044, 0.6994080594018044
0.0, 201.30581412833044
84.64078194056398, 116.66503218776646
0.0, 84.64078194056398
23.616520442547312, 61.02426149801667
0.0, 23.616520442547312
0.0, 23.616520442547312
241.0756592108014, 26.81102102211952
202.43133000195323, 38.64432920884818
0.0, 202.43133000195323
0.0, 202.43133000195323
240.49335731150208, 0.5823018992993241
206.71005060639501, 33.783306705107066
126.42221864931545, 80.28783195707956
0.0, 126.42221864931545
0.0, 126.42221864931545
205.24819950838906, 1.4618510980059511
201.6712129461212, 3.5769865622678765
11.267026985543652, 190.40418596057754
0.0, 11.267026985543652
5.7840561267307375, 5.482970858812914
0.0, 5.7840561267307375
0.0, 5.7840561267307375
187.0910783972517, 14.580134548869495
0.0, 187.0910783972517
178.62849354463629, 8.462584852615407
0.0, 178.62849354463629
62.19974293217765, 116.42875061245863
0.0, 62.19974293217765
0.0, 62.19974293217765
201.99583059606698, 3.2523689123220834
200.48489326992484, 1.510937326142141
0.0, 200.48489326992484
22.18176500563939, 178.30312826428545
0.0, 22.18176500563939
0.0, 22.18176500563939
201.6749440123907, 0.32088658367626977
0.0, 201.6749440123907
201.3319085134547, 0.34303549893601826
105.2874370242522, 96.0444714892025
7.7950836545509095, 97.49235336970129
0.0, 7.7950836545509095
0.0, 7.7950836545509095
14.702389639698481, 90.58504738455372
0.0, 14.702389639698481
0.0, 14.702389639698481
201.19540256013806, 0.13650595331662885
0.0, 201.19540256013806
200.7582334914635, 0.43716906867456373
62.357497355233825, 138.40073613622968
0.0, 62.357497355233825
0.0, 62.357497355233825
200.15334441258418, 0.6048890788793244
0.0, 200.15334441258418
63.13370972069608, 137.0196346918881
0.0, 63.13370972069608
46.067026388015776, 17.066683332680306
0.0, 46.067026388015776
27.178099906984695, 18.88892648103108
0.0, 27.178099906984695
0.0, 27.178099906984695
237.8203348458871, 2.6730224656149915
157.92065817395255, 79.89967667193454
0.0, 157.92065817395255
157.6841886905613, 0.23646948339123242
0.0, 157.6841886905613
124.02160241711537, 33.66258627344594
0.0, 124.02160241711537
11.29531428557733, 112.72628813153804
0.0, 11.29531428557733
0.0, 11.29531428557733
218.98114496849306, 18.839189877394034
157.08236083890864, 61.89878412958441
0.0, 157.08236083890864
0.0, 157.08236083890864
212.24055023213944, 6.740594736353614
0.0, 212.24055023213944
66.03474508025764, 146.2058051518818
0.0, 66.03474508025764
0.0, 66.03474508025764
303.07767800904656, 34.77621423522248
0.0, 303.07767800904656
293.01675646641314, 10.060921542633423
222.43599775542438, 70.58075871098876
201.17896073481847, 21.257037020605907
59.862396049415025, 141.31656468540345
0.0, 59.862396049415025
0.0, 59.862396049415025
112.47869679919425, 88.70026393562422
0.0, 112.47869679919425
98.5731056690757, 13.905591130118552
7.857990665797266, 90.71511500327844
0.0, 7.857990665797266
0.0, 7.857990665797266
77.41889452612146, 21.15421114295424
0.0, 77.41889452612146
0.0, 77.41889452612146
213.4253460756438, 9.01065167978058
1.6328650631071402, 211.79248101253665
0.0, 1.6328650631071402
0.0, 1.6328650631071402
212.04316577973566, 1.3821802959081424
82.23151283611907, 129.8116529436166
29.43396166207681, 52.797551174042255
15.215750071936068, 14.218211590140744
0.0, 15.215750071936068
0.0, 15.215750071936068
27.515965863480822, 1.9179957985959888
0.0, 27.515965863480822
0.0, 27.515965863480822
50.602432308740624, 31.62908052737844
0.0, 50.602432308740624
4.9217744101839855, 45.68065789855664
0.0, 4.9217744101839855
0.0, 4.9217744101839855
204.47036183649047, 7.572803943245191
0.0, 204.47036183649047
66.94124343072558, 137.5291184057649
0.0, 66.94124343072558
36.84816392776418, 30.093079502961395
0.0, 36.84816392776418
0.0, 36.84816392776418
265.3707434069592, 27.646013059453935
200.76480868915988, 64.60593471779933
95.83774417430767, 104.9270645148522
0.0, 95.83774417430767
0.0, 95.83774417430767
164.24613179330703, 36.51867689585285
0.0, 164.24613179330703
0.0, 164.24613179330703
204.80824849402183, 60.56249491293738
0.0, 204.80824849402183
122.43249787228612, 82.3757506217357
0.0, 122.43249787228612
21.27851209072932, 101.1539857815568
0.0, 21.27851209072932
0.0, 21.27851209072932
527.9133155385696, 443.93771951872384
324.8058659279203, 203.10744961064927
265.15848280327555, 59.64738312464476
242.16068226524519, 22.99780053803036
209.55325731668216, 32.60742494856302
0.0, 209.55325731668216
96.61218900297115, 112.94106831371101
0.0, 96.61218900297115
0.0, 96.61218900297115
224.60491494441482, 17.55576732083037
203.818437985716, 20.786476958698813
0.0, 203.818437985716
43.95999135387775, 159.85844663183826
0.0, 43.95999135387775
0.0, 43.95999135387775
204.61254538726993, 19.992369557144883
21.948331255158458, 182.66421413211148
0.0, 21.948331255158458
0.0, 21.948331255158458
128.0006643705003, 76.61188101676964
0.0, 128.0006643705003
0.0, 128.0006643705003
263.546348976123, 1.6121338271525474
209.60460202593634, 53.941746950186655
205.3898954742472, 4.214706551689147
201.12475033068804, 4.2651451435591525
0.0, 201.12475033068804
0.0, 201.12475033068804
201.34062092484888, 4.049274549398319
25.254979810518925, 176.08564111432995
0.0, 25.254979810518925
0.0, 25.254979810518925
200.3653759162054, 0.9752450086434692
25.72103839858628, 174.64433751761914
0.0, 25.72103839858628
0.0, 25.72103839858628
198.9985987147299, 1.3667772014755144
56.42502742474048, 142.57357128998942
0.0, 56.42502742474048
21.66443066508663, 34.76059675965385
0.0, 21.66443066508663
0.0, 21.66443066508663
87.10503941540591, 111.89355929932398
0.0, 87.10503941540591
7.335488334085456, 79.76955108132046
0.0, 7.335488334085456
0.0, 7.335488334085456
205.65871838473822, 3.9458836411981224
173.74919598314466, 31.909522401593563
31.27067094151099, 142.47852504163367
0.0, 31.27067094151099
0.0, 31.27067094151099
51.89115072337317, 121.85804525977149
0.0, 51.89115072337317
27.837860590558222, 24.05329013281495
0.0, 27.837860590558222
0.0, 27.837860590558222
204.5543782367501, 1.1043401479881254
0.0, 204.5543782367501
61.60854856979278, 142.9458296669573
0.0, 61.60854856979278
43.71181661974279, 17.89673195004999
0.0, 43.71181661974279
20.699331848004693, 23.012484771738098
0.0, 20.699331848004693
4.884441551906937, 15.814890296097756
0.0, 4.884441551906937
0.0, 4.884441551906937
262.6252880726058, 0.9210609035171728
199.29156471455062, 63.33372335805521
0.0, 199.29156471455062
0.0, 199.29156471455062
251.72228394756783, 10.903004125037995
216.01173244028757, 35.71055150728026
201.4266632846278, 14.585069155659767
0.0, 201.4266632846278
26.575341136469913, 174.8513221481579
8.59667637402925, 17.978664762440662
0.0, 8.59667637402925
0.0, 8.59667637402925
11.851781713274322, 14.72355942319559
0.0, 11.851781713274322
0.0, 11.851781713274322
204.72052023059857, 11.291212209689007
202.02749812438694, 2.693022106211629
201.07588821337026, 0.9516099110166749
0.0, 201.07588821337026
6.021846664341354, 195.0540415490289
0.0, 6.021846664341354
0.0, 6.021846664341354
201.93612192062977, 0.09137620375716438
0.0, 201.93612192062977
40.541280654035454, 161.3948412665943
0.0, 40.541280654035454
11.217706770066357, 29.323573883969097
0.0, 11.217706770066357
0.0, 11.217706770066357
203.92915723785606, 0.7913629927425063
201.03029602698, 2.898861210876049
53.97520811716083, 147.05508790981918
0.0, 53.97520811716083
0.0, 53.97520811716083
146.72912441436512, 54.301171612614894
0.0, 146.72912441436512
98.70266927953188, 48.02645513483324
0.0, 98.70266927953188
0.0, 98.70266927953188
202.37722317194007, 1.5519340659159866
0.0, 202.37722317194007
128.2167135289614, 74.16050964297867
0.0, 128.2167135289614
1.1385243362188342, 127.07818919274257
0.0, 1.1385243362188342
0.0, 1.1385243362188342
218.5049224146384, 33.21736153292943
201.03164003098928, 17.47328238364912
0.0, 201.03164003098928
24.35597126883876, 176.6756687621505
0.0, 24.35597126883876
0.0, 24.35597126883876
208.56157431950905, 9.943348095129352
204.64937029168073, 3.9122040278283237
203.82405324395845, 0.8253170477222795
0.0, 203.82405324395845
203.41098969163573, 0.4130635523227113
202.2523951208094, 1.1585945708263239
49.84032442154399, 152.41207069926543
0.0, 49.84032442154399
9.290983432355521, 40.549340989188465
0.0, 9.290983432355521
0.0, 9.290983432355521
88.51915547376241, 113.733239647047
11.92749716396608, 76.59165830979633
0.0, 11.92749716396608
0.0, 11.92749716396608
29.756673367025314, 58.762482106737096
6.824408308546904, 22.93226505847841
0.0, 6.824408308546904
0.0, 6.824408308546904
20.724801206388385, 9.03187216063693
0.0, 20.724801206388385
0.0, 20.724801206388385
203.4098040295703, 0.0011856620654384642
199.58091365631395, 3.8288903732563426
0.0, 199.58091365631395
0.0, 199.58091365631395
200.47694814726879, 2.93285588230151
7.461447696610323, 193.01550045065846
0.0, 7.461447696610323
0.0, 7.461447696610323
198.65830322852696, 1.8186449187418248
20.62969071331871, 178.02861251520824
0.0, 20.62969071331871
0.0, 20.62969071331871
96.81081337737294, 101.84748985115402
0.0, 96.81081337737294
28.792909184623543, 68.0179041927494
0.0, 28.792909184623543
4.327672193872212, 24.46523699075133
0.0, 4.327672193872212
0.0, 4.327672193872212
204.53013714914576, 0.11923314253496642
166.22365086284805, 38.30648628629771
0.0, 166.22365086284805
0.0, 166.22365086284805
204.4348728366021, 0.0952643125436623
0.0, 204.4348728366021
202.3846297025196, 2.050243134082507
0.0, 202.3846297025196
200.7755263946024, 1.609103307917195
0.0, 200.7755263946024
186.6398343555306, 14.135692039071785
0.0, 186.6398343555306
0.0, 186.6398343555306
206.9980713305988, 1.563502988910244
0.0, 206.9980713305988
203.56825706660865, 3.4298142639901528
0.0, 203.56825706660865
37.33611243279947, 166.23214463380918
0.0, 37.33611243279947
13.122761399894799, 24.21335103290467
0.0, 13.122761399894799
0.0, 13.122761399894799
278.08653166532946, 46.71933426259085
243.65758847421307, 34.42894319111639
212.3479145779522, 31.309673896260875
200.21841962396127, 12.129494953990928
88.12996411718042, 112.08845550678085
0.0, 88.12996411718042
30.5960866193022, 57.53387749787822
0.0, 30.5960866193022
30.392588655921053, 0.203497963381146
0.0, 30.392588655921053
0.0, 30.392588655921053
108.7029463066891, 91.51547331727217
0.832336303017772, 107.87061000367133
0.0, 0.832336303017772
0.0, 0.832336303017772
88.69425124879086, 20.008695057898237
0.0, 88.69425124879086
40.27248146158966, 48.4217697872012
0.0, 40.27248146158966
0.0, 40.27248146158966
202.43366715058798, 9.914247427364216
0.0, 202.43366715058798
201.8819271640085, 0.5517399865794914
12.331599411152705, 189.5503277528558
0.0, 12.331599411152705
0.0, 12.331599411152705
201.04597209965078, 0.8359550643577052
0.0, 201.04597209965078
186.13997040382597, 14.906001695824813
0.0, 186.13997040382597
169.94466200694507, 16.195308396880904
0.0, 169.94466200694507
99.35484115299728, 70.58982085394778
0.0, 99.35484115299728
30.70464887890152, 68.65019227409576
0.0, 30.70464887890152
0.0, 30.70464887890152
230.155287330407, 13.50230114380608
211.97392577169722, 18.181361558709767
0.0, 211.97392577169722
114.66653099664293, 97.30739477505429
0.0, 114.66653099664293
0.0, 114.66653099664293
214.05259636456384, 16.102690965843152
0.0, 214.05259636456384
174.86433520245993, 39.18826116210391
0.0, 174.86433520245993
132.48115876823834, 42.38317643422158
0.0, 132.48115876823834
130.81766706971, 1.6634916985283326
0.0, 130.81766706971
118.13747734853412, 12.680189721175893
0.0, 118.13747734853412
0.0, 118.13747734853412
265.1729653160413, 12.913566349288146
207.9319880982973, 57.24097721774402
205.92367418703716, 2.0083139112601316
63.52625689424855, 142.39741729278862
0.0, 63.52625689424855
56.23284200405661, 7.29341489019194
0.0, 56.23284200405661
9.99225940453097, 46.24058259952564
0.0, 9.99225940453097
0.0, 9.99225940453097
198.9281115433818, 6.995562643655376
0.0, 198.9281115433818
114.06192694643538, 84.86618459694641
0.0, 114.06192694643538
0.0, 114.06192694643538
206.04327189861266, 1.8887161996846373
0.0, 206.04327189861266
202.17542568681867, 3.8678462117939887
0.0, 202.17542568681867
200.72012898117643, 1.4552967056422403
19.865381597325566, 180.85474738385085
0.0, 19.865381597325566
0.0, 19.865381597325566
46.31076461992152, 154.40936436125492
0.0, 46.31076461992152
0.0, 46.31076461992152
249.16244919824496, 16.010516117796357
237.21535183113167, 11.947097367113287
107.71760972665227, 129.4977421044794
0.0, 107.71760972665227
0.0, 107.71760972665227
209.77131046845412, 27.444041362677552
0.0, 209.77131046845412
203.93605703396105, 5.835253434493069
0.0, 203.93605703396105
184.23100177747114, 19.705055256489914
0.0, 184.23100177747114
123.01020769853716, 61.22079407893398
0.0, 123.01020769853716
62.477411900999066, 60.53279579753809
0.0, 62.477411900999066
0.0, 62.477411900999066
246.27764577713833, 2.884803421106625
214.16207114634446, 32.11557463079387
171.16705909670065, 42.995012049643805
0.0, 171.16705909670065
157.11712194462172, 14.04993715207894
0.0, 157.11712194462172
0.0, 157.11712194462172
203.67517071551998, 10.486900430824477
201.77098363669182, 1.9041870788281585
200.03160374867159, 1.7393798880202382
169.05232269189395, 30.979281056777637
0.0, 169.05232269189395
82.34715155972725, 86.7051711321667
0.0, 82.34715155972725
40.904023860616796, 41.443127699110455
0.0, 40.904023860616796
0.0, 40.904023860616796
199.24698096231398, 0.7846227863576019
53.186347123752135, 146.06063383856184
0.0, 53.186347123752135
0.0, 53.186347123752135
107.56854315291426, 91.67843780939972
39.692129250091725, 67.87641390282253
0.0, 39.692129250091725
6.790189116936428, 32.90194013315529
0.0, 6.790189116936428
0.0, 6.790189116936428
73.43254484032795, 34.13599831258631
0.0, 73.43254484032795
34.26936906400358, 39.16317577632437
0.0, 34.26936906400358
0.0, 34.26936906400358
201.00879195582928, 0.7621916808625429
0.0, 201.00879195582928
0.0, 201.00879195582928
202.05699879235456, 1.61817192316542
0.0, 202.05699879235456
156.91738529073828, 45.13961350161628
0.0, 156.91738529073828
118.29885553265711, 38.618529758081166
0.0, 118.29885553265711
54.53244739358877, 63.766408139068346
0.0, 54.53244739358877
6.875550718371438, 47.65689667521733
0.0, 6.875550718371438
0.0, 6.875550718371438
242.48653674189836, 3.7911090352399697
78.4970270652779, 163.98950967662046
0.0, 78.4970270652779
6.170566414520599, 72.32646065075731
0.0, 6.170566414520599
0.0, 6.170566414520599
226.7885733660787, 15.697963375819654
210.26932676614146, 16.519246599937247
188.91489167933642, 21.35443508680504
0.0, 188.91489167933642
36.193121478433405, 152.72177020090302
0.0, 36.193121478433405
0.0, 36.193121478433405
202.3764606287483, 7.892866137393156
154.002999724126, 48.373460904622306
20.041414538553184, 133.9615851855728
0.0, 20.041414538553184
0.0, 20.041414538553184
148.9621331506172, 5.040866573508794
0.0, 148.9621331506172
47.528419226708536, 101.43371392390867
0.0, 47.528419226708536
32.493861900497485, 15.03455732621105
0.0, 32.493861900497485
0.0, 32.493861900497485
188.12696774239697, 14.249492886351334
115.9454988633184, 72.18146887907857
0.0, 115.9454988633184
28.51735718251434, 87.42814168080406
0.0, 28.51735718251434
13.89921211789882, 14.618145064615518
0.0, 13.89921211789882
0.0, 13.89921211789882
123.1764765244882, 64.95049121790878
0.0, 123.1764765244882
0.0, 123.1764765244882
221.5210421787159, 5.267531187362806
206.321135134453, 15.199907044262915
204.56981581794577, 1.751319316507221
204.0335181557189, 0.5362976622268718
0.0, 204.0335181557189
27.724291720150717, 176.30922643556818
0.0, 27.724291720150717
0.0, 27.724291720150717
204.53861217770503, 0.031203640240732966
0.0, 204.53861217770503
84.87377308113112, 119.66483909657391
0.0, 84.87377308113112
46.828682231679, 38.04509084945212
0.0, 46.828682231679
0.0, 46.828682231679
205.95676987068947, 0.3643652637635171
39.73038915283651, 166.22638071785298
0.0, 39.73038915283651
0.0, 39.73038915283651
205.8604873010452, 0.09628256964427351
0.0, 205.8604873010452
200.31444136941917, 5.5460459316260255
27.631806458000753, 172.6826349114184
0.0, 27.631806458000753
0.0, 27.631806458000753
52.13127784373983, 148.18316352567933
0.0, 52.13127784373983
1.4360931415844571, 50.69518470215537
0.0, 1.4360931415844571
0.0, 1.4360931415844571
206.3687387094758, 15.15230346924011
0.0, 206.3687387094758
205.75385679818388, 0.614881911291917
197.16421981174693, 8.589636986436943
0.0, 197.16421981174693
32.204547295662344, 164.9596725160846
0.0, 32.204547295662344
0.0, 32.204547295662344
201.2531328640708, 4.5007239341130685
91.01721425695918, 110.23591860711163
0.0, 91.01721425695918
0.0, 91.01721425695918
102.81960530202404, 98.43352756204676
0.0, 102.81960530202404
0.0, 102.81960530202404
331.35433548254275, 196.55898005602683
213.8953441491429, 117.45899133339987
208.7562119355857, 5.13913221355719
200.11681185415594, 8.639400081429756
0.0, 200.11681185415594
61.59992218815293, 138.516889666003
27.045694745035668, 34.55422744311726
0.0, 27.045694745035668
0.0, 27.045694745035668
43.695134576544945, 17.904787611607986
14.909720629550314, 28.78541394699463
0.0, 14.909720629550314
11.722422056261813, 3.1872985732885013
0.0, 11.722422056261813
0.0, 11.722422056261813
26.313447186084556, 17.38168739046039
0.0, 26.313447186084556
0.0, 26.313447186084556
201.334354115636, 7.421857819949707
38.91058257256542, 162.4237715430706
0.0, 38.91058257256542
24.42128251243204, 14.489300060133377
0.0, 24.42128251243204
0.0, 24.42128251243204
43.055267559072, 158.27908655656398
0.0, 43.055267559072
7.621724451875834, 35.433543107196165
0.0, 7.621724451875834
0.0, 7.621724451875834
213.6667583461249, 0.22858580301797815
63.10050011571754, 150.56625823040736
3.761670199607438, 59.3388299161101
0.0, 3.761670199607438
0.0, 3.761670199607438
18.850238856178706, 44.25026125953883
0.0, 18.850238856178706
4.5007080741393315, 14.349530782039373
0.0, 4.5007080741393315
0.0, 4.5007080741393315
210.85539987206403, 2.8113584740608815
201.6467926872766, 9.20860718478744
91.78245731816507, 109.86433536911152
32.900687287594685, 58.88177003057039
0.0, 32.900687287594685
7.091138599188165, 25.809548688406522
0.0, 7.091138599188165
0.0, 7.091138599188165
56.5514386200734, 35.231018698091674
0.0, 56.5514386200734
50.77230320488629, 5.779135415187106
0.0, 50.77230320488629
0.0, 50.77230320488629
172.2725874203794, 29.374205266897178
0.0, 172.2725874203794
107.36489760319782, 64.90768981718159
31.29187680994165, 76.07302079325616
0.0, 31.29187680994165
0.0, 31.29187680994165
39.978704531081334, 67.38619307211648
0.0, 39.978704531081334
0.0, 39.978704531081334
203.23046434672338, 7.624935525340646
0.0, 203.23046434672338
200.4816612648765, 2.748803081846887
0.0, 200.4816612648765
36.568018275489266, 163.91364298938723
0.0, 36.568018275489266
19.497773888252784, 17.07024438723648
0.0, 19.497773888252784
0.0, 19.497773888252784
291.91358954716856, 39.440745935374196
223.58341872735576, 68.33017081981279
0.0, 223.58341872735576
217.6171667884871, 5.966251938868652
0.0, 217.6171667884871
212.60634761632687, 5.0108191721602395
200.34807496673542, 12.258272649591447
102.12030970695216, 98.22776525978327
0.0, 102.12030970695216
71.73375247196525, 30.38655723498691
0.0, 71.73375247196525
0.0, 71.73375247196525
200.31042370139156, 0.03765126534386809
126.8765578877847, 73.43386581360686
0.0, 126.8765578877847
0.0, 126.8765578877847
132.35040274625973, 67.96002095513182
0.0, 132.35040274625973
53.60836041084949, 78.74204233541025
0.0, 53.60836041084949
0.0, 53.60836041084949
212.4626785359172, 0.14366908040966564
0.0, 212.4626785359172
211.9209538678955, 0.5417246680217147
202.12120909529057, 9.799744772604924
0.0, 202.12120909529057
142.7811660304706, 59.34004306481998
0.0, 142.7811660304706
19.402636452393438, 123.37852957807715
0.0, 19.402636452393438
0.0, 19.402636452393438
208.29548282823103, 3.625471039664461
16.50310302422073, 191.7923798040103
0.0, 16.50310302422073
0.0, 16.50310302422073
180.01081033206228, 28.284672496168753
0.0, 180.01081033206228
153.05117731230018, 26.959633019762094
0.0, 153.05117731230018
96.00338145012799, 57.047795862172194
0.0, 96.00338145012799
0.0, 96.00338145012799
248.47459658903145, 43.438992958137106
236.6914493479983, 11.783147241033163
206.01020813568152, 30.681241212316763
203.79921251693025, 2.2109956187512694
0.0, 203.79921251693025
190.23095087475335, 13.568261642176907
0.0, 190.23095087475335
0.0, 190.23095087475335
205.55174043249542, 0.45846770318610197
0.0, 205.55174043249542
204.37130928880777, 1.180431143687656
0.0, 204.37130928880777
201.9566382386417, 2.4146710501660777
0.0, 201.9566382386417
200.8300172991817, 1.1266209394599969
0.0, 200.8300172991817
0.0, 200.8300172991817
223.38416712523244, 13.30728222276585
201.34824379697153, 22.035923328260907
76.452867596967, 124.89537620000453
0.0, 76.452867596967
0.0, 76.452867596967
198.6445219268567, 2.7037218701148333
46.01475382998842, 152.62976809686828
2.4451285886586773, 43.569625241329746
0.0, 2.4451285886586773
0.0, 2.4451285886586773
26.994153236495386, 19.020600593493036
0.0, 26.994153236495386
3.7644324208177338, 23.229720815677652
0.0, 3.7644324208177338
0.0, 3.7644324208177338
52.14578896958736, 146.49873295726934
0.0, 52.14578896958736
25.885206810722472, 26.260582158864885
0.0, 25.885206810722472
0.0, 25.885206810722472
216.85783558115895, 6.526331544073486
216.31788625491563, 0.5399493262433168
148.38392548146066, 67.93396077345497
25.010491505566016, 123.37343397589464
0.0, 25.010491505566016
0.0, 25.010491505566016
141.62886504301113, 6.755060438449533
0.0, 141.62886504301113
2.8866815547896745, 138.74218348822146
0.0, 2.8866815547896745
0.0, 2.8866815547896745
207.17260759076393, 9.145278664151704
183.6835384718194, 23.489069118944542
0.0, 183.6835384718194
117.90410070142835, 65.77943777039104
63.10886761613378, 54.79523308529457
0.0, 63.10886761613378
9.702654157598834, 53.40621345853494
0.0, 9.702654157598834
0.0, 9.702654157598834
82.1900213288062, 35.71407937262215
27.391466564895374, 54.79855476391082
0.0, 27.391466564895374
0.0, 27.391466564895374
40.94390134011529, 41.24611998869091
0.0, 40.94390134011529
0.0, 40.94390134011529
206.71343189561978, 0.4591756951441539
89.24551336996899, 117.46791852565079
0.0, 89.24551336996899
0.0, 89.24551336996899
193.8853354904847, 12.828096405135085
189.9142704654934, 3.9710650249913044
0.0, 189.9142704654934
0.0, 189.9142704654934
193.24355717649885, 0.6417783139858386
0.0, 193.24355717649885
126.60760287033325, 66.6359543061656
0.0, 126.60760287033325
110.34320864015207, 16.264394230181182
50.17541775906514, 60.16779088108693
0.0, 50.17541775906514
45.46199051076006, 4.713427248305081
0.0, 45.46199051076006
30.608042748688533, 14.853947762071527
0.0, 30.608042748688533
0.0, 30.608042748688533
69.5112893313823, 40.83191930876977
0.0, 69.5112893313823
0.0, 69.5112893313823
216.40889873841218, 0.44893684274677526
0.0, 216.40889873841218
208.68416883572397, 7.72472990268821
85.33708051456657, 123.3470883211574
33.058854242961594, 52.27822627160497
0.0, 33.058854242961594
11.337461143933266, 21.721393099028326
0.0, 11.337461143933266
0.0, 11.337461143933266
74.48091734231323, 10.856163172253332
13.619234460607727, 60.861682881705505
0.0, 13.619234460607727
0.0, 13.619234460607727
45.230059155878365, 29.25085818643487
0.0, 45.230059155878365
0.0, 45.230059155878365
201.96280513052224, 6.721363705201725
57.86749057959225, 144.09531455093
0.0, 57.86749057959225
0.0, 57.86749057959225
200.51446426942854, 1.4483408610936976
0.0, 200.51446426942854
200.28675430239693, 0.22770996703161472
0.0, 200.28675430239693
138.22940742408025, 62.05734687831668
40.99775225317698, 97.23165517090328
0.0, 40.99775225317698
0.0, 40.99775225317698
84.96749955379624, 53.261907870284006
0.0, 84.96749955379624
12.148174755253278, 72.81932479854297
0.0, 12.148174755253278
0.0, 12.148174755253278
247.0740813593723, 1.4005152296591632
214.5850369927048, 32.489044366667486
66.5051854761862, 148.0798515165186
0.0, 66.5051854761862
0.0, 66.5051854761862
118.96399089322118, 95.62104609948362
0.0, 118.96399089322118
10.61069751443377, 108.35329337878741
0.0, 10.61069751443377
0.0, 10.61069751443377
224.84989715426735, 22.224184205104933
0.0, 224.84989715426735
211.19541511387328, 13.654482040394072
200.0183658424215, 11.177049271451779
0.0, 200.0183658424215
0.0, 200.0183658424215
205.9251160781339, 5.270299035739384
0.0, 205.9251160781339
202.94510857948833, 2.9800074986455627
0.0, 202.94510857948833
46.770312141476325, 156.174796438012
0.0, 46.770312141476325
0.0, 46.770312141476325
1044.866361120214, 8618.026497427702
555.7660674875077, 489.1002936327062
400.59740051682155, 155.16866697068616
311.6834947347309, 88.91390578209064
228.44129082961035, 83.24220390512056
0.0, 228.44129082961035
204.99440704811175, 23.4468837814986
157.6120718454055, 47.38233520270626
0.0, 157.6120718454055
0.0, 157.6120718454055
201.70099346453566, 3.293413583576097
34.27339560647128, 167.42759785806436
0.0, 34.27339560647128
1.6550517713614892, 32.61834383510979
0.0, 1.6550517713614892
0.0, 1.6550517713614892
87.66580943153387, 114.03518403300178
0.0, 87.66580943153387
30.538810557587794, 57.12699887394608
0.0, 30.538810557587794
0.0, 30.538810557587794
242.09088076686461, 69.5926139678663
207.6941805603262, 34.39670020653841
72.28683847571605, 135.40734208461015
0.0, 72.28683847571605
23.569686583559854, 48.717151892156195
0.0, 23.569686583559854
0.0, 23.569686583559854
204.04508640169476, 3.649094158631442
0.0, 204.04508640169476
177.630769972267, 26.41431642942777
57.16736587102794, 120.46340410123905
0.0, 57.16736587102794
0.0, 57.16736587102794
64.47058996587864, 113.16018000638834
0.0, 64.47058996587864
0.0, 64.47058996587864
213.08819715733017, 29.002683609534444
207.25805694771282, 5.830140209617355
202.8251935173277, 4.432863430385112
200.31831964593104, 2.506873871396664
82.49038354635351, 117.82793609957753
0.0, 82.49038354635351
38.61139279928696, 43.87899074706655
0.0, 38.61139279928696
26.047980709219065, 12.563412090067896
0.0, 26.047980709219065
0.0, 26.047980709219065
178.71785213664327, 21.600467509287768
0.0, 178.71785213664327
155.43507040980387, 23.282781726839403
0.0, 155.43507040980387
11.126914493380028, 144.30815591642386
0.0, 11.126914493380028
0.0, 11.126914493380028
202.21694293590127, 0.6082505814264323
31.03342869123634, 171.18351424466493
0.0, 31.03342869123634
0.0, 31.03342869123634
196.99355071724133, 5.223392218659939
0.0, 196.99355071724133
13.267491072458006, 183.72605964478333
0.0, 13.267491072458006
0.0, 13.267491072458006
203.22875550432917, 4.029301443383645
199.11493017726886, 4.113825327060312
171.47166955054016, 27.643260626728704
20.588769132796294, 150.88290041774385
0.0, 20.588769132796294
0.0, 20.588769132796294
39.413756972946395, 132.05791257759375
0.0, 39.413756972946395
11.144859892839287, 28.26889708010711
0.0, 11.144859892839287
0.0, 11.144859892839287
195.3354786884002, 3.7794514888686592
0.0, 195.3354786884002
0.0, 195.3354786884002
200.86385064878888, 2.3649048555402885
0.0, 200.86385064878888
173.12857765010193, 27.735272998686952
0.0, 173.12857765010193
91.9032545042222, 81.22532314587973
0.0, 91.9032545042222
0.0, 91.9032545042222
209.8699929903349, 3.218204166995264
0.0, 209.8699929903349
207.75548534785142, 2.1145076424834883
184.8104403412306, 22.94504500662083
0.0, 184.8104403412306
15.209118821699775, 169.6013215195308
0.0, 15.209118821699775
0.0, 15.209118821699775
202.10714315534264, 5.648342192508778
10.155223779174815, 191.95191937616784
0.0, 10.155223779174815
0.0, 10.155223779174815
61.71771403807435, 140.3894291172683
0.0, 61.71771403807435
0.0, 61.71771403807435
353.8816837486031, 46.71571676821844
256.93133532234526, 96.95034842625785
207.46717620196225, 49.464159120383016
0.0, 207.46717620196225
153.32761628454315, 54.13955991741909
67.63196669933254, 85.69564958521062
0.0, 67.63196669933254
0.0, 67.63196669933254
68.14566498716502, 85.18195129737813
0.0, 68.14566498716502
48.33697550210861, 19.808689485056412
0.0, 48.33697550210861
25.64265019850973, 22.694325303598877
0.0, 25.64265019850973
0.0, 25.64265019850973
225.57955676729156, 31.3517785550537
0.0, 225.57955676729156
217.658694908338, 7.920861858953572
211.995528121031, 5.663166787307006
134.56837604227007, 77.42715207876091
0.0, 134.56837604227007
90.10011901113167, 44.46825703113841
0.0, 90.10011901113167
0.0, 90.10011901113167
200.30086624306708, 11.69466187796391
0.0, 200.30086624306708
200.14296257911522, 0.1579036639518563
53.802301567429325, 146.34066101168588
0.0, 53.802301567429325
27.547042516267528, 26.255259051161797
0.0, 27.547042516267528
10.977311950756857, 16.56973056551067
0.0, 10.977311950756857
0.0, 10.977311950756857
180.189935279906, 19.953027299209225
0.0, 180.189935279906
0.0, 180.189935279906
215.8309937018454, 1.8277012064926055
207.48730319770445, 8.343690504140937
200.61903207121966, 6.868271126484785
181.35074171620306, 19.268290355016603
20.2075638502904, 161.14317786591266
0.0, 20.2075638502904
0.0, 20.2075638502904
75.59245424215378, 105.75828747404928
0.0, 75.59245424215378
22.714745395136976, 52.877708847016805
0.0, 22.714745395136976
0.0, 22.714745395136976
186.12020725431415, 14.498824816905511
34.44262700470895, 151.6775802496052
0.0, 34.44262700470895
0.0, 34.44262700470895
83.61021167872323, 102.50999557559092
0.0, 83.61021167872323
10.218706355515176, 73.39150532320805
0.0, 10.218706355515176
0.0, 10.218706355515176
204.94005963725039, 2.5472435604540635
31.319585612556416, 173.62047402469398
0.0, 31.319585612556416
0.0, 31.319585612556416
97.90670013346183, 107.03335950378856
0.0, 97.90670013346183
0.0, 97.90670013346183
213.39422534147124, 2.4367683603741455
203.39163066934245, 10.002594672128794
163.48198675214547, 39.90964391719697
0.0, 163.48198675214547
78.55243661400824, 84.92955013813723
12.713203747613194, 65.83923286639505
0.0, 12.713203747613194
2.687366127822717, 10.025837619790478
0.0, 2.687366127822717
0.0, 2.687366127822717
33.393205812894614, 45.15923080111363
0.0, 33.393205812894614
8.174032099066853, 25.21917371382776
0.0, 8.174032099066853
0.0, 8.174032099066853
201.93808924235643, 1.4535414269860212
0.0, 201.93808924235643
44.346646780886, 157.59144246147042
0.0, 44.346646780886
35.57048740985462, 8.776159371031376
0.0, 35.57048740985462
1.1301322221151957, 34.44035518773943
0.0, 1.1301322221151957
0.0, 1.1301322221151957
209.33204791810655, 4.0621774233646875
8.035495285959719, 201.29655263214684
0.0, 8.035495285959719
0.0, 8.035495285959719
207.13989104492848, 2.192156873178078
205.18019574480428, 1.9596953001241957
138.0283182748041, 67.15187747000019
0.0, 138.0283182748041
70.83808393181289, 67.1902343429912
0.0, 70.83808393181289
0.0, 70.83808393181289
200.549049081695, 4.631146663109291
0.0, 200.549049081695
179.22176974261052, 21.32727933908447
115.36638267553496, 63.855387067075554
0.0, 115.36638267553496
0.0, 115.36638267553496
121.08688872331027, 58.13488101930025
0.0, 121.08688872331027
0.0, 121.08688872331027
205.19349205492503, 1.9463989900034449
68.3994408416356, 136.79405121328944
0.0, 68.3994408416356
0.0, 68.3994408416356
201.8105722289853, 3.382919825939723
0.0, 201.8105722289853
200.40929335313493, 1.4012788758503802
0.0, 200.40929335313493
69.17308447920261, 131.2362088739323
0.0, 69.17308447920261
0.0, 69.17308447920261
288.00590580169796, 65.87577794690515
42.02328648278181, 245.98261931891614
0.0, 42.02328648278181
5.74925373711101, 36.2740327456708
0.0, 5.74925373711101
0.0, 5.74925373711101
232.80961340175665, 55.19629239994131
211.15555673638596, 21.65405666537069
201.09100668913226, 10.064550047253704
0.0, 201.09100668913226
0.0, 201.09100668913226
207.7094437007843, 3.4461130356016554
78.36808981434787, 129.34135388643642
0.0, 78.36808981434787
68.04488894745693, 10.323200866890943
0.0, 68.04488894745693
0.0, 68.04488894745693
207.6045185336337, 0.10492516715061129
202.9206772393277, 4.683841294306006
13.906055555243048, 189.01462168408463
0.0, 13.906055555243048
0.0, 13.906055555243048
201.18794767753022, 1.7327295617974698
0.0, 201.18794767753022
93.57309822020488, 107.61484945732533
1.1088224132914548, 92.46427580691343
0.0, 1.1088224132914548
0.0, 1.1088224132914548
45.82862678151947, 47.744471438685416
0.0, 45.82862678151947
35.389453407375406, 10.439173374144062
0.0, 35.389453407375406
0.0, 35.389453407375406
204.24056868119737, 3.3639498524363205
107.05143887735318, 97.1891298038442
75.575175602796, 31.476263274557184
0.0, 75.575175602796
21.467811260191016, 54.10736434260498
0.0, 21.467811260191016
0.0, 21.467811260191016
76.60219373459704, 30.44924514275614
0.0, 76.60219373459704
5.265032068783182, 71.33716166581385
0.0, 5.265032068783182
0.0, 5.265032068783182
203.11581002090563, 1.1247586602917465
147.17361190353066, 55.94219811737497
0.0, 147.17361190353066
145.64403432663028, 1.5295775769003797
36.563168939638835, 109.08086538699143
0.0, 36.563168939638835
34.624706020350295, 1.9384629192885399
0.0, 34.624706020350295
0.0, 34.624706020350295
72.1037697136784, 73.54026461295187
0.0, 72.1037697136784
20.26034876732386, 51.84342094635454
0.0, 20.26034876732386
19.877550402824113, 0.38279836449974525
0.0, 19.877550402824113
0.0, 19.877550402824113
202.10021898373964, 1.01559103716599
0.0, 202.10021898373964
0.0, 202.10021898373964
231.12967495164713, 1.6799384501095176
222.53416149100934, 8.59551346063779
205.88620252231988, 16.647958968689466
0.0, 205.88620252231988
0.0, 205.88620252231988
208.17955064039225, 14.354610850617092
69.125392285498, 139.05415835489424
0.0, 69.125392285498
0.0, 69.125392285498
207.34061094019634, 0.8389397001959082
204.65631935050718, 2.684291589689167
199.89647373193787, 4.759845618569301
133.02114886121782, 66.87532487072005
0.0, 133.02114886121782
0.0, 133.02114886121782
173.59931735117152, 26.297156380766353
123.54805854582924, 50.051258805342286
0.0, 123.54805854582924
0.0, 123.54805854582924
144.7230684363349, 28.876248914836623
0.0, 144.7230684363349
29.690540060981608, 115.0325283753533
0.0, 29.690540060981608
1.4764833054835127, 28.214056755498095
0.0, 1.4764833054835127
0.0, 1.4764833054835127
202.9459826809407, 1.7103366695664874
133.61204347866007, 69.33393920228062
0.0, 133.61204347866007
19.78898736059964, 113.82305611806044
0.0, 19.78898736059964
3.8999590921600533, 15.889028268439588
0.0, 3.8999590921600533
0.0, 3.8999590921600533
202.74028006272934, 0.2057026182113475
157.86819471435192, 44.872085348377425
19.768977970914086, 138.09921674343784
0.0, 19.768977970914086
0.0, 19.768977970914086
110.19805801996684, 47.67013669438508
0.0, 110.19805801996684
5.510037966545158, 104.68802005342168
0.0, 5.510037966545158
0.0, 5.510037966545158
201.88533858551662, 0.8549414772127193
45.0811897473288, 156.8041488381878
0.0, 45.0811897473288
0.0, 45.0811897473288
200.24574904704042, 1.6395895384762014
0.0, 200.24574904704042
197.35586823070247, 2.88988081633795
0.0, 197.35586823070247
161.35519716738384, 36.000671063318634
40.57839442651947, 120.77680274086435
0.0, 40.57839442651947
2.782375894549321, 37.796018531970155
0.0, 2.782375894549321
0.0, 2.782375894549321
88.52233858200928, 72.83285858537455
0.0, 88.52233858200928
87.48997171782663, 1.0323668641826487
0.0, 87.48997171782663
23.33246582764508, 64.15750589018155
0.0, 23.33246582764508
0.0, 23.33246582764508
206.60993691946416, 0.7306740207321809
204.6078183794109, 2.00211854005326
0.0, 204.6078183794109
201.6310553180365, 2.976763061374413
0.0, 201.6310553180365
73.45822684534264, 128.17282847269385
0.0, 73.45822684534264
0.0, 73.45822684534264
205.8880584586726, 0.7218784607915723
0.0, 205.8880584586726
32.909780486639086, 172.9782779720335
0.0, 32.909780486639086
3.238241370246277, 29.671539116392808
0.0, 3.238241370246277
0.0, 3.238241370246277
229.5610877399219, 1.5685872117252302
180.51973680515147, 49.041350934770435
75.6269772229772, 104.89275958217426
0.0, 75.6269772229772
0.0, 75.6269772229772
81.29138353606795, 99.22835326908351
0.0, 81.29138353606795
0.0, 81.29138353606795
215.81670312473955, 13.744384615182355
16.829886929575306, 198.98681619516424
0.0, 16.829886929575306
1.805690876718967, 15.02419605285634
0.0, 1.805690876718967
0.0, 1.805690876718967
213.327855422402, 2.4888477023375515
206.32140291072943, 7.006452511672563
200.79779999432282, 5.523602916406617
0.0, 200.79779999432282
72.54870286766587, 128.24909712665695
26.96985352648639, 45.57884934117948
0.0, 26.96985352648639
9.3196939124575, 17.650159614028887
0.0, 9.3196939124575
0.0, 9.3196939124575
69.14065203423361, 3.408050833432256
0.0, 69.14065203423361
29.83156032035272, 39.30909171388089
0.0, 29.83156032035272
0.0, 29.83156032035272
201.5649912809009, 4.756411629828534
58.88328462473679, 142.68170665616412
0.0, 58.88328462473679
0.0, 58.88328462473679
110.90272789619969, 90.6622633847012
0.0, 110.90272789619969
53.084512577774774, 57.81821531842492
20.190946945341146, 32.89356563243363
0.0, 20.190946945341146
15.019797554415911, 5.171149390925235
0.0, 15.019797554415911
3.2754600734062804, 11.74433748100963
0.0, 3.2754600734062804
0.0, 3.2754600734062804
37.40658211828213, 15.677930459492643
0.0, 37.40658211828213
8.559999482804232, 28.8465826354779
0.0, 8.559999482804232
6.014317942588024, 2.545681540216208
0.0, 6.014317942588024
0.0, 6.014317942588024
212.68462951383333, 0.6432259085686667
11.109707564799148, 201.57492194903418
0.0, 11.109707564799148
0.0, 11.109707564799148
212.25099726067856, 0.4336322531547694
0.0, 212.25099726067856
36.15820125533083, 176.09279600534774
0.0, 36.15820125533083
0.0, 36.15820125533083
524.5475248689214, 31.218542618586298
215.35160574393925, 309.1959191249822
208.1101644728157, 7.241441271123534
84.6635924987232, 123.4465719740925
0.0, 84.6635924987232
54.16154505184601, 30.502047446877192
0.0, 54.16154505184601
0.0, 54.16154505184601
206.03593313043717, 2.074231342378539
153.66272553646942, 52.37320759396775
0.0, 153.66272553646942
53.037523639618335, 100.62520189685108
0.0, 53.037523639618335
0.0, 53.037523639618335
201.91313520073638, 4.122797929700795
0.0, 201.91313520073638
6.113595775124353, 195.799539425612
0.0, 6.113595775124353
0.0, 6.113595775124353
212.79203307992324, 2.5595726640160024
203.92052662298696, 8.871506456936288
0.0, 203.92052662298696
202.32863889015016, 1.5918877328367955
200.0766249183237, 2.2520139718264716
0.0, 200.0766249183237
96.29091775393594, 103.78570716438774
0.0, 96.29091775393594
0.0, 96.29091775393594
200.73715024276538, 1.5914886473847787
0.0, 200.73715024276538
200.37281283792706, 0.36433740483832366
20.337333011788086, 180.03547982613898
0.0, 20.337333011788086
0.0, 20.337333011788086
148.30221853510054, 52.07059430282652
0.0, 148.30221853510054
26.06861906201917, 122.23359947308137
0.0, 26.06861906201917
0.0, 26.06861906201917
207.42860043767652, 5.363432642246721
201.2476367460554, 6.180963691621116
0.0, 201.2476367460554
1.9528948036099225, 199.29474194244548
0.0, 1.9528948036099225
0.0, 1.9528948036099225
207.1117124166605, 0.31688802101601254
0.0, 207.1117124166605
204.9305460844411, 2.1811663322194192
0.0, 204.9305460844411
108.88343311489182, 96.04711296954927
0.0, 108.88343311489182
21.733358527000625, 87.1500745878912
0.0, 21.733358527000625
0.0, 21.733358527000625
355.8272427703866, 168.72028209853482
14.067949267911436, 341.75929350247515
0.0, 14.067949267911436
0.0, 14.067949267911436
342.6294571557458, 13.197785614640793
313.6347912118141, 28.994665943931693
212.59585599003682, 101.03893522177728
0.0, 212.59585599003682
211.4686791569199, 1.1271768331169199
0.0, 211.4686791569199
210.73998864403262, 0.7286905128872831
200.12587412317146, 10.614114520861165
181.52476254692954, 18.60111157624192
0.0, 181.52476254692954
154.56116042913544, 26.963602117794096
0.0, 154.56116042913544
68.06845550379178, 86.49270492534366
16.670007962785018, 51.39844754100676
0.0, 16.670007962785018
0.0, 16.670007962785018
42.82712505438041, 25.24133044941137
0.0, 42.82712505438041
0.0, 42.82712505438041
192.85625940482893, 7.269614718342524
56.782554591752465, 136.07370481307646
0.0, 56.782554591752465
0.0, 56.782554591752465
174.0001735940789, 18.856085810750045
0.0, 174.0001735940789
79.03232341212157, 94.96785018195732
32.279109705019216, 46.753213707102354
29.476761421228993, 2.8023482837902236
0.0, 29.476761421228993
9.043176259005023, 20.43358516222397
0.0, 9.043176259005023
0.0, 9.043176259005023
32.092107665240945, 0.187002039778271
0.0, 32.092107665240945
0.0, 32.092107665240945
63.56906704072718, 15.463256371394394
0.0, 63.56906704072718
35.947195079188326, 27.62187196153885
0.0, 35.947195079188326
0.0, 35.947195079188326
202.6846722473876, 8.055316396645026
79.8348232576216, 122.849848989766
29.155940069099323, 50.67888318852227
0.0, 29.155940069099323
0.0, 29.155940069099323
54.24581631009806, 25.589006947523536
0.0, 54.24581631009806
33.40372024436359, 20.842096065734466
0.0, 33.40372024436359
15.765777532159131, 17.63794271220446
0.0, 15.765777532159131
0.0, 15.765777532159131
201.4964542024844, 1.1882180449032091
119.55015300668536, 81.94630119579902
0.0, 119.55015300668536
62.04320362502748, 57.50694938165788
9.061831134552765, 52.98137249047471
0.0, 9.061831134552765
0.0, 9.061831134552765
62.00449787606627, 0.03870574896121326
0.0, 62.00449787606627
5.237601064431885, 56.76689681163438
0.0, 5.237601064431885
0.0, 5.237601064431885
160.86757921989997, 40.62887498258442
148.55612109489056, 12.311458125009409
27.736183429460116, 120.81993766543044
0.0, 27.736183429460116
0.0, 27.736183429460116
68.12411834651859, 80.43200274837197
0.0, 68.12411834651859
0.0, 68.12411834651859
155.8689763364146, 4.9986028834853755
0.0, 155.8689763364146
92.8993339394085, 62.96964239700608
0.0, 92.8993339394085
0.0, 92.8993339394085
311.0216985356258, 2.61309267618833
264.71382073703955, 46.30787779858622
241.2558753130428, 23.45794542399676
223.66439588375067, 17.59147942929212
212.58137312956936, 11.083022754181314
76.04154040857195, 136.53983272099742
42.90311178619239, 33.13842862237956
0.0, 42.90311178619239
0.0, 42.90311178619239
48.02747119934964, 28.014069209222306
0.0, 48.02747119934964
10.607647408923597, 37.419823790426044
0.0, 10.607647408923597
0.0, 10.607647408923597
211.80234612820578, 0.7790270013635734
0.0, 211.80234612820578
150.58375546179116, 61.21859066641463
0.0, 150.58375546179116
0.0, 150.58375546179116
213.44852743830597, 10.215868445444698
211.13892189017668, 2.309605548129298
0.0, 211.13892189017668
209.60531389200125, 1.5336079981754267
0.0, 209.60531389200125
94.98088061779909, 114.62443327420216
0.0, 94.98088061779909
0.0, 94.98088061779909
213.06177787783142, 0.38674956047455566
205.92543556878547, 7.1363423090459435
202.0481067183717, 3.877328850413761
0.0, 202.0481067183717
89.63011420465706, 112.41799251371465
0.0, 89.63011420465706
41.08904933332232, 48.54106487133474
0.0, 41.08904933332232
0.0, 41.08904933332232
203.2250588293093, 2.7003767394761837
0.0, 203.2250588293093
0.0, 203.2250588293093
206.31106449880457, 6.750713379026848
0.0, 206.31106449880457
87.00337122725988, 119.3076932715447
0.0, 87.00337122725988
15.84002122207355, 71.16335000518633
0.0, 15.84002122207355
0.0, 15.84002122207355
240.5868054821721, 0.6690698308706828
0.0, 240.5868054821721
223.70545477816077, 16.88135070401134
201.381289947555, 22.32416483060578
0.0, 201.381289947555
0.0, 201.381289947555
203.70901111879002, 19.996443659370755
4.477759304420183, 199.23125181436984
0.0, 4.477759304420183
0.0, 4.477759304420183
202.46797012668839, 1.241040992101631
176.63337283382378, 25.8345972928646
0.0, 176.63337283382378
33.8134692091928, 142.81990362463097
0.0, 33.8134692091928
0.0, 33.8134692091928
196.92820118064216, 5.539768946046223
0.0, 196.92820118064216
94.6026540350332, 102.32554714560897
0.0, 94.6026540350332
0.0, 94.6026540350332
248.41100770675234, 16.30281303028721
214.29781911272508, 34.113188594027264
202.94742799556562, 11.350391117159461
0.0, 202.94742799556562
0.0, 202.94742799556562
204.90358091822335, 9.394238194501725
65.94946473370123, 138.95411618452212
0.0, 65.94946473370123
36.598220367151484, 29.35124436654975
0.0, 36.598220367151484
0.0, 36.598220367151484
157.90732580063548, 46.99625511758788
74.78718965516168, 83.1201361454738
0.0, 74.78718965516168
22.060069296733598, 52.72712035842808
0.0, 22.060069296733598
0.0, 22.060069296733598
100.74830102967822, 57.15902477095726
18.412785615053636, 82.33551541462458
0.0, 18.412785615053636
0.0, 18.412785615053636
94.55167195961714, 6.196629070061078
0.0, 94.55167195961714
26.240531233274556, 68.31114072634259
0.0, 26.240531233274556
3.8552372082807316, 22.385294024993826
0.0, 3.8552372082807316
0.0, 3.8552372082807316
224.09342027185477, 24.317587434897575
207.77190993930162, 16.321510332553146
0.0, 207.77190993930162
202.67779118466004, 5.094118754641585
149.33661446203945, 53.34117672262059
0.0, 149.33661446203945
113.1515670726171, 36.18504738942235
0.0, 113.1515670726171
0.0, 113.1515670726171
183.17488897830222, 19.502902206357817
0.0, 183.17488897830222
145.2867486133608, 37.88814036494142
45.892227965887926, 99.39452064747287
0.0, 45.892227965887926
0.0, 45.892227965887926
46.53038087204332, 98.75636774131749
0.0, 46.53038087204332
0.0, 46.53038087204332
209.64320085769938, 14.450219414155384
204.45802147049574, 5.185179387203647
0.0, 204.45802147049574
201.44090791864988, 3.0171135518458527
37.08859388711475, 164.35231403153514
0.0, 37.08859388711475
28.36455711163352, 8.724036775481228
0.0, 28.36455711163352
20.665547320728706, 7.699009790904814
0.0, 20.665547320728706
2.719501491782497, 17.946045828946207
0.0, 2.719501491782497
0.0, 2.719501491782497
201.01381434891573, 0.42709356973415424
0.0, 201.01381434891573
122.01525331031517, 78.99856103860056
0.0, 122.01525331031517
0.0, 122.01525331031517
205.3133090295439, 4.329891828155496
77.13154081724592, 128.18176821229798
5.457312837016266, 71.67422798022966
0.0, 5.457312837016266
1.211521777483769, 4.245791059532497
0.0, 1.211521777483769
0.0, 1.211521777483769
65.32211590426428, 11.80942491298164
0.0, 65.32211590426428
37.5174702887379, 27.804645615526383
0.0, 37.5174702887379
0.0, 37.5174702887379
84.0970987578928, 121.2162102716511
0.0, 84.0970987578928
65.73121153199828, 18.36588722589451
0.0, 65.73121153199828
0.0, 65.73121153199828
277.1387060933116, 33.88299244231416
215.7882386271447, 61.35046746616692
197.91270390006207, 17.875534727082623
0.0, 197.91270390006207
53.14120704765794, 144.77149685240414
0.0, 53.14120704765794
0.0, 53.14120704765794
200.6890366881586, 15.099201938986084
0.0, 200.6890366881586
44.88908456447585, 155.79995212368277
0.0, 44.88908456447585
44.33906011437685, 0.5500244500990021
0.0, 44.33906011437685
0.0, 44.33906011437685
230.52241513027508, 46.61629096303653
16.05306656091797, 214.46934856935712
0.0, 16.05306656091797
0.0, 16.05306656091797
204.14954330261247, 26.372871827662607
0.0, 204.14954330261247
203.5141024047343, 0.6354408978781692
0.0, 203.5141024047343
201.45287905647996, 2.0612233482543445
35.048645730995936, 166.40423332548403
0.0, 35.048645730995936
0.0, 35.048645730995936
201.4319736317638, 0.020905424716147536
0.0, 201.4319736317638
134.43062588865095, 67.00134774311286
0.0, 134.43062588865095
92.85161652363023, 41.579009365020724
31.477670735647646, 61.37394578798258
0.0, 31.477670735647646
0.0, 31.477670735647646
63.707313184404136, 29.14430333922609
0.0, 63.707313184404136
6.757444321530089, 56.94986886287405
0.0, 6.757444321530089
0.0, 6.757444321530089
320.31762037627067, 22.31183677947513
202.2476981193818, 118.06992225688887
120.36159409145513, 81.88610402792666
35.61081341393243, 84.7507806775227
0.0, 35.61081341393243
0.0, 35.61081341393243
93.32775350778454, 27.033840583670596
0.0, 93.32775350778454
0.0, 93.32775350778454
201.86988567561727, 0.37781244376452605
0.0, 201.86988567561727
201.7602328593172, 0.10965281630006984
98.96471738938214, 102.79551546993505
0.0, 98.96471738938214
0.0, 98.96471738938214
119.1375180646787, 82.6227147946385
0.0, 119.1375180646787
104.5427981239952, 14.594719940683504
0.0, 104.5427981239952
28.303780185983733, 76.23901793801147
0.0, 28.303780185983733
0.0, 28.303780185983733
313.16876932438896, 7.1488510518817066
250.61821063923452, 62.55055868515444
203.7355069212007, 46.88270371803381
34.47164632085765, 169.26386060034307
0.0, 34.47164632085765
0.0, 34.47164632085765
56.88111263383293, 146.85439428736777
0.0, 56.88111263383293
0.0, 56.88111263383293
233.3710755545006, 17.247135084733912
204.36370506416037, 29.007370490340236
0.0, 204.36370506416037
203.48675775485248, 0.8769473093078943
142.4518319268459, 61.03492582800658
0.0, 142.4518319268459
107.10423061408945, 35.34760131275645
45.81170987891142, 61.29252073517802
0.0, 45.81170987891142
0.0, 45.81170987891142
75.82415713505745, 31.280073479031998
0.0, 75.82415713505745
60.97620260254101, 14.84795453251644
0.0, 60.97620260254101
0.0, 60.97620260254101
171.30541357872127, 32.181344176131205
18.634675378362225, 152.67073820035904
0.0, 18.634675378362225
0.0, 18.634675378362225
133.9543927940662, 37.35102078465508
0.0, 133.9543927940662
0.0, 133.9543927940662
228.63455331354274, 4.736522240957868
203.65620342604, 24.97834988750273
192.59457797917437, 11.061625446865634
47.830526681159775, 144.7640512980146
0.0, 47.830526681159775
0.0, 47.830526681159775
120.87733693873895, 71.71724104043543
0.0, 120.87733693873895
0.0, 120.87733693873895
198.15702015636896, 5.49918326967105
73.81067117533391, 124.34634898103505
29.306493410727203, 44.50417776460671
0.0, 29.306493410727203
0.0, 29.306493410727203
30.757113115752794, 43.053558059581114
0.0, 30.757113115752794
0.0, 30.757113115752794
117.3744285091672, 80.78259164720176
0.0, 117.3744285091672
0.0, 117.3744285091672
204.903243431636, 23.731309881906725
203.07254011271493, 1.8307033189210813
201.00110036196205, 2.071439750752887
122.322645379593, 78.67845498236905
0.0, 122.322645379593
62.37059548717731, 59.95204989241569
0.0, 62.37059548717731
0.0, 62.37059548717731
135.42342128301482, 65.57767907894723
0.0, 135.42342128301482
23.480163602855242, 111.94325768015958
0.0, 23.480163602855242
0.0, 23.480163602855242
202.13851055767677, 0.9340295550381654
47.380750259783454, 154.7577602978933
22.118042780138698, 25.262707479644757
0.0, 22.118042780138698
1.492098666117133, 20.625944114021564
0.0, 1.492098666117133
0.0, 1.492098666117133
35.450753983807545, 11.92999627597591
0.0, 35.450753983807545
6.088367471242681, 29.362386512564864
0.0, 6.088367471242681
0.0, 6.088367471242681
168.37580411703777, 33.76270644063899
0.0, 168.37580411703777
85.8568271465968, 82.51897697044097
50.460015445931994, 35.396811700664806
0.0, 50.460015445931994
0.0, 50.460015445931994
73.40186144522126, 12.454965701375542
8.615891195629576, 64.78597024959168
0.0, 8.615891195629576
0.0, 8.615891195629576
48.572635067526164, 24.829226377695093
0.0, 48.572635067526164
46.28274328083913, 2.2898917866870363
0.0, 46.28274328083913
0.0, 46.28274328083913
204.246110335809, 0.657133095827021
0.0, 204.246110335809
0.0, 204.246110335809
296.66612489239486, 16.5026444319941
230.72820085395736, 65.9379240384375
205.8539305227363, 24.874270331221055
200.7889853934094, 5.064945129326901
0.0, 200.7889853934094
25.54296162209639, 175.24602377131302
6.278769394824104, 19.264192227272286
0.0, 6.278769394824104
0.0, 6.278769394824104
17.104451395141258, 8.438510226955131
0.0, 17.104451395141258
0.0, 17.104451395141258
203.99010673711493, 1.8638237856213777
16.050548629184817, 187.9395581079301
0.0, 16.050548629184817
0.0, 16.050548629184817
116.20207666258874, 87.78803007452619
0.4453578732676561, 115.75671878932108
0.0, 0.4453578732676561
0.0, 0.4453578732676561
86.0383209280231, 30.16375573456564
0.0, 86.0383209280231
0.0, 86.0383209280231
227.24606725599122, 3.48213359796614
129.6752270126836, 97.57084024330763
0.0, 129.6752270126836
0.0, 129.6752270126836
210.93717681506624, 16.308890440924984
203.90005254965712, 7.037124265409119
168.99693989482088, 34.903112654836235
0.0, 168.99693989482088
127.54815091750001, 41.44878897732087
0.0, 127.54815091750001
105.10245532402696, 22.445695593473047
0.0, 105.10245532402696
0.0, 105.10245532402696
201.0225994507642, 2.8774530988929143
0.0, 201.0225994507642
31.33126085992992, 169.69133859083428
0.0, 31.33126085992992
9.52542102491708, 21.80583983501284
0.0, 9.52542102491708
0.0, 9.52542102491708
210.20019225358456, 0.7369845614816768
0.0, 210.20019225358456
204.97085025986814, 5.229341993716417
153.9930759996058, 50.97777426026235
0.0, 153.9930759996058
143.29138906290376, 10.701686936702032
106.09407453410499, 37.19731452879877
24.967039573807796, 81.1270349602972
0.0, 24.967039573807796
0.0, 24.967039573807796
36.715261773409175, 69.37881276069581
0.0, 36.715261773409175
23.154538671002417, 13.560723102406758
0.0, 23.154538671002417
2.147852436265814, 21.006686234736602
0.0, 2.147852436265814
0.0, 2.147852436265814
110.48000902933462, 32.81138003356914
0.0, 110.48000902933462
0.0, 110.48000902933462
164.1825638886977, 40.78828637117044
0.0, 164.1825638886977
0.0, 164.1825638886977
277.35959691828344, 19.306527974111418
215.50659230378434, 61.8530046144991
129.41001470170391, 86.09657760208043
0.0, 129.41001470170391
22.486950452365168, 106.92306424933875
0.0, 22.486950452365168
0.0, 22.486950452365168
209.04525771621448, 6.461334587569866
0.0, 209.04525771621448
200.89543215258195, 8.149825563632533
0.0, 200.89543215258195
144.67297377183735, 56.2224583807446
0.0, 144.67297377183735
62.11586377324866, 82.55710999858869
0.0, 62.11586377324866
40.634105667467296, 21.481758105781367
0.0, 40.634105667467296
30.36301623868924, 10.271089428778055
0.0, 30.36301623868924
0.0, 30.36301623868924
244.88516663397877, 32.474430284304674
99.06195748871978, 145.823209145259
0.0, 99.06195748871978
0.0, 99.06195748871978
217.37674731994548, 27.50841931403329
25.739428486974152, 191.63731883297132
0.0, 25.739428486974152
0.0, 25.739428486974152
214.51130324575092, 2.8654440741945564
208.81527678149502, 5.696026464255908
0.0, 208.81527678149502
0.0, 208.81527678149502
211.10002397415454, 3.411279271596385
0.0, 211.10002397415454
205.93653854692323, 5.163485427231308
0.0, 205.93653854692323
200.60353518459561, 5.3330033623276165
0.0, 200.60353518459561
168.65168533117912, 31.95184985341649
7.473533362585671, 161.17815196859345
0.0, 7.473533362585671
4.372230676375332, 3.1013026862103388
0.0, 4.372230676375332
0.0, 4.372230676375332
28.229116837933972, 140.42256849324514
0.0, 28.229116837933972
0.0, 28.229116837933972
953.8265897721265, 91.03977134808747
589.9266501861682, 363.89993958595824
213.94435368726494, 375.9822964989033
210.92918877810595, 3.015164909158983
21.954829222381385, 188.97435955572456
0.0, 21.954829222381385
0.0, 21.954829222381385
171.63624248587286, 39.2929462922331
0.0, 171.63624248587286
86.38885857528714, 85.24738391058571
0.0, 86.38885857528714
0.0, 86.38885857528714
211.01541173084811, 2.9289419564168213
202.17175541727963, 8.843656313568488
148.43065540592147, 53.74110001135816
57.58591802726839, 90.84473737865308
0.0, 57.58591802726839
0.0, 57.58591802726839
106.11505640445809, 42.31559900146338
88.44910616389863, 17.665950240559454
0.0, 88.44910616389863
0.0, 88.44910616389863
101.66061252541188, 4.4544438790462095
0.0, 101.66061252541188
80.26397590787238, 21.3966366175395
0.0, 80.26397590787238
74.59884979151452, 5.665126116357854
0.0, 74.59884979151452
4.906914468449584, 69.69193532306494
0.0, 4.906914468449584
0.0, 4.906914468449584
200.09019918579327, 2.08155623148636
12.95680023736583, 187.13339894842744
0.0, 12.95680023736583
0.0, 12.95680023736583
38.10944760127522, 161.98075158451803
0.0, 38.10944760127522
0.0, 38.10944760127522
202.1839005668263, 8.831511164021805
0.0, 202.1839005668263
75.39659581214187, 126.78730475468444
0.0, 75.39659581214187
0.0, 75.39659581214187
276.9870934282487, 312.9395567579195
219.51681137917777, 57.47028204907096
0.0, 219.51681137917777
41.41634640425823, 178.10046497491953
0.0, 41.41634640425823
0.0, 41.41634640425823
227.97161701553787, 49.01547641271085
210.4654594344732, 17.506157581064684
201.19740886561254, 9.268050568860644
162.7136081971733, 38.483800668439244
0.0, 162.7136081971733
3.2365718548993145, 159.47703634227398
0.0, 3.2365718548993145
0.0, 3.2365718548993145
167.2056221255092, 33.99178674010335
0.0, 167.2056221255092
0.0, 167.2056221255092
210.27328522214216, 0.19217421233102527
201.27076569843152, 9.002519523710646
0.0, 201.27076569843152
200.43108447735494, 0.8396812210765745
1.2205199709223502, 199.2105645064326
0.0, 1.2205199709223502
0.0, 1.2205199709223502
10.384869903927486, 190.04621457342745
0.0, 10.384869903927486
0.0, 10.384869903927486
204.71764167648465, 5.555643545657517
0.0, 204.71764167648465
203.72947436055665, 0.9881673159279956
200.75699594631777, 2.9724784142388785
0.0, 200.75699594631777
0.0, 200.75699594631777
202.81726631306265, 0.9122080474940049
0.0, 202.81726631306265
23.223787755280938, 179.5934785577817
0.0, 23.223787755280938
0.0, 23.223787755280938
213.38461325975288, 14.587003755784991
213.061268632331, 0.323344627421875
201.43807197012592, 11.623196662205089
116.79151849127355, 84.64655347885237
0.0, 116.79151849127355
8.397760216747532, 108.39375827452602
0.0, 8.397760216747532
0.0, 8.397760216747532
201.19174898470789, 0.24632298541803266
0.0, 201.19174898470789
31.221833655869794, 169.96991532883808
0.0, 31.221833655869794
15.717886806507167, 15.503946849362627
0.0, 15.717886806507167
8.166550821288988, 7.551335985218179
0.0, 8.166550821288988
0.0, 8.166550821288988
212.39421497964858, 0.6670536526824264
38.83145221375626, 173.56276276589233
0.0, 38.83145221375626
0.0, 38.83145221375626
201.41365271833527, 10.98056226131331
0.0, 201.41365271833527
0.0, 201.41365271833527
213.12012419185677, 0.2644890678961076
0.0, 213.12012419185677
206.25054112346228, 6.8695830683944905
200.09927331646892, 6.15126780699336
0.0, 200.09927331646892
161.76313244872796, 38.336140867740966
0.0, 161.76313244872796
49.869210678197696, 111.89392177053026
0.0, 49.869210678197696
0.0, 49.869210678197696
201.70341863747907, 4.547122485983209
0.0, 201.70341863747907
0.0, 201.70341863747907
851.9350195207165, 101.89157025140992
295.9277622041081, 556.0072573166085
241.4513478113176, 54.4764143927905
213.00237502184015, 28.448972789477438
77.7065339293825, 135.29584109245764
0.0, 77.7065339293825
20.288587294658285, 57.41794663472422
0.0, 20.288587294658285
0.0, 20.288587294658285
200.91498283885764, 12.087392182982512
17.76119256059059, 183.15379027826705
0.0, 17.76119256059059
0.0, 17.76119256059059
61.36351078627127, 139.55147205258638
0.0, 61.36351078627127
5.029194935978155, 56.334315850293116
0.0, 5.029194935978155
0.0, 5.029194935978155
225.75350593043507, 15.697841880882521
6.926873494834339, 218.82663243560074
0.0, 6.926873494834339
0.0, 6.926873494834339
127.95888271177384, 97.79462321866123
0.0, 127.95888271177384
120.8647782354404, 7.094104476333442
0.0, 120.8647782354404
47.80806853324202, 73.05670970219838
0.0, 47.80806853324202
1.1252984487260562, 46.682770084515965
0.0, 1.1252984487260562
0.0, 1.1252984487260562
242.3375170930836, 53.5902451110245
228.2648854254136, 14.072631667669981
0.0, 228.2648854254136
200.6399083293645, 27.624977096049122
0.0, 200.6399083293645
0.0, 200.6399083293645
241.67350708310485, 0.6640100099787389
220.53901484323939, 21.134492239865466
12.618859296912689, 207.9201555463267
0.0, 12.618859296912689
0.0, 12.618859296912689
209.29467405539816, 11.244340787841224
0.0, 209.29467405539816
204.1460120025809, 5.148662052817258
203.27386286915086, 0.8721491334300424
0.0, 203.27386286915086
133.01802785387454, 70.25583501527632
14.744355230197575, 118.27367262367697
0.0, 14.744355230197575
0.0, 14.744355230197575
87.44960635172409, 45.56842150215046
0.0, 87.44960635172409
0.0, 87.44960635172409
203.81269560213957, 0.33331640044133337
0.0, 203.81269560213957
97.5453852713921, 106.26731033074746
0.0, 97.5453852713921
0.0, 97.5453852713921
240.85878769029352, 0.8147193928113268
118.60178455024726, 122.25700314004627
0.0, 118.60178455024726
0.5113304720856344, 118.09045407816163
0.0, 0.5113304720856344
0.0, 0.5113304720856344
216.00971709353323, 24.8490705967603
198.0135806904614, 17.99613640307183
0.0, 198.0135806904614
141.0229519907665, 56.990628699694895
0.0, 141.0229519907665
0.0, 141.0229519907665
204.17553872144174, 11.834178372091486
149.9792968868761, 54.196241834565626
0.0, 149.9792968868761
0.0, 149.9792968868761
200.92225925487003, 3.253279466571712
182.67452498108898, 18.24773427378105
0.0, 182.67452498108898
167.8783207016675, 14.796204279421488
0.0, 167.8783207016675
55.31088258287335, 112.56743811879414
15.88729064027816, 39.42359194259519
0.0, 15.88729064027816
0.0, 15.88729064027816
43.396912085710376, 11.913970497162971
0.0, 43.396912085710376
0.0, 43.396912085710376
200.44887142675293, 0.47338782811709734
0.0, 200.44887142675293
165.26798601554813, 35.1808854112048
0.0, 165.26798601554813
51.967837883218316, 113.30014813232981
0.0, 51.967837883218316
47.79692278335349, 4.170915099864828
0.0, 47.79692278335349
34.31395028705006, 13.482972496303425
0.0, 34.31395028705006
0.0, 34.31395028705006
493.46089322937416, 358.4741262913424
307.50114281430075, 185.95975041507342
212.4624524147719, 95.03869039952886
0.0, 212.4624524147719
203.57460459380493, 8.887847820966954
0.0, 203.57460459380493
26.18484318702211, 177.38976140678284
0.0, 26.18484318702211
0.0, 26.18484318702211
269.16085468698964, 38.34028812731111
223.34614195765863, 45.814712729331006
211.80511738653146, 11.541024571127167
97.4145380859592, 114.39057930057227
0.0, 97.4145380859592
80.7413453421845, 16.673192743774692
0.0, 80.7413453421845
16.572364109874663, 64.16898123230985
0.0, 16.572364109874663
0.0, 16.572364109874663
209.08607126758506, 2.719046118946409
0.0, 209.08607126758506
8.438196533605229, 200.64787473397982
0.0, 8.438196533605229
0.0, 8.438196533605229
215.2272028042553, 8.118939153403318
0.0, 215.2272028042553
201.83247482014653, 13.394727984108783
26.580194032960605, 175.25228078718592
0.0, 26.580194032960605
25.616312316120514, 0.9638817168400919
0.0, 25.616312316120514
11.445310532668456, 14.171001783452057
0.0, 11.445310532668456
0.0, 11.445310532668456
69.13583626646846, 132.69663855367807
0.0, 69.13583626646846
0.0, 69.13583626646846
226.51469649736808, 42.64615818962156
202.47586627383126, 24.03883022353682
200.46164519122203, 2.0142210826092253
0.0, 200.46164519122203
0.0, 200.46164519122203
200.94903707713243, 1.5268291966988272
0.0, 200.94903707713243
192.39277968767084, 8.556257389461592
0.0, 192.39277968767084
0.0, 192.39277968767084
216.58103685570896, 9.93365964165912
39.940765724385216, 176.64027113132374
0.0, 39.940765724385216
0.0, 39.940765724385216
208.75114491557778, 7.829891940131176
0.0, 208.75114491557778
202.26941339916917, 6.481731516408615
200.21418135497328, 2.05523204419589
0.0, 200.21418135497328
164.7836677802406, 35.430513574732686
105.0088289623158, 59.77483881792479
0.0, 105.0088289623158
93.06386214891562, 11.944966813400185
0.0, 93.06386214891562
0.0, 93.06386214891562
161.39887628037295, 3.384791499867646
0.0, 161.39887628037295
79.10430207489085, 82.29457420548209
0.0, 79.10430207489085
13.548514946155544, 65.5557871287353
0.0, 13.548514946155544
0.0, 13.548514946155544
201.35793107395867, 0.9114823252104998
75.81840482673482, 125.53952624722385
0.0, 75.81840482673482
0.0, 75.81840482673482
126.825377100769, 74.53255397318966
0.0, 126.825377100769
21.471966449180684, 105.35341065158832
0.0, 21.471966449180684
3.499677417510779, 17.972289031669906
0.0, 3.499677417510779
0.0, 3.499677417510779
324.4674786712733, 168.99341455810088
201.051713064637, 123.41576560663628
67.35531409363298, 133.69639897100402
7.704943400829657, 59.65037069280333
0.0, 7.704943400829657
0.0, 7.704943400829657
46.63626699957471, 20.719047094058276
0.0, 46.63626699957471
0.0, 46.63626699957471
200.09241481288208, 0.959298251754916
17.778474767945717, 182.31394004493637
0.0, 17.778474767945717
6.036819854214585, 11.741654913731132
0.0, 6.036819854214585
0.0, 6.036819854214585
173.8004214494314, 26.291993363450672
0.0, 173.8004214494314
100.95387205589027, 72.84654939354114
0.0, 100.95387205589027
19.429458828524844, 81.52441322736543
0.0, 19.429458828524844
10.734439101683195, 8.695019726841648
0.0, 10.734439101683195
0.0, 10.734439101683195
284.1252379027409, 40.342240768532406
243.84473493762943, 40.28050296511145
216.17146427385174, 27.673270663777686
81.86100319744136, 134.31046107641038
0.0, 81.86100319744136
54.58001988999859, 27.280983307442774
0.0, 54.58001988999859
6.413010486076077, 48.16700940392251
0.0, 6.413010486076077
0.0, 6.413010486076077
212.70838151445523, 3.4630827593965137
176.2715406503482, 36.43684086410704
0.0, 176.2715406503482
135.0234207129595, 41.24811993738868
0.0, 135.0234207129595
128.17981684834007, 6.843603864619439
0.0, 128.17981684834007
38.457479328352875, 89.72233751998719
0.0, 38.457479328352875
32.503110536711716, 5.9543687916411585
0.0, 32.503110536711716
0.0, 32.503110536711716
205.31296771897726, 7.395413795477964
0.0, 205.31296771897726
0.0, 205.31296771897726
243.7754766269968, 0.06925831063261967
192.6041371198389, 51.17133950715791
13.545886485464418, 179.05825063437447
0.0, 13.545886485464418
1.4196325852352065, 12.126253900229212
0.0, 1.4196325852352065
0.0, 1.4196325852352065
84.52631973436391, 108.07781738547499
0.0, 84.52631973436391
17.249451481592317, 67.27686825277159
0.0, 17.249451481592317
0.0, 17.249451481592317
239.18737035951756, 4.588106267479247
196.29450825594998, 42.89286210356758
0.0, 196.29450825594998
127.36020617420559, 68.93430208174439
0.0, 127.36020617420559
0.0, 127.36020617420559
210.37114795900695, 28.81622240051061
0.0, 210.37114795900695
179.71139810393785, 30.659749855069094
55.02333436238226, 124.6880637415556
0.0, 55.02333436238226
0.0, 55.02333436238226
95.08572073395156, 84.62567736998629
0.0, 95.08572073395156
0.0, 95.08572073395156
268.3672637762972, 15.757974126443685
214.5863424046107, 53.7809213716865
38.996150517484054, 175.59019188712665
0.0, 38.996150517484054
0.0, 38.996150517484054
201.30918054595293, 13.277161858657763
111.19318322169624, 90.11599732425668
18.18814903377483, 93.00503418792141
0.0, 18.18814903377483
0.0, 18.18814903377483
47.97920528499547, 63.21397793670077
0.0, 47.97920528499547
16.02208713358164, 31.957118151413834
0.0, 16.02208713358164
0.0, 16.02208713358164
199.63089203725696, 1.678288508695971
0.0, 199.63089203725696
187.8713058401978, 11.75958619705915
0.0, 187.8713058401978
124.86605620084988, 63.00524963934792
0.0, 124.86605620084988
37.05255313394726, 87.81350306690263
0.0, 37.05255313394726
0.0, 37.05255313394726
226.3759625643529, 41.99130121194429
208.72894340178644, 17.647019162566465
200.1588469334334, 8.570096468353029
0.0, 200.1588469334334
55.02253954851936, 145.13630738491406
0.0, 55.02253954851936
18.323849086647357, 36.698690461872005
0.0, 18.323849086647357
0.0, 18.323849086647357
203.00984719932464, 5.719096202461799
42.41623767658491, 160.5936095227397
0.0, 42.41623767658491
27.48737484575424, 14.928862830830674
0.0, 27.48737484575424
0.0, 27.48737484575424
62.273201079016154, 140.73664612030848
0.0, 62.273201079016154
19.052188470495018, 43.221012608521136
0.0, 19.052188470495018
0.0, 19.052188470495018
216.10823383526318, 10.267728729089725
200.25659151195708, 15.851642323306095
0.0, 200.25659151195708
196.3489818524286, 3.9076096595284753
0.0, 196.3489818524286
175.36459899138922, 20.984382861039393
0.0, 175.36459899138922
20.436673847693598, 154.92792514369563
0.0, 20.436673847693598
0.0, 20.436673847693598
210.08741649671654, 6.020817338546635
203.119350654348, 6.9680658423685315
38.60071072396576, 164.51863993038225
0.0, 38.60071072396576
0.0, 38.60071072396576
149.97653506234002, 53.14281559200799
0.0, 149.97653506234002
72.59190549428016, 77.38462956805986
0.0, 72.59190549428016
0.0, 72.59190549428016
205.35613639858195, 4.73128009813459
108.05829294995254, 97.29784344862941
0.0, 108.05829294995254
3.6076165109213694, 104.45067643903117
0.0, 3.6076165109213694
0.0, 3.6076165109213694
123.39295273281913, 81.96318366576283
0.0, 123.39295273281913
0.0, 123.39295273281913
