node_generations, branch_length
765.3959970342106, 37040.05323871457
308.12524576282465, 457.27075127138596
257.2901678937301, 50.83507786909456
0.0, 257.2901678937301
212.9776569255467, 44.312510968183375
0.0, 212.9776569255467
208.03165230446677, 4.946004621079936
0.0, 208.03165230446677
201.35830176166124, 6.673350542805537
0.0, 201.35830176166124
101.43595242113383, 99.9223493405274
0.0, 101.43595242113383
0.0, 101.43595242113383
264.58247511519517, 43.54277064762948
212.18227350429214, 52.400201610903025
84.40708849024489, 127.77518501404725
0.0, 84.40708849024489
0.0, 84.40708849024489
121.41540949418764, 90.7668640101045
25.16970430062844, 96.2457051935592
0.0, 25.16970430062844
0.0, 25.16970430062844
80.96019849583644, 40.455210998351205
0.0, 80.96019849583644
0.0, 80.96019849583644
247.9081870350354, 16.674288080159755
219.43971709043788, 28.46846994459753
200.8180880023701, 18.621629088067778
120.04124244187608, 80.77684556049402
34.7646954982069, 85.27654694366919
0.0, 34.7646954982069
0.0, 34.7646954982069
55.65122435495617, 64.39001808691991
23.940830691442372, 31.7103936635138
0.0, 23.940830691442372
22.144116085803937, 1.796714605638435
0.0, 22.144116085803937
0.0, 22.144116085803937
31.754257399907466, 23.896966955048704
0.0, 31.754257399907466
0.0, 31.754257399907466
190.91930580604364, 9.898782196326465
0.0, 190.91930580604364
37.648356480155975, 153.27094932588767
0.0, 37.648356480155975
0.0, 37.648356480155975
216.81495272181564, 2.6247643686222375
202.74319794664248, 14.071754775173162
0.0, 202.74319794664248
184.48080521645838, 18.262392730184104
0.0, 184.48080521645838
153.8890549946129, 30.591750221845473
0.0, 153.8890549946129
71.03964576431426, 82.84940923029865
0.0, 71.03964576431426
52.46517779315396, 18.574467971160296
0.0, 52.46517779315396
15.925592191812017, 36.53958560134195
0.0, 15.925592191812017
0.0, 15.925592191812017
205.2924549429169, 11.522497778898753
160.59498941844248, 44.69746552447441
134.474245501247, 26.120743917195483
58.29024818626494, 76.18399731498207
0.0, 58.29024818626494
18.648382893502195, 39.641865292762745
0.0, 18.648382893502195
0.0, 18.648382893502195
69.87933163757992, 64.59491386366707
3.021874729523804, 66.85745690805612
0.0, 3.021874729523804
0.0, 3.021874729523804
55.25541583486039, 14.62391580271953
0.0, 55.25541583486039
0.0, 55.25541583486039
157.00768652841344, 3.5873028900290365
0.0, 157.00768652841344
120.16389715823249, 36.84378937018096
12.808948183672005, 107.35494897456049
0.0, 12.808948183672005
0.0, 12.808948183672005
105.588693917513, 14.575203240719489
0.0, 105.588693917513
73.34492101462415, 32.24377290288885
0.0, 73.34492101462415
0.0, 73.34492101462415
200.39622357304845, 4.896231369868445
0.0, 200.39622357304845
0.0, 200.39622357304845
227.70785458584353, 20.200332449191876
193.33660397473216, 34.37125061111138
0.0, 193.33660397473216
85.6644826271707, 107.67212134756146
0.0, 85.6644826271707
0.0, 85.6644826271707
214.66062381185955, 13.047230773983983
0.0, 214.66062381185955
198.1581504085361, 16.50247340332345
0.0, 198.1581504085361
0.0, 198.1581504085361
465.53676555395236, 299.85923148025825
269.16688761587153, 196.36987793808083
218.31825207890037, 50.84863553697116
202.2846933361605, 16.03355874273987
193.61023491280454, 8.674458423355958
14.45711362410168, 179.15312128870286
0.0, 14.45711362410168
0.0, 14.45711362410168
96.1794589888103, 97.43077592399425
0.0, 96.1794589888103
0.0, 96.1794589888103
201.22308427290102, 1.061609063259482
74.75538487467443, 126.46769939822659
0.0, 74.75538487467443
3.680650712900279, 71.07473416177416
0.0, 3.680650712900279
0.0, 3.680650712900279
88.13247841959594, 113.09060585330508
0.0, 88.13247841959594
57.006356639017845, 31.126121780578096
6.483470718899003, 50.52288592011884
0.5688720468287258, 5.9145986720702775
0.0, 0.5688720468287258
0.0, 0.5688720468287258
4.8566321105948695, 1.6268386083041335
0.0, 4.8566321105948695
0.0, 4.8566321105948695
37.197083502349464, 19.80927313666838
0.0, 37.197083502349464
0.0, 37.197083502349464
209.25271187412793, 9.065540204772446
204.88269845207523, 4.370013422052693
121.44915275475688, 83.43354569731835
87.22638214537072, 34.22277060938616
0.0, 87.22638214537072
0.0, 87.22638214537072
107.8589170187595, 13.590235735997382
0.0, 107.8589170187595
0.0, 107.8589170187595
203.25330734955915, 1.629391102516081
0.0, 203.25330734955915
0.0, 203.25330734955915
208.54460199199448, 0.7081098821334422
203.80909444013972, 4.7355075518547665
88.99775709421021, 114.8113373459295
0.0, 88.99775709421021
56.62310149628575, 32.374655597924466
0.0, 56.62310149628575
48.76603560559618, 7.857065890689569
0.0, 48.76603560559618
0.0, 48.76603560559618
158.39902589923258, 45.41006854090713
34.778988710695046, 123.62003718853754
0.0, 34.778988710695046
8.713123396929108, 26.06586531376594
0.0, 8.713123396929108
0.0, 8.713123396929108
91.16699285334758, 67.232033045885
0.0, 91.16699285334758
0.0, 91.16699285334758
203.92893733025815, 4.615664661736332
34.663264390094035, 169.2656729401641
0.0, 34.663264390094035
0.0, 34.663264390094035
201.84059045284303, 2.0883468774151197
32.45299919228257, 169.38759126056047
0.0, 32.45299919228257
0.0, 32.45299919228257
196.25911626920984, 5.5814741836331905
0.0, 196.25911626920984
101.21710336042042, 95.04201290878942
0.0, 101.21710336042042
0.0, 101.21710336042042
250.81294897590487, 18.353938639966657
72.11190682380246, 178.70104215210242
0.0, 72.11190682380246
4.2186090337204085, 67.89329779008204
0.0, 4.2186090337204085
0.0, 4.2186090337204085
234.85154806594693, 15.961400909957945
203.54886359040816, 31.30268447553877
201.23475255913553, 2.314111031272631
0.0, 201.23475255913553
56.56311175522119, 144.67164080391433
0.0, 56.56311175522119
0.0, 56.56311175522119
202.06267514907177, 1.4861884413363953
19.327149996077893, 182.7355251529939
0.0, 19.327149996077893
0.0, 19.327149996077893
91.71563208992735, 110.34704305914441
0.0, 91.71563208992735
0.0, 91.71563208992735
221.6791221323823, 13.172425933564625
90.10206626230584, 131.57705587007646
0.0, 90.10206626230584
13.404680840795834, 76.69738542151
0.0, 13.404680840795834
0.0, 13.404680840795834
204.44606357187442, 17.233058560507885
145.42593679349264, 59.02012677838178
0.0, 145.42593679349264
66.10945572871577, 79.31648106477687
0.0, 66.10945572871577
45.246625015500136, 20.862830713215637
0.0, 45.246625015500136
13.034451660180268, 32.21217335531987
0.0, 13.034451660180268
12.512011965983975, 0.5224396941962937
0.0, 12.512011965983975
0.0, 12.512011965983975
159.49559778460235, 44.950465787272066
0.0, 159.49559778460235
102.40555012416218, 57.09004766044018
0.0, 102.40555012416218
43.96126639906606, 58.44428372509611
0.0, 43.96126639906606
0.0, 43.96126639906606
461.0075422176069, 4.529223336345467
206.63218044551505, 254.37536177209185
0.0, 206.63218044551505
0.0, 206.63218044551505
296.87334400393314, 164.13419821367376
211.9369242773663, 84.93641972656684
6.585692881034545, 205.35123139633177
0.0, 6.585692881034545
0.0, 6.585692881034545
126.73015602735099, 85.20676825001532
0.0, 126.73015602735099
0.0, 126.73015602735099
249.90214931768335, 46.97119468624979
200.51541750140595, 49.386731816277404
25.092245254398353, 175.42317224700759
0.0, 25.092245254398353
0.38810927720253224, 24.704135977195822
0.0, 0.38810927720253224
0.0, 0.38810927720253224
167.68041330821714, 32.83500419318881
71.15484616029403, 96.52556714792311
0.0, 71.15484616029403
33.02335518188967, 38.13149097840436
0.0, 33.02335518188967
0.0, 33.02335518188967
125.21435941113157, 42.46605389708557
16.678087939064763, 108.5362714720668
0.0, 16.678087939064763
14.073392467335578, 2.604695471729185
0.0, 14.073392467335578
3.4348037328594927, 10.638588734476086
0.0, 3.4348037328594927
0.0, 3.4348037328594927
30.49310201741169, 94.72125739371988
0.0, 30.49310201741169
0.0, 30.49310201741169
239.69866459345448, 10.203484724228872
0.0, 239.69866459345448
200.28207367886293, 39.41659091459155
0.0, 200.28207367886293
130.85604852977193, 69.426025149091
0.0, 130.85604852977193
7.441614564877021, 123.4144339648949
0.0, 7.441614564877021
0.0, 7.441614564877021
34263.79856916622, 3541.6506665825655
518.7546875034263, 33745.043881662794
248.27059985308807, 270.48408765033827
203.10589130541257, 45.1647085476755
0.0, 203.10589130541257
155.24497892612962, 47.86091237928295
67.41108511526276, 87.83389381086685
0.0, 67.41108511526276
33.12463957750269, 34.28644553776007
0.0, 33.12463957750269
0.0, 33.12463957750269
85.22916178957072, 70.0158171365589
0.0, 85.22916178957072
24.953227872822517, 60.27593391674821
0.0, 24.953227872822517
10.012677021725983, 14.940550851096534
0.0, 10.012677021725983
0.0, 10.012677021725983
213.12358748474824, 35.14701236833983
201.00992156572215, 12.11366591902609
81.2021068521914, 119.80781471353075
0.0, 81.2021068521914
8.318538050370067, 72.88356880182134
0.0, 8.318538050370067
0.0, 8.318538050370067
200.15885156340008, 0.851070002322075
0.0, 200.15885156340008
120.64365706608417, 79.5151944973159
0.0, 120.64365706608417
48.09385541455787, 72.54980165152631
0.0, 48.09385541455787
0.0, 48.09385541455787
206.41580249204245, 6.707784992705797
202.06764071537182, 4.348161776670622
201.32675148065158, 0.7408892347202425
128.4955418927974, 72.83120958785418
0.0, 128.4955418927974
33.16265649335839, 95.33288539943902
0.0, 33.16265649335839
0.0, 33.16265649335839
189.27442593879007, 12.052325541861507
0.0, 189.27442593879007
120.8451182267231, 68.42930771206697
49.16341450319096, 71.68170372353214
4.728565424188497, 44.43484907900246
0.0, 4.728565424188497
0.0, 4.728565424188497
15.135809779909838, 34.027604723281115
0.0, 15.135809779909838
0.0, 15.135809779909838
117.32477384580446, 3.520344380918644
0.0, 117.32477384580446
60.39439906185283, 56.93037478395163
0.0, 60.39439906185283
24.86341540525721, 35.53098365659562
0.0, 24.86341540525721
0.0, 24.86341540525721
201.59472073555466, 0.4729199798171635
32.72206161102753, 168.87265912452713
0.0, 32.72206161102753
0.0, 32.72206161102753
33.92095555083898, 167.67376518471568
0.0, 33.92095555083898
18.225875953082095, 15.695079597756887
0.0, 18.225875953082095
0.0, 18.225875953082095
206.36726455477861, 0.0485379372638306
200.90860197924744, 5.458662575531179
30.684523941438037, 170.2240780378094
0.0, 30.684523941438037
11.70217921459537, 18.98234472684267
0.0, 11.70217921459537
8.83352692488481, 2.8686522897105604
0.0, 8.83352692488481
0.0, 8.83352692488481
200.86182486611102, 0.04677711313641453
0.0, 200.86182486611102
168.30100621157953, 32.56081865453149
0.0, 168.30100621157953
35.18081390782406, 133.12019230375546
0.0, 35.18081390782406
30.43868974614114, 4.74212416168292
0.0, 30.43868974614114
0.0, 30.43868974614114
201.70832106203144, 4.65894349274717
200.23610098578482, 1.4722200762466287
5.262695776503706, 194.9734052092811
0.0, 5.262695776503706
0.0, 5.262695776503706
129.6081609839925, 70.62794000179233
0.0, 129.6081609839925
53.377708478172586, 76.2304525058199
20.942432079005922, 32.43527639916667
0.0, 20.942432079005922
18.26274315743182, 2.679688921574101
0.0, 18.26274315743182
0.0, 18.26274315743182
21.767266923773512, 31.610441554399074
0.0, 21.767266923773512
4.913120135609191, 16.85414678816432
0.0, 4.913120135609191
0.0, 4.913120135609191
200.25709227164492, 1.4512287903865229
4.271629343727581, 195.98546292791735
0.0, 4.271629343727581
0.0, 4.271629343727581
11.521377938224965, 188.73571433341996
0.0, 11.521377938224965
0.0, 11.521377938224965
394.7719530185774, 123.98273448484895
214.33601539382005, 180.43593762475734
87.4328817781159, 126.90313361570415
8.07024586057365, 79.36263591754225
0.0, 8.07024586057365
0.0, 8.07024586057365
73.71674379093702, 13.716137987178882
0.0, 73.71674379093702
32.6235689651202, 41.09317482581682
0.0, 32.6235689651202
23.659984971460602, 8.963583993659597
0.0, 23.659984971460602
0.0, 23.659984971460602
167.59115101556597, 46.74486437825408
26.999846201750657, 140.59130481381533
0.0, 26.999846201750657
13.111580338774898, 13.888265862975759
0.0, 13.111580338774898
0.0, 13.111580338774898
151.73033586235414, 15.860815153211831
0.0, 151.73033586235414
44.92931763615793, 106.8010182261962
0.0, 44.92931763615793
26.424230279006814, 18.50508735715112
0.0, 26.424230279006814
11.69923418458945, 14.724996094417364
0.0, 11.69923418458945
0.0, 11.69923418458945
280.97814034978074, 113.79381266879665
226.54504504123778, 54.43309530854296
210.07622070546017, 16.46882433577761
0.22511277671169178, 209.8511079287485
0.0, 0.22511277671169178
0.0, 0.22511277671169178
199.7098095737075, 10.36641113175267
0.0, 199.7098095737075
0.0, 199.7098095737075
213.78190468490425, 12.763140356333537
201.35060733073942, 12.431297354164826
145.82977583176378, 55.52083149897564
0.0, 145.82977583176378
75.10422313938987, 70.72555269237391
0.0, 75.10422313938987
0.0, 75.10422313938987
200.20169591209037, 1.1489114186490497
140.33719295812503, 59.86450295396534
0.0, 140.33719295812503
106.56364994308446, 33.77354301504057
0.0, 106.56364994308446
28.509900258784903, 78.05374968429956
0.0, 28.509900258784903
26.6129124559579, 1.8969878028270024
0.0, 26.6129124559579
0.0, 26.6129124559579
184.77808619703433, 15.423609715056045
0.0, 184.77808619703433
95.69798801259519, 89.08009818443914
0.0, 95.69798801259519
0.0, 95.69798801259519
202.2389765535528, 11.54292813135146
0.0, 202.2389765535528
0.0, 202.2389765535528
244.68717261379535, 36.29096773598539
0.0, 244.68717261379535
209.32849811702178, 35.358674496773574
205.56613388642194, 3.762364230599843
136.67846230538868, 68.88767158103326
0.0, 136.67846230538868
46.51690998367931, 90.16155232170937
0.0, 46.51690998367931
0.0, 46.51690998367931
203.55237095474698, 2.013762931674961
62.28527763581962, 141.26709331892735
0.0, 62.28527763581962
0.0, 62.28527763581962
130.7685968379288, 72.78377411681817
3.317448751505101, 127.45114808642371
0.0, 3.317448751505101
0.0, 3.317448751505101
119.05663933920825, 11.711957498720565
0.0, 119.05663933920825
25.675255350736, 93.38138398847225
0.0, 25.675255350736
12.711400944298662, 12.963854406437337
0.0, 12.711400944298662
2.2597918129858394, 10.451609131312821
0.0, 2.2597918129858394
0.0, 2.2597918129858394
207.17582108661654, 2.1526770304052434
205.1692884495521, 2.0065326370644243
145.40591340901196, 59.763375040540154
0.0, 145.40591340901196
0.0, 145.40591340901196
202.07632618469069, 3.092962264861427
8.302370608065619, 193.77395557662507
0.0, 8.302370608065619
0.0, 8.302370608065619
201.8664392009827, 0.20988698370797465
200.27721406388858, 1.5892251370941324
143.21940197954098, 57.0578120843476
0.0, 143.21940197954098
72.8835729341128, 70.33582904542817
0.0, 72.8835729341128
25.889268312741734, 46.99430462137107
0.0, 25.889268312741734
0.0, 25.889268312741734
172.05250398731923, 28.22471007656935
0.0, 172.05250398731923
64.66050277289017, 107.39200121442906
0.0, 64.66050277289017
0.0, 64.66050277289017
200.60064474174257, 1.2657944592401407
0.0, 200.60064474174257
47.7375539652859, 152.86309077645666
0.0, 47.7375539652859
0.0, 47.7375539652859
206.39355183183858, 0.7822692547779582
20.247702673891958, 186.14584915794663
0.0, 20.247702673891958
0.0, 20.247702673891958
205.01549835405385, 1.3780534777847322
202.21468963676185, 2.800808717292
0.0, 202.21468963676185
65.29956384581406, 136.9151257909478
0.0, 65.29956384581406
7.083833999943701, 58.215729845870364
0.0, 7.083833999943701
0.0, 7.083833999943701
204.86567327499728, 0.14982507905656917
0.0, 204.86567327499728
201.26223392800136, 3.6034393469959127
0.0, 201.26223392800136
0.0, 201.26223392800136
7793.451742577546, 26470.346826588673
694.3234922327205, 7099.128250344826
253.7092402055842, 440.6142520271363
227.50989963659384, 26.19934056899035
209.21126079749033, 18.298638839103518
0.0, 209.21126079749033
202.22801242336405, 6.983248374126276
0.0, 202.22801242336405
0.0, 202.22801242336405
222.17982123269317, 5.3300784039006714
208.57395880466305, 13.605862428030122
0.0, 208.57395880466305
97.59023517174394, 110.98372363291911
0.0, 97.59023517174394
80.51458188264303, 17.075653289100913
4.634565652463923, 75.88001623017911
0.0, 4.634565652463923
0.0, 4.634565652463923
46.763600776425456, 33.75098110621757
0.0, 46.763600776425456
11.862819687212735, 34.90078108921272
0.0, 11.862819687212735
0.0, 11.862819687212735
209.41701853509707, 12.7628026975961
202.45983569556057, 6.9571828395365
35.330339714608236, 167.12949598095233
0.0, 35.330339714608236
12.976789276351656, 22.35355043825658
0.0, 12.976789276351656
0.0, 12.976789276351656
117.2037684132903, 85.25606728227027
24.32996773925788, 92.87380067403242
11.058857988092317, 13.271109751165564
0.0, 11.058857988092317
0.0, 11.058857988092317
18.960993590099115, 5.368974149158767
0.0, 18.960993590099115
0.0, 18.960993590099115
74.74086338185778, 42.46290503143253
0.0, 74.74086338185778
40.65694743072043, 34.08391595113735
0.0, 40.65694743072043
17.210915550127606, 23.446031880592823
0.0, 17.210915550127606
0.0, 17.210915550127606
207.4111697765305, 2.0058487585665716
69.32412645137275, 138.08704332515777
0.0, 69.32412645137275
53.366966898597184, 15.957159552775565
0.0, 53.366966898597184
52.61003776176708, 0.7569291368301023
0.0, 52.61003776176708
0.0, 52.61003776176708
206.09097371922857, 1.3201960573019278
0.0, 206.09097371922857
204.82340896747448, 1.2675647517540938
152.32541375824732, 52.497995209227156
0.0, 152.32541375824732
147.47825316478867, 4.8471605934586535
0.0, 147.47825316478867
94.57466774453586, 52.90358542025281
0.0, 94.57466774453586
0.0, 94.57466774453586
200.12901969629146, 4.694389271183013
178.19783099251646, 21.931188703775007
15.863574808335239, 162.3342561841812
0.0, 15.863574808335239
7.96445346703454, 7.899121341300699
0.0, 7.96445346703454
0.0, 7.96445346703454
126.3015390431884, 51.89629194932806
0.0, 126.3015390431884
32.811308545315306, 93.49023049787309
0.0, 32.811308545315306
16.974674979415468, 15.836633565899838
0.0, 16.974674979415468
0.0, 16.974674979415468
197.5798910825118, 2.549128613779658
67.13584754502973, 130.44404353748206
0.0, 67.13584754502973
0.0, 67.13584754502973
178.39138201824525, 19.188509064266555
0.0, 178.39138201824525
172.0195309073939, 6.371851110851367
0.0, 172.0195309073939
54.62201151556058, 117.3975193918333
0.0, 54.62201151556058
0.0, 54.62201151556058
248.1891966934172, 5.520043512167007
222.4368037625138, 25.752392930903397
0.0, 222.4368037625138
0.0, 222.4368037625138
234.8727425795288, 13.316454113888398
210.83921939738767, 24.033523182141124
0.0, 210.83921939738767
66.87540719912595, 143.96381219826173
10.373057787586285, 56.50234941153966
0.0, 10.373057787586285
0.0, 10.373057787586285
16.381609066419944, 50.493798132706004
0.0, 16.381609066419944
0.0, 16.381609066419944
214.47863437507448, 20.394108204454312
205.4999325766954, 8.978701798379092
0.0, 205.4999325766954
204.95085140606182, 0.5490811706335705
0.0, 204.95085140606182
202.00003899381775, 2.950812412244062
18.606173455628948, 183.3938655381888
0.0, 18.606173455628948
0.0, 18.606173455628948
201.0110012571875, 0.9890377366302516
0.0, 201.0110012571875
104.62461332383002, 96.38638793335748
0.0, 104.62461332383002
35.094088767035444, 69.53052455679457
0.0, 35.094088767035444
0.0, 35.094088767035444
206.91835111415605, 7.560283260918425
182.53140951693206, 24.386941597223995
38.37607405695101, 144.15533545998105
0.0, 38.37607405695101
0.0, 38.37607405695101
173.23045372264988, 9.300955794282174
0.0, 173.23045372264988
40.86010415812709, 132.3703495645228
0.0, 40.86010415812709
18.444976481950583, 22.41512767617651
0.0, 18.444976481950583
0.0, 18.444976481950583
204.7347784124275, 2.183572701728565
0.0, 204.7347784124275
204.109453349677, 0.625325062750477
0.0, 204.109453349677
203.18628234054273, 0.9231710091342791
0.0, 203.18628234054273
200.28793134416873, 2.898350996374006
77.47195339115503, 122.8159779530137
0.0, 77.47195339115503
0.0, 77.47195339115503
116.0237664797619, 84.26416486440682
47.27518441013662, 68.74858206962529
0.0, 47.27518441013662
20.808500097491805, 26.466684312644812
0.0, 20.808500097491805
12.634408707252641, 8.174091390239164
0.0, 12.634408707252641
0.0, 12.634408707252641
90.07328957693171, 25.95047690283019
0.0, 90.07328957693171
80.04042824957332, 10.03286132735839
0.0, 80.04042824957332
71.17784173656965, 8.862586513003677
3.252642042481778, 67.92519969408787
0.0, 3.252642042481778
0.0, 3.252642042481778
31.299672448801175, 39.87816928776847
0.0, 31.299672448801175
0.0, 31.299672448801175
650.6656445543904, 43.657847678330086
399.9641688197822, 250.7014757346082
224.66335055211698, 175.3008182676652
140.53043736356597, 84.13291318855102
0.0, 140.53043736356597
52.584725555273685, 87.94571180829229
0.0, 52.584725555273685
0.0, 52.584725555273685
224.15817814858644, 0.5051724035305369
98.47609188348514, 125.6820862651013
0.0, 98.47609188348514
4.3124543735096745, 94.16363750997546
0.0, 4.3124543735096745
0.0, 4.3124543735096745
211.4898800381141, 12.668298110472335
204.86676192242263, 6.623118115691483
124.61184519747597, 80.25491672494665
0.0, 124.61184519747597
0.0, 124.61184519747597
200.478286901269, 4.388475021153624
0.0, 200.478286901269
176.889464332627, 23.588822568642
0.0, 176.889464332627
66.31544015907505, 110.57402417355195
0.0, 66.31544015907505
0.0, 66.31544015907505
209.3157550574273, 2.1741249806867984
203.1150286112503, 6.200726446177015
0.0, 203.1150286112503
202.93833830552273, 0.17669030572756128
201.13562669129152, 1.8027116142312138
179.33990512134616, 21.795721569945357
0.0, 179.33990512134616
16.070003516624595, 163.26990160472155
0.0, 16.070003516624595
15.883468517172052, 0.18653499945254381
0.0, 15.883468517172052
0.0, 15.883468517172052
190.82008014114783, 10.315546550143694
0.0, 190.82008014114783
0.0, 190.82008014114783
202.00867407254918, 0.9296642329735505
110.83626126057533, 91.17241281197386
0.0, 110.83626126057533
0.0, 110.83626126057533
174.98250464608293, 27.026169426466254
0.0, 174.98250464608293
99.57956173862718, 75.40294290745575
0.0, 99.57956173862718
5.631852868432119, 93.94770887019506
0.0, 5.631852868432119
0.0, 5.631852868432119
206.77238751055287, 2.5433675468744354
203.3967385811246, 3.37564892942828
104.89618636608562, 98.50055221503898
0.0, 104.89618636608562
79.03411320925046, 25.86207315683515
0.0, 79.03411320925046
15.69784492023857, 63.3362682890119
0.0, 15.69784492023857
0.0, 15.69784492023857
151.47077954698548, 51.92595903413911
0.0, 151.47077954698548
118.87172277060586, 32.599056776379626
0.0, 118.87172277060586
12.57120961610732, 106.30051315449853
0.0, 12.57120961610732
0.0, 12.57120961610732
206.27187739772666, 0.5005101128262197
138.00578263593246, 68.26609476179419
0.0, 138.00578263593246
0.0, 138.00578263593246
206.00423639856808, 0.26764099915857287
104.92457441972397, 101.07966197884411
0.0, 104.92457441972397
48.125352796846556, 56.79922162287741
0.0, 48.125352796846556
31.601822641195536, 16.52353015565102
0.0, 31.601822641195536
0.0, 31.601822641195536
201.55754724219855, 4.44668915636953
0.0, 201.55754724219855
44.35756358864747, 157.19998365355107
0.0, 44.35756358864747
0.0, 44.35756358864747
370.79132035966865, 29.172848460113528
234.19989474620573, 136.59142561346292
214.536758315235, 19.663136430970724
40.50350000160155, 174.03325831363344
0.0, 40.50350000160155
0.0, 40.50350000160155
210.8321259367025, 3.7046323785324944
202.26205041045785, 8.570075526244665
0.0, 202.26205041045785
156.72821285061096, 45.53383755984689
0.0, 156.72821285061096
0.0, 156.72821285061096
210.05868158355108, 0.773444353151433
36.37287327202512, 173.68580831152596
0.0, 36.37287327202512
6.19144269549943, 30.18143057652569
0.0, 6.19144269549943
0.0, 6.19144269549943
201.6094378067991, 8.449243776751985
130.856412906392, 70.7530249004071
0.0, 130.856412906392
32.29281748680873, 98.56359541958327
0.0, 32.29281748680873
0.0, 32.29281748680873
200.1686426759299, 1.4407951308691906
19.413244537710582, 180.75539813821933
0.0, 19.413244537710582
0.0, 19.413244537710582
60.31130026860127, 139.85734240732864
0.0, 60.31130026860127
4.0184168819825326, 56.29288338661874
0.0, 4.0184168819825326
0.0, 4.0184168819825326
219.4626474083106, 14.737247337895127
212.58830631413676, 6.874341094173843
0.0, 212.58830631413676
0.0, 212.58830631413676
219.0319809630557, 0.43066644525490005
202.7001341019934, 16.331846861062303
0.0, 202.7001341019934
0.0, 202.7001341019934
207.2612514759507, 11.770729487105001
14.690815230476021, 192.57043624547467
0.0, 14.690815230476021
0.0, 14.690815230476021
161.86413710585038, 45.397114370100326
0.0, 161.86413710585038
53.184054076432474, 108.6800830294179
0.0, 53.184054076432474
3.5205136545329863, 49.66354042189949
0.0, 3.5205136545329863
0.0, 3.5205136545329863
294.09280724563394, 76.69851311403471
241.66143337534197, 52.431373870291964
201.44340508666897, 40.218028288673
173.99598644879111, 27.44741863787786
0.0, 173.99598644879111
33.102919351815366, 140.89306709697576
0.0, 33.102919351815366
0.0, 33.102919351815366
200.50693044460945, 0.9364746420595225
0.0, 200.50693044460945
200.18357206333025, 0.32335838127920624
18.201584072533006, 181.98198799079725
0.0, 18.201584072533006
1.8659507677656313, 16.335633304767374
0.0, 1.8659507677656313
0.0, 1.8659507677656313
51.18601900231234, 148.9975530610179
0.0, 51.18601900231234
0.0, 51.18601900231234
208.37970851826483, 33.28172485707714
139.52998120515775, 68.84972731310708
0.0, 139.52998120515775
73.37934449062699, 66.15063671453076
0.0, 73.37934449062699
68.46463099537243, 4.91471349525456
14.601794326361917, 53.86283666901051
0.0, 14.601794326361917
0.0, 14.601794326361917
54.75000154771131, 13.714629447661125
0.0, 54.75000154771131
10.711233973149021, 44.038767574562286
0.0, 10.711233973149021
1.9135018529166077, 8.797732120232414
0.0, 1.9135018529166077
0.0, 1.9135018529166077
194.6481629156717, 13.731545602593144
20.36733995232457, 174.28082296334713
0.0, 20.36733995232457
0.0, 20.36733995232457
146.32103385524772, 48.32712906042397
0.0, 146.32103385524772
0.0, 146.32103385524772
283.1862616520936, 10.90654559354033
234.9178734166059, 48.26838823548772
200.12850206506477, 34.78937135154112
43.02013798700791, 157.10836407805687
0.0, 43.02013798700791
0.0, 43.02013798700791
70.10121280504674, 130.02728926001802
0.0, 70.10121280504674
0.0, 70.10121280504674
234.04218255222906, 0.8756908643768213
206.0957932806632, 27.946389271565863
20.131851886266368, 185.96394139439684
0.0, 20.131851886266368
0.0, 20.131851886266368
33.326706993509305, 172.7690862871539
0.0, 33.326706993509305
0.0, 33.326706993509305
223.52147106446293, 10.520711487766135
0.0, 223.52147106446293
208.6933917582099, 14.828079306253017
10.31580514003397, 198.37758661817594
0.0, 10.31580514003397
0.8457892836239826, 9.470015856409987
0.0, 0.8457892836239826
0.0, 0.8457892836239826
206.18712040205023, 2.5062713561596865
200.26991802901023, 5.9172023730399985
64.59344492296067, 135.67647310604957
0.0, 64.59344492296067
8.443672548863235, 56.14977237409744
0.0, 8.443672548863235
0.0, 8.443672548863235
195.30843190388939, 4.961486125120842
52.66613072126132, 142.64230118262807
0.0, 52.66613072126132
5.626371089300579, 47.03975963196074
0.0, 5.626371089300579
0.0, 5.626371089300579
73.43158110166834, 121.87685080222104
0.0, 73.43158110166834
0.0, 73.43158110166834
205.85148186635945, 0.3356385356907765
191.67152699030032, 14.179954876059128
0.0, 191.67152699030032
100.33644660753603, 91.33508038276429
0.0, 100.33644660753603
0.0, 100.33644660753603
203.97210476997898, 1.8793770963804661
0.0, 203.97210476997898
54.15006571170236, 149.82203905827663
0.0, 54.15006571170236
0.0, 54.15006571170236
282.08331628642196, 1.1029453656716441
232.49435689854624, 49.58895938787572
208.12265370344366, 24.371703195102583
200.91691223354246, 7.205741469901199
0.0, 200.91691223354246
0.0, 200.91691223354246
204.00979007613725, 4.11286362730641
0.0, 204.00979007613725
202.5758900954361, 1.4338999807011419
0.0, 202.5758900954361
201.5077169406171, 1.0681731548190214
25.327811622992296, 176.1799053176248
0.0, 25.327811622992296
0.0, 25.327811622992296
32.21506176992, 169.2926551706971
0.0, 32.21506176992
21.36930315028275, 10.845758619637248
0.0, 21.36930315028275
18.17283081198932, 3.196472338293429
0.0, 18.17283081198932
0.0, 18.17283081198932
216.38061804680075, 16.113738851745495
209.89294779717687, 6.487670249623875
73.2984226969479, 136.59452510022896
0.0, 73.2984226969479
16.01510154778954, 57.283321149158354
0.0, 16.01510154778954
0.0, 16.01510154778954
202.05930395141542, 7.833643845761458
0.0, 202.05930395141542
23.86872624206496, 178.19057770935046
0.0, 23.86872624206496
14.897687560366192, 8.971038681698767
0.0, 14.897687560366192
0.0, 14.897687560366192
216.32264242953218, 0.0579756172685677
200.01581769670383, 16.306824732828346
10.915248243398514, 189.10056945330533
0.0, 10.915248243398514
2.5247000656093723, 8.390548177789142
0.0, 2.5247000656093723
0.0, 2.5247000656093723
87.39722152775386, 112.61859616894998
0.0, 87.39722152775386
0.0, 87.39722152775386
215.84603578200839, 0.4766066475237949
208.03625709408473, 7.809778687923654
204.66187040235863, 3.3743866917261016
200.70946871031526, 3.9524016920433667
0.0, 200.70946871031526
30.242001624224073, 170.46746708609118
0.0, 30.242001624224073
27.396417779129543, 2.8455838450945308
0.0, 27.396417779129543
0.0, 27.396417779129543
204.1472037865468, 0.5146666158118194
185.92462275588449, 18.222581030662326
66.18247817318753, 119.74214458269695
0.0, 66.18247817318753
9.463000602581392, 56.719477570606145
0.0, 9.463000602581392
0.0, 9.463000602581392
136.3381089249436, 49.58651383094087
110.38465866711036, 25.953450257833254
0.0, 110.38465866711036
0.0, 110.38465866711036
120.06908253945548, 16.269026385488132
0.0, 120.06908253945548
107.64674459850775, 12.422337940947727
68.84713857671574, 38.799606021792016
0.0, 68.84713857671574
19.322857340203083, 49.52428123651265
0.0, 19.322857340203083
0.0, 19.322857340203083
104.04900633159615, 3.5977382669116054
0.0, 104.04900633159615
93.74427757787952, 10.304728753716631
0.0, 93.74427757787952
72.40892698875959, 21.335350589119926
0.0, 72.40892698875959
0.0, 72.40892698875959
200.37435003622394, 3.7728537503228665
62.87216946975923, 137.50218056646472
0.0, 62.87216946975923
58.89190385475246, 3.980265615006772
0.0, 58.89190385475246
0.0, 58.89190385475246
200.0211256818429, 0.35322435438104094
2.935921271475608, 197.08520441036728
0.0, 2.935921271475608
0.0, 2.935921271475608
163.23649568814673, 36.78462999369617
7.111462377625861, 156.12503331052088
0.0, 7.111462377625861
0.0, 7.111462377625861
71.6106443387804, 91.62585134936633
0.0, 71.6106443387804
2.1651948348814845, 69.44544950389891
0.0, 2.1651948348814845
0.0, 2.1651948348814845
205.748699283021, 2.2875578110637207
0.0, 205.748699283021
201.03200214512282, 4.716697137898194
0.0, 201.03200214512282
99.19196760153159, 101.84003454359123
46.62145503332764, 52.570512568203945
0.0, 46.62145503332764
8.363067959188832, 38.25838707413881
0.0, 8.363067959188832
0.0, 8.363067959188832
59.39242170884086, 39.79954589269073
0.0, 59.39242170884086
0.0, 59.39242170884086
215.80722204401422, 0.0388137379941611
206.63389834326736, 9.173323700746863
29.179750204268565, 177.4541481389988
0.0, 29.179750204268565
0.0, 29.179750204268565
203.80005811923482, 2.833840224032542
0.0, 203.80005811923482
55.11555568598121, 148.6845024332536
0.0, 55.11555568598121
0.0, 55.11555568598121
212.7930527741068, 3.014169269907427
143.51685933094546, 69.27619344316133
68.12109415239473, 75.39576517855073
0.0, 68.12109415239473
43.48706709980088, 24.63402705259385
13.741284430910268, 29.745782668890612
0.0, 13.741284430910268
9.910739404327886, 3.8305450265823815
0.0, 9.910739404327886
8.390592623901354, 1.5201467804265327
0.0, 8.390592623901354
0.0, 8.390592623901354
40.644795180211396, 2.8422719195894857
0.0, 40.644795180211396
23.869676494243713, 16.775118685967684
0.0, 23.869676494243713
0.0, 23.869676494243713
126.97705547883422, 16.53980385211125
0.0, 126.97705547883422
54.76307707416508, 72.21397840466913
0.0, 54.76307707416508
0.0, 54.76307707416508
202.22808313605574, 10.564969638051053
0.0, 202.22808313605574
200.82161852222126, 1.406464613834487
0.0, 200.82161852222126
136.3685147066258, 64.45310381559545
0.0, 136.3685147066258
0.0, 136.3685147066258
263.67310988667043, 18.41020639975153
203.72086686893422, 59.95224301773621
0.0, 203.72086686893422
10.934233192798905, 192.78663367613532
0.0, 10.934233192798905
0.0, 10.934233192798905
211.96878847292518, 51.70432141374525
128.51310192862158, 83.4556865443036
44.375654968337884, 84.1374469602837
0.0, 44.375654968337884
0.0, 44.375654968337884
119.64921126549109, 8.86389066313049
0.0, 119.64921126549109
98.42954355331327, 21.219667712177824
0.0, 98.42954355331327
24.42989966854803, 73.99964388476523
0.0, 24.42989966854803
0.0, 24.42989966854803
202.61742354305335, 9.351364929871835
0.0, 202.61742354305335
202.2057755741363, 0.4116479689170376
151.10194812307637, 51.10382745105994
0.0, 151.10194812307637
0.0, 151.10194812307637
182.74057831758256, 19.46519725655375
0.0, 182.74057831758256
44.057060271529224, 138.68351804605334
0.0, 44.057060271529224
0.0, 44.057060271529224
453.52525003928815, 197.14039451510223
329.2174485881333, 124.30780145115483
219.3385329848266, 109.87891560330672
207.28215335049416, 12.056379634332444
0.0, 207.28215335049416
203.42156250835896, 3.8605908421351955
20.928207259606967, 182.49335524875198
0.0, 20.928207259606967
0.0, 20.928207259606967
89.22880155908798, 114.19276094927098
0.0, 89.22880155908798
33.14384905247448, 56.084952506613504
0.0, 33.14384905247448
0.0, 33.14384905247448
211.67832673031253, 7.6602062545140654
106.66735101113764, 105.0109757191749
0.0, 106.66735101113764
98.74892513632255, 7.918425874815085
0.0, 98.74892513632255
0.0, 98.74892513632255
206.4205862456638, 5.2577404846487354
0.0, 206.4205862456638
201.79070949905014, 4.629876746613661
201.39263981812607, 0.3980696809240669
0.0, 201.39263981812607
200.320678657637, 1.0719611604890815
84.74126047794466, 115.57941817969233
0.0, 84.74126047794466
17.5434969483549, 67.19776352958976
0.0, 17.5434969483549
0.0, 17.5434969483549
101.62027190846501, 98.70040674917198
0.0, 101.62027190846501
93.42999645280084, 8.190275455664178
0.0, 93.42999645280084
12.231387813818342, 81.19860863898249
0.0, 12.231387813818342
0.0, 12.231387813818342
201.7095416917622, 0.08116780728792605
69.01358830585406, 132.69595338590815
0.0, 69.01358830585406
0.0, 69.01358830585406
200.19316657852045, 1.5163751132417644
115.07857111287609, 85.11459546564436
0.0, 115.07857111287609
106.17887328931928, 8.899697823556806
0.0, 106.17887328931928
0.0, 106.17887328931928
182.193444825013, 17.99972175350746
0.0, 182.193444825013
179.13559763695926, 3.057847188053728
0.0, 179.13559763695926
83.83024970323973, 95.30534793371953
5.737596583073809, 78.09265312016592
0.0, 5.737596583073809
0.0, 5.737596583073809
23.246336100436128, 60.583913602803605
0.0, 23.246336100436128
4.757367193058253, 18.488968907377874
0.0, 4.757367193058253
0.0, 4.757367193058253
276.1934982264724, 53.02395036166092
243.39333784249763, 32.80016038397477
221.9893412771985, 21.40399656529914
204.13193422747366, 17.857407049724827
200.45267803241293, 3.6792561950607308
93.5495775334306, 106.90310049898234
0.0, 93.5495775334306
24.601127595948974, 68.94844993748163
0.0, 24.601127595948974
0.0, 24.601127595948974
189.27934139875248, 11.173336633660455
0.0, 189.27934139875248
131.749613137098, 57.52972826165447
0.0, 131.749613137098
113.48475451141752, 18.26485862568049
0.0, 113.48475451141752
101.48615921255029, 11.99859529886723
0.0, 101.48615921255029
0.0, 101.48615921255029
203.92202150066362, 0.20991272681004602
73.72394966612775, 130.19807183453588
0.0, 73.72394966612775
0.0, 73.72394966612775
201.87181205451049, 2.050209446153133
0.0, 201.87181205451049
200.04550607114544, 1.826305983365046
0.0, 200.04550607114544
0.0, 200.04550607114544
207.03424903858865, 14.955092238609836
20.049232052786007, 186.98501698580264
0.0, 20.049232052786007
0.0, 20.049232052786007
206.66612671422848, 0.3681223243601721
0.0, 206.66612671422848
201.9614135350254, 4.7047131792030825
0.0, 201.9614135350254
200.5724012513135, 1.3890122837119065
0.0, 200.5724012513135
63.67242618913621, 136.89997506217728
0.0, 63.67242618913621
0.0, 63.67242618913621
237.24707384299472, 6.1462639995029065
218.2921508647254, 18.954922978269337
0.0, 218.2921508647254
205.96222634452758, 12.329924520197807
0.0, 205.96222634452758
72.79995093396381, 133.16227541056378
0.0, 72.79995093396381
3.690700422579844, 69.10925051138398
0.0, 3.690700422579844
0.0, 3.690700422579844
231.10143821637757, 6.14563562661715
211.46465215245513, 19.636786063922443
200.44182737663704, 11.022824775818094
0.0, 200.44182737663704
173.24732882391388, 27.19449855272316
0.0, 173.24732882391388
171.4502134633113, 1.7971153606025894
15.858229311998407, 155.5919841513129
0.0, 15.858229311998407
0.0, 15.858229311998407
29.533302409092833, 141.91691105421845
0.0, 29.533302409092833
0.0, 29.533302409092833
205.57828260832656, 5.88636954412857
0.0, 205.57828260832656
201.279233233795, 4.299049374531563
0.0, 201.279233233795
0.0, 201.279233233795
212.5345509636643, 18.566887252713286
48.55504542160602, 163.97950554205826
0.0, 48.55504542160602
47.97853796972877, 0.576507451877248
0.0, 47.97853796972877
0.0, 47.97853796972877
205.53969769306397, 6.994853270600316
0.0, 205.53969769306397
156.12209050682446, 49.41760718623951
0.0, 156.12209050682446
126.38157333444511, 29.740517172379356
0.0, 126.38157333444511
100.83420173429893, 25.547371600146178
0.0, 100.83420173429893
36.06035882042628, 64.77384291387264
0.0, 36.06035882042628
0.0, 36.06035882042628
249.8222262489895, 26.371271977482905
247.81510915201474, 2.0071170969747527
209.72010166363245, 38.095007488382294
208.06575628677098, 1.654345376861471
110.09409702998997, 97.97165925678101
36.34434533825087, 73.7497516917391
0.0, 36.34434533825087
30.90658568181812, 5.437759656432746
0.0, 30.90658568181812
0.0, 30.90658568181812
72.55970793384736, 37.534389096142604
0.0, 72.55970793384736
40.416717372565834, 32.14299056128153
0.0, 40.416717372565834
0.0, 40.416717372565834
204.32962619769197, 3.736130089079012
0.0, 204.32962619769197
0.0, 204.32962619769197
208.94147172263476, 0.7786299409976891
204.97902351570335, 3.9624482069314126
186.96900698064195, 18.010016535061396
0.0, 186.96900698064195
174.9818298807129, 11.987177099929056
35.93114546117527, 139.05068441953762
0.0, 35.93114546117527
0.0, 35.93114546117527
103.93803408731995, 71.04379579339295
0.0, 103.93803408731995
0.0, 103.93803408731995
201.53570236460982, 3.443321151093528
0.0, 201.53570236460982
0.0, 201.53570236460982
207.733464913355, 1.208006809279766
0.0, 207.733464913355
110.35193651985746, 97.38152839349753
19.276623373903305, 91.07531314595415
0.0, 19.276623373903305
0.0, 19.276623373903305
78.57326942897154, 31.778667090885918
0.0, 78.57326942897154
0.0, 78.57326942897154
246.7190243479163, 1.0960848040984388
133.784193556009, 112.9348307919073
0.0, 133.784193556009
122.02093532226964, 11.763258233739364
53.02205057048864, 68.99888475178099
0.0, 53.02205057048864
14.718989410085596, 38.30306116040304
0.0, 14.718989410085596
0.0, 14.718989410085596
60.583200851903186, 61.43773447036645
0.0, 60.583200851903186
0.0, 60.583200851903186
236.29021250817132, 10.42881183974498
203.2268118391424, 33.06340066902891
20.93128817293287, 182.29552366620953
0.0, 20.93128817293287
5.303194722607187, 15.628093450325682
0.0, 5.303194722607187
0.0, 5.303194722607187
202.05047855835636, 1.1763332807860536
0.0, 202.05047855835636
201.85511604697064, 0.19536251138572425
199.95955997158282, 1.895556075387816
0.0, 199.95955997158282
186.9436569021702, 13.015903069412616
63.50650626743431, 123.4371506347359
0.0, 63.50650626743431
27.555984599108484, 35.95052166832583
0.0, 27.555984599108484
12.631183753221633, 14.924800845886852
0.0, 12.631183753221633
6.69098102254448, 5.940202730677153
0.0, 6.69098102254448
0.0, 6.69098102254448
121.84878366603179, 65.09487323613841
0.0, 121.84878366603179
25.96265069335434, 95.88613297267744
0.0, 25.96265069335434
2.67416493925794, 23.2884857540964
0.0, 2.67416493925794
0.0, 2.67416493925794
201.72556397357536, 0.1295520733952742
20.51428032398767, 181.2112836495877
0.0, 20.51428032398767
0.0, 20.51428032398767
201.0864740817818, 0.6390898917935601
0.0, 201.0864740817818
200.4595294938727, 0.6269445879090938
0.0, 200.4595294938727
4.078050444523196, 196.3814790493495
0.0, 4.078050444523196
0.0, 4.078050444523196
213.10873128979355, 23.18148121837777
0.0, 213.10873128979355
201.17079888193084, 11.937932407862718
0.0, 201.17079888193084
56.95608273469433, 144.21471614723652
0.0, 56.95608273469433
10.700348632674558, 46.25573410201977
0.0, 10.700348632674558
0.0, 10.700348632674558
247.8982780525043, 1.9239481964851848
200.46203403168747, 47.436244020816844
0.0, 200.46203403168747
189.76338345353756, 10.698650578149909
133.81810556297577, 55.94527789056178
16.79248428352443, 117.02562127945134
0.0, 16.79248428352443
0.0, 16.79248428352443
104.84326211396633, 28.97484344900944
85.79783308827032, 19.04542902569601
0.0, 85.79783308827032
0.0, 85.79783308827032
96.67029708277093, 8.172965031195403
39.113662066624876, 57.55663501614605
0.0, 39.113662066624876
0.0, 39.113662066624876
88.3978574126927, 8.272439670078228
0.0, 88.3978574126927
5.122719351940957, 83.27513806075174
0.0, 5.122719351940957
0.3112947393415279, 4.8114246125994296
0.0, 0.3112947393415279
0.0, 0.3112947393415279
135.64575401658539, 54.11762943695217
0.0, 135.64575401658539
19.659910426746844, 115.98584358983854
0.0, 19.659910426746844
0.0, 19.659910426746844
227.04656642238135, 20.851711630122963
201.62163636212173, 25.424930060259612
0.0, 201.62163636212173
85.81576561894508, 115.80587074317665
0.0, 85.81576561894508
0.0, 85.81576561894508
220.58070669576227, 6.4658597266190725
206.11971938701177, 14.460987308750504
201.11798285084495, 5.001736536166817
0.0, 201.11798285084495
7.1484841822899945, 193.96949866855496
0.0, 7.1484841822899945
0.0, 7.1484841822899945
206.04322567937817, 0.07649370763360253
201.67149796960476, 4.37172770977341
0.0, 201.67149796960476
23.851529554921918, 177.81996841468285
0.0, 23.851529554921918
17.607808921335533, 6.243720633586385
0.0, 17.607808921335533
0.0, 17.607808921335533
205.33674318289744, 0.7064824964807315
204.02031674647858, 1.3164264364188512
131.48638945541552, 72.53392729106307
0.0, 131.48638945541552
79.69587939114005, 51.790510064275466
0.0, 79.69587939114005
57.252996540374255, 22.4428828507658
0.0, 57.252996540374255
0.0, 57.252996540374255
201.2233678466136, 2.7969488998649865
42.09082905483188, 159.1325387917817
0.0, 42.09082905483188
37.39139792697586, 4.699431127856016
0.0, 37.39139792697586
0.0, 37.39139792697586
143.2352585857034, 57.98810926091019
43.83605540160474, 99.39920318409867
0.0, 43.83605540160474
9.57264873883272, 34.26340666277202
0.0, 9.57264873883272
2.514674403339451, 7.057974335493269
0.0, 2.514674403339451
0.0, 2.514674403339451
142.93139500551766, 0.3038635801857481
0.0, 142.93139500551766
116.23083655884744, 26.700558446670215
0.0, 116.23083655884744
0.0, 116.23083655884744
204.48092761564308, 0.8558155672543535
200.2516713779841, 4.229256237658973
0.0, 200.2516713779841
85.45254347727385, 114.79912790071026
0.0, 85.45254347727385
52.814565889352245, 32.637977587921604
0.0, 52.814565889352245
30.226266895467614, 22.58829899388463
0.0, 30.226266895467614
0.0, 30.226266895467614
200.85948250121695, 3.6214451144261375
0.0, 200.85948250121695
0.0, 200.85948250121695
217.71610264294304, 2.8646040528192316
0.0, 217.71610264294304
208.66150206875267, 9.054600574190374
202.68595016908435, 5.975551899668318
22.77670234850909, 179.90924782057527
0.0, 22.77670234850909
0.0, 22.77670234850909
202.4027285561297, 0.2832216129546623
202.15484469119662, 0.24788386493307257
0.0, 202.15484469119662
0.0, 202.15484469119662
202.22377538214886, 0.17895317398082966
0.0, 202.22377538214886
151.4768091184803, 50.746966263668554
0.0, 151.4768091184803
10.941071652557286, 140.535737465923
0.0, 10.941071652557286
0.0, 10.941071652557286
203.6939318071466, 4.967570261606056
0.0, 203.6939318071466
83.454938629132, 120.23899317801461
0.0, 83.454938629132
12.523808637855629, 70.93112999127638
0.0, 12.523808637855629
0.0, 12.523808637855629
439.16853877459135, 14.356711264696798
301.1514912957968, 138.01704747879455
236.29573031655346, 64.85576097924334
0.0, 236.29573031655346
114.56182417327418, 121.73390614327928
0.0, 114.56182417327418
0.0, 114.56182417327418
251.89530111319004, 49.25619018260676
0.0, 251.89530111319004
227.6871227920455, 24.208178321144544
0.0, 227.6871227920455
184.97134387050437, 42.71577892154113
0.0, 184.97134387050437
0.0, 184.97134387050437
341.7756358548594, 97.39290291973197
201.46193875144297, 140.31369710341642
0.0, 201.46193875144297
201.42946572213017, 0.03247302931279705
100.15558558490753, 101.27388013722265
0.0, 100.15558558490753
0.0, 100.15558558490753
200.0246344432579, 1.4048312788722797
0.0, 200.0246344432579
38.60226469843113, 161.42236974482677
0.0, 38.60226469843113
0.0, 38.60226469843113
269.8390011922276, 71.93663466263177
0.0, 269.8390011922276
215.68391159192612, 54.155089600301494
202.81283706031007, 12.871074531616046
200.98238183180698, 1.830455228503098
154.1019320960151, 46.88044973579187
0.0, 154.1019320960151
138.91742090345204, 15.184511192563065
0.0, 138.91742090345204
22.595244300888726, 116.32217660256332
0.0, 22.595244300888726
0.0, 22.595244300888726
200.68101054882774, 0.30137128297923255
181.75943927403387, 18.921571274793877
0.0, 181.75943927403387
10.45920525492159, 171.30023401911228
0.0, 10.45920525492159
0.0, 10.45920525492159
181.950748627897, 18.73026192093073
32.746063925842186, 149.20468470205483
0.0, 32.746063925842186
0.0, 32.746063925842186
81.12633939457189, 100.82440923332513
14.00028425186721, 67.12605514270467
0.0, 14.00028425186721
12.949733209516557, 1.0505510423506532
0.0, 12.949733209516557
0.2047380086919861, 12.74499520082457
0.0, 0.2047380086919861
0.0, 0.2047380086919861
64.75741424367077, 16.36892515090112
0.0, 64.75741424367077
0.0, 64.75741424367077
201.3340080549383, 1.4788290053717787
0.0, 201.3340080549383
0.0, 201.3340080549383
209.5251609319049, 6.158750660021212
109.21968261439048, 100.30547831751443
0.0, 109.21968261439048
0.0, 109.21968261439048
207.45650695841812, 2.0686539734867893
167.25180810067758, 40.20469885774054
0.0, 167.25180810067758
27.87112921307376, 139.3806788876038
0.0, 27.87112921307376
27.050038488021514, 0.8210907250522474
0.0, 27.050038488021514
0.0, 27.050038488021514
201.65303454356663, 5.803472414851484
193.51625127213097, 8.136783271435661
42.530790748208815, 150.98546052392214
0.0, 42.530790748208815
0.0, 42.530790748208815
185.94490919124303, 7.571342080887945
0.0, 185.94490919124303
109.62807976713603, 76.316829424107
0.0, 109.62807976713603
39.55482595060111, 70.07325381653492
0.0, 39.55482595060111
0.0, 39.55482595060111
201.63042195231571, 0.022612591250918967
69.97580785264715, 131.65461409966855
0.0, 69.97580785264715
0.0, 69.97580785264715
88.92760461908497, 112.70281733323074
0.0, 88.92760461908497
60.28156019280902, 28.646044426275957
0.0, 60.28156019280902
0.0, 60.28156019280902
5969.961530922165, 1823.4902116553803
646.0366338297994, 5323.924897092366
303.31901083886476, 342.7176229909346
204.2769010089258, 99.04210982993897
0.0, 204.2769010089258
141.32613654324044, 62.95076446568535
0.0, 141.32613654324044
83.25703315667427, 58.06910338656617
0.0, 83.25703315667427
69.79937451683303, 13.457658639841242
0.0, 69.79937451683303
0.0, 69.79937451683303
209.1446252459572, 94.17438559290756
200.50883935139177, 8.63578589456543
0.0, 200.50883935139177
14.533093415711157, 185.9757459356806
0.0, 14.533093415711157
0.0, 14.533093415711157
207.95040981593704, 1.194215430020165
169.6336113641224, 38.316798451814634
0.0, 169.6336113641224
131.1936393938741, 38.43997197024831
31.621836822684905, 99.57180257118918
0.0, 31.621836822684905
14.852038203824389, 16.769798618860516
0.0, 14.852038203824389
0.0, 14.852038203824389
61.99263269997202, 69.20100669390207
0.0, 61.99263269997202
0.0, 61.99263269997202
205.4938019546257, 2.4566078613113405
0.0, 205.4938019546257
72.15169392991017, 133.34210802471551
9.730984928421014, 62.42070900148915
0.0, 9.730984928421014
0.0, 9.730984928421014
31.225415388912026, 40.92627854099814
0.0, 31.225415388912026
12.988270869232105, 18.237144519679923
0.0, 12.988270869232105
0.0, 12.988270869232105
415.8675321674855, 230.1691016623139
286.3626528914099, 129.5048792760756
200.74076409462984, 85.62188879678004
39.7710908113769, 160.96967328325294
0.0, 39.7710908113769
37.562745936855386, 2.208344874521515
0.24723673067011975, 37.31550920618527
0.0, 0.24723673067011975
0.0, 0.24723673067011975
33.61170687671257, 3.9510390601428185
0.0, 33.61170687671257
0.0, 33.61170687671257
49.860215597537575, 150.88054849709226
0.0, 49.860215597537575
33.25231287046099, 16.607902727076585
0.0, 33.25231287046099
11.929794846955097, 21.322518023505893
0.0, 11.929794846955097
0.0, 11.929794846955097
257.9578090695318, 28.404843821878103
195.96901559737412, 61.98879347215765
0.0, 195.96901559737412
102.9778258732069, 92.99118972416723
0.0, 102.9778258732069
86.45799000262858, 16.51983587057832
0.0, 86.45799000262858
0.0, 86.45799000262858
255.75349830549325, 2.2043107640385244
200.41885433285663, 55.33464397263663
0.0, 200.41885433285663
199.80413291705256, 0.6147214158040697
0.0, 199.80413291705256
101.97354183076334, 97.83059108628922
0.0, 101.97354183076334
62.849029037297335, 39.124512793466
0.0, 62.849029037297335
0.0, 62.849029037297335
206.08918072596177, 49.664317579531485
85.77764466245564, 120.31153606350613
0.0, 85.77764466245564
48.48619210312885, 37.29145255932679
0.0, 48.48619210312885
0.0, 48.48619210312885
203.98573789119547, 2.103442834766298
201.22758907517766, 2.7581488160178083
2.3951267070949176, 198.83246236808273
0.0, 2.3951267070949176
0.0, 2.3951267070949176
7.820149564559805, 193.40743951061785
0.0, 7.820149564559805
0.0, 7.820149564559805
203.37758963443218, 0.6081482567632861
0.0, 203.37758963443218
202.24016247531068, 1.1374271591215006
0.0, 202.24016247531068
22.116726447151787, 180.1234360281589
0.0, 22.116726447151787
0.0, 22.116726447151787
405.63468185572134, 10.232850311764139
274.8364272011517, 130.79825465456963
0.0, 274.8364272011517
251.6017449675541, 23.234682233597596
219.86569404712324, 31.73605092043087
216.78417934598414, 3.081514701139099
95.56596231084853, 121.21821703513561
0.0, 95.56596231084853
33.306912457294985, 62.25904985355355
0.0, 33.306912457294985
12.272922482171145, 21.033989975123838
0.0, 12.272922482171145
0.0, 12.272922482171145
207.14097960964537, 9.643199736338772
200.82029899698134, 6.3206806126640345
153.06472983244382, 47.75556916453752
0.0, 153.06472983244382
128.78760533291725, 24.277124499526565
0.0, 128.78760533291725
14.47691475923798, 114.31069057367927
0.0, 14.47691475923798
0.6760910358910253, 13.800823723346955
0.0, 0.6760910358910253
0.0, 0.6760910358910253
161.06572356912682, 39.75457542785452
0.0, 161.06572356912682
0.0, 161.06572356912682
206.8249725173382, 0.31600709230716006
203.0021895681736, 3.822782949164605
0.0, 203.0021895681736
59.57767097368418, 143.42451859448943
0.0, 59.57767097368418
7.736138559985274, 51.84153241369891
0.0, 7.736138559985274
0.0, 7.736138559985274
206.5800062710213, 0.24496624631692043
33.82940017134357, 172.75060609967773
0.0, 33.82940017134357
0.0, 33.82940017134357
203.2649794577469, 3.315026813274386
0.0, 203.2649794577469
148.24520999923274, 55.01976945851416
0.0, 148.24520999923274
98.77325017044102, 49.471959828791725
0.0, 98.77325017044102
47.55738649961817, 51.21586367082285
0.0, 47.55738649961817
0.0, 47.55738649961817
217.90192530632117, 1.9637687408020668
202.601279244912, 15.300646061409168
86.90244566642276, 115.69883357848924
0.0, 86.90244566642276
0.0, 86.90244566642276
200.41239555160632, 2.1888836933056837
113.13611469932614, 87.27628085228018
0.0, 113.13611469932614
86.34768557997968, 26.78842911934646
0.0, 86.34768557997968
0.0, 86.34768557997968
200.3526939247809, 0.05970162682541513
130.46183698388413, 69.89085694089678
0.0, 130.46183698388413
70.93622949959678, 59.52560748428735
0.0, 70.93622949959678
43.824060911649816, 27.11216858794696
0.0, 43.824060911649816
0.0, 43.824060911649816
131.11741134055984, 69.23528258422107
0.0, 131.11741134055984
76.89246246231049, 54.22494887824935
0.0, 76.89246246231049
55.81071842097324, 21.081744041337252
0.0, 55.81071842097324
9.962125123917827, 45.84859329705541
0.0, 9.962125123917827
0.0, 9.962125123917827
206.37086004695502, 11.531065259366159
78.84788773879279, 127.52297230816222
0.0, 78.84788773879279
35.80228304004533, 43.04560469874746
0.0, 35.80228304004533
0.0, 35.80228304004533
201.61468958368715, 4.756170463267864
0.0, 201.61468958368715
113.04053549671367, 88.57415408697348
0.0, 113.04053549671367
106.49708323341063, 6.543452263303038
0.0, 106.49708323341063
93.92859977639188, 12.568483457018758
0.0, 93.92859977639188
0.0, 93.92859977639188
245.15782290568544, 6.443922061868676
217.12168914135336, 28.036133764332078
199.04001872304113, 18.08167041831223
0.0, 199.04001872304113
0.0, 199.04001872304113
210.87151586411366, 6.250173277239696
207.05003128074492, 3.8214845833687434
15.800004756760998, 191.25002652398393
0.0, 15.800004756760998
0.0, 15.800004756760998
112.49526499484388, 94.55476628590104
0.0, 112.49526499484388
48.86158977405961, 63.63367522078427
0.0, 48.86158977405961
0.0, 48.86158977405961
209.74791396905053, 1.123601895063132
80.97953344674023, 128.76838052231028
0.0, 80.97953344674023
37.950858220096436, 43.0286752266438
0.0, 37.950858220096436
21.684485725116517, 16.26637249497992
0.0, 21.684485725116517
17.932659372990578, 3.7518263521259385
0.0, 17.932659372990578
0.0, 17.932659372990578
148.47000494559072, 61.27790902345981
60.6566806147503, 87.81332433084042
0.0, 60.6566806147503
0.0, 60.6566806147503
112.35348908369502, 36.11651586189569
0.0, 112.35348908369502
15.583218362071834, 96.77027072162319
0.0, 15.583218362071834
0.0, 15.583218362071834
237.6503007736773, 7.507522132008148
220.11613494878964, 17.53416582488765
156.91031935656966, 63.20581559221998
91.24722804565411, 65.66309131091555
0.0, 91.24722804565411
0.0, 91.24722804565411
98.70120113386014, 58.20911822270952
8.549802768168162, 90.15139836569197
0.0, 8.549802768168162
0.0, 8.549802768168162
89.71878374298406, 8.98241739087608
0.0, 89.71878374298406
0.0, 89.71878374298406
200.8705726719844, 19.24556227680523
0.0, 200.8705726719844
0.0, 200.8705726719844
223.36307064485771, 14.287230128819573
54.653949057298924, 168.7091215875588
0.0, 54.653949057298924
9.399227733147514, 45.25472132415141
0.0, 9.399227733147514
0.0, 9.399227733147514
218.76835419777578, 4.594716447081936
208.74659710250174, 10.02175709527404
91.09975632004266, 117.64684078245908
0.0, 91.09975632004266
25.634736510680344, 65.46501980936232
0.0, 25.634736510680344
0.0, 25.634736510680344
131.34713492291158, 77.39946217959016
8.99313127484024, 122.35400364807134
0.0, 8.99313127484024
0.0, 8.99313127484024
67.5678173921033, 63.779317530808285
0.0, 67.5678173921033
0.0, 67.5678173921033
214.5475976811035, 4.220756516672282
136.64654491928744, 77.90105276181606
0.0, 136.64654491928744
46.00585597932158, 90.64068893996586
0.0, 46.00585597932158
12.17009442731928, 33.8357615520023
0.0, 12.17009442731928
11.564482543967271, 0.6056118833520081
0.0, 11.564482543967271
0.0, 11.564482543967271
204.59031599775744, 9.957281683346054
201.46138209630922, 3.128933901448221
13.98509625496362, 187.4762858413456
0.0, 13.98509625496362
0.0, 13.98509625496362
32.36360068645707, 169.09778140985216
0.0, 32.36360068645707
0.0, 32.36360068645707
204.23451311301463, 0.35580288474281474
0.0, 204.23451311301463
200.39751289787966, 3.837000215134964
0.0, 200.39751289787966
0.0, 200.39751289787966
281.38786510856306, 124.24681674715828
211.63841628870847, 69.74944881985459
207.82218710023145, 3.816229188477024
99.64175437632987, 108.18043272390157
0.0, 99.64175437632987
80.92557928843544, 18.716175087894428
0.0, 80.92557928843544
0.0, 80.92557928843544
206.42944453821795, 1.3927425620134954
101.83916815185002, 104.59027638636793
0.0, 101.83916815185002
47.57252798461817, 54.26664016723185
0.0, 47.57252798461817
21.214303327305927, 26.358224657312242
0.0, 21.214303327305927
0.0, 21.214303327305927
203.6335331088792, 2.7959114293387586
0.0, 203.6335331088792
0.9705106637506141, 202.66302244512858
0.0, 0.9705106637506141
0.0, 0.9705106637506141
209.63208016691522, 2.006336121793254
95.51068340017947, 114.12139676673574
0.0, 95.51068340017947
48.85282024921004, 46.65786315096943
0.0, 48.85282024921004
0.0, 48.85282024921004
152.72623434911597, 56.905845817799246
0.0, 152.72623434911597
0.0, 152.72623434911597
253.55601394611827, 27.831851162444792
0.0, 253.55601394611827
213.4810457285809, 40.07496821753736
208.4499852037864, 5.031060524794498
121.97856233331727, 86.47142287046914
85.46930985957395, 36.50925247374332
10.479993626007206, 74.98931623356675
0.0, 10.479993626007206
0.0, 10.479993626007206
52.29817676782826, 33.171133091745695
0.0, 52.29817676782826
27.57419912485865, 24.723977642969608
0.0, 27.57419912485865
0.0, 27.57419912485865
112.6310931870786, 9.347469146238666
44.295144200639115, 68.33594898643949
0.0, 44.295144200639115
8.063825350779528, 36.23131884985959
0.0, 8.063825350779528
0.0, 8.063825350779528
64.68119990636485, 47.94989328071375
0.0, 64.68119990636485
45.10752034167667, 19.573679564688184
0.0, 45.10752034167667
17.82150261292446, 27.28601772875221
0.0, 17.82150261292446
12.826214412066761, 4.995288200857697
0.0, 12.826214412066761
2.480037683127767, 10.346176728938994
0.0, 2.480037683127767
0.0, 2.480037683127767
189.6278776093024, 18.82210759448401
0.0, 189.6278776093024
32.892596090588576, 156.73528151871383
0.0, 32.892596090588576
0.0, 32.892596090588576
208.8602446948263, 4.620801033754617
97.55505118861076, 111.30519350621553
0.0, 97.55505118861076
0.0, 97.55505118861076
207.4143806159953, 1.4458640788309935
45.3479689815703, 162.066411634425
0.0, 45.3479689815703
19.20742925622672, 26.140539725343576
0.0, 19.20742925622672
10.643089367487594, 8.564339888739127
0.0, 10.643089367487594
0.0, 10.643089367487594
205.71521107698086, 1.6991695390144343
0.0, 205.71521107698086
22.063429750211448, 183.65178132676942
0.0, 22.063429750211448
0.0, 22.063429750211448
970.0041413029643, 4999.957389619201
457.4605945384654, 512.5435467644988
241.72137902416898, 215.7392155142964
103.32921791655835, 138.39216110761063
0.0, 103.32921791655835
46.95813855492221, 56.37107936163614
0.0, 46.95813855492221
2.850582064644346, 44.10755649027786
0.0, 2.850582064644346
0.0, 2.850582064644346
237.4699665970114, 4.2514124271575895
222.86026462548574, 14.609701971525652
203.84943626847857, 19.01082835700717
29.02388282372086, 174.8255534447577
0.0, 29.02388282372086
0.0, 29.02388282372086
161.66018511743326, 42.18925115104531
11.08369384951287, 150.5764912679204
0.0, 11.08369384951287
3.9911691444772086, 7.092524705035661
0.0, 3.9911691444772086
2.991359532450245, 0.9998096120269637
0.0, 2.991359532450245
0.0, 2.991359532450245
39.7508032750705, 121.90938184236276
0.0, 39.7508032750705
0.0, 39.7508032750705
222.05750299592407, 0.8027616295616724
206.72771592940808, 15.32978706651599
204.17695750885784, 2.5507584205502383
92.19431210821641, 111.98264540064143
0.0, 92.19431210821641
0.0, 92.19431210821641
110.93793624670467, 93.23902126215317
0.0, 110.93793624670467
31.341721095214275, 79.59621515149038
0.0, 31.341721095214275
0.0, 31.341721095214275
204.2130357276509, 2.514680201757187
0.0, 204.2130357276509
201.8004994727248, 2.4125362549260956
49.06700099342426, 152.73349847930052
0.05691278263549213, 49.010088210788766
0.0, 0.05691278263549213
0.0, 0.05691278263549213
41.80580158278465, 7.261199410639605
0.0, 41.80580158278465
0.0, 41.80580158278465
201.2559922697874, 0.5445072029373819
105.4533766739115, 95.8026155958759
13.295219776780725, 92.15815689713078
0.0, 13.295219776780725
3.5391132214723964, 9.756106555308328
0.0, 3.5391132214723964
0.0, 3.5391132214723964
48.53654275585097, 56.91683391806054
3.1352267378509815, 45.40131601799999
0.0, 3.1352267378509815
0.0, 3.1352267378509815
7.291759925822135, 41.24478283002883
0.0, 7.291759925822135
0.0, 7.291759925822135
193.74811688454832, 7.507875385239089
80.6977361188562, 113.05038076569213
0.0, 80.6977361188562
53.28042328163882, 27.41731283721738
0.0, 53.28042328163882
52.192227508888614, 1.088195772750204
0.0, 52.192227508888614
1.1287483351954315, 51.06347917369318
0.0, 1.1287483351954315
0.0, 1.1287483351954315
152.52619935975184, 41.22191752479648
52.928877836193905, 99.59732152355794
0.0, 52.928877836193905
0.0, 52.928877836193905
142.06977732208756, 10.456422037664282
18.731549861055214, 123.33822746103235
0.0, 18.731549861055214
0.0, 18.731549861055214
24.208794391180657, 117.8609829309069
0.0, 24.208794391180657
0.0, 24.208794391180657
214.98247194225718, 7.075031053666891
202.9813768197711, 12.001095122486078
0.0, 202.9813768197711
63.90454774456593, 139.07682907520518
0.0, 63.90454774456593
49.680906783735395, 14.223640960830537
3.29470579500124, 46.38620098873415
0.0, 3.29470579500124
0.0, 3.29470579500124
24.442806010411918, 25.238100773323477
0.0, 24.442806010411918
18.983398452368313, 5.459407558043605
0.0, 18.983398452368313
0.0, 18.983398452368313
207.82006335879754, 7.162408583459637
205.00400515677396, 2.8160582020235836
15.011777391242472, 189.99222776553148
0.0, 15.011777391242472
0.0, 15.011777391242472
66.01901833469537, 138.98498682207858
0.0, 66.01901833469537
35.13694152557274, 30.882076809122637
0.0, 35.13694152557274
0.0, 35.13694152557274
207.3290653256528, 0.49099803314473434
201.23687887520825, 6.092186450444558
33.92552745244061, 167.31135142276764
0.0, 33.92552745244061
0.0, 33.92552745244061
122.08319573493749, 79.15368314027076
18.13661971208024, 103.94657602285724
0.0, 18.13661971208024
0.0, 18.13661971208024
117.26574489690645, 4.817450838031036
0.0, 117.26574489690645
86.86653803627273, 30.399206860633726
0.0, 86.86653803627273
1.0814904764089046, 85.78504755986383
0.0, 1.0814904764089046
0.0, 1.0814904764089046
201.83615289038744, 5.492912435265367
0.0, 201.83615289038744
14.81556004494909, 187.02059284543836
0.0, 14.81556004494909
0.0, 14.81556004494909
235.4591961960854, 2.010770400925992
208.26820080706042, 27.190995389024977
0.0, 208.26820080706042
114.02179264246568, 94.24640816459474
0.0, 114.02179264246568
64.99751947683278, 49.024273165632906
0.0, 64.99751947683278
43.16012885555096, 21.83739062128182
32.176550335412955, 10.983578520138003
0.0, 32.176550335412955
19.597127634709626, 12.57942270070333
0.0, 19.597127634709626
0.0, 19.597127634709626
40.180560122864485, 2.9795687326864737
0.0, 40.180560122864485
0.0, 40.180560122864485
231.85367495202945, 3.60552124405595
206.05411854835364, 25.79955640367581
0.0, 206.05411854835364
95.26482765814988, 110.78929089020376
0.0, 95.26482765814988
3.802386084857384, 91.4624415732925
0.0, 3.802386084857384
0.0, 3.802386084857384
213.91654376262966, 17.937131189399793
207.43893007829382, 6.477613684335836
138.08996522898005, 69.34896484931377
0.0, 138.08996522898005
0.0, 138.08996522898005
195.6916234083359, 11.747306669957936
0.0, 195.6916234083359
170.3174397287386, 25.37418367959728
0.0, 170.3174397287386
0.0, 170.3174397287386
210.83957427655432, 3.076969486075342
0.0, 210.83957427655432
207.97831137432908, 2.861262902225235
145.5256535669805, 62.45265780734857
0.0, 145.5256535669805
101.55832552266654, 43.96732804431397
0.0, 101.55832552266654
21.29675013017663, 80.2615753924899
0.0, 21.29675013017663
10.287971417180643, 11.008778712995987
0.0, 10.287971417180643
0.0, 10.287971417180643
202.46914939516324, 5.509161979165839
0.0, 202.46914939516324
176.0703542554432, 26.39879513972005
0.0, 176.0703542554432
35.856965445727226, 140.21338880971598
0.0, 35.856965445727226
0.0, 35.856965445727226
316.3708499597773, 141.0897445786881
218.9153605077316, 97.45548945204567
0.0, 218.9153605077316
15.552170285947438, 203.36319022178418
0.0, 15.552170285947438
0.0, 15.552170285947438
284.2496370013546, 32.12121295842269
131.26248551608455, 152.98715148527003
0.0, 131.26248551608455
0.0, 131.26248551608455
246.99589755423764, 37.25373944711694
44.45913217448156, 202.53676537975608
0.0, 44.45913217448156
0.0, 44.45913217448156
239.64237026944505, 7.353527284792591
0.0, 239.64237026944505
201.32990169091786, 38.31246857852719
0.0, 201.32990169091786
200.55253716600814, 0.7773645249097285
0.0, 200.55253716600814
7.3595924217928115, 193.1929447442153
0.0, 7.3595924217928115
0.0, 7.3595924217928115
570.2671224856575, 399.73701881730676
279.12337500644367, 291.14374747921386
259.70470555113445, 19.418669455309214
230.61067187891175, 29.094033672222707
223.23668633536943, 7.373985543542318
211.3288155863563, 11.907870749013114
204.99118399168265, 6.337631594673667
3.295895509437112, 201.69528848224553
0.0, 3.295895509437112
0.0, 3.295895509437112
203.63142279322216, 1.3597611984604896
27.667663039982802, 175.96375975323934
0.0, 27.667663039982802
0.0, 27.667663039982802
125.13119734631634, 78.50022544690582
17.537305311536, 107.59389203478034
0.0, 17.537305311536
7.60455680742015, 9.93274850411585
0.0, 7.60455680742015
0.0, 7.60455680742015
58.686373279208496, 66.44482406710785
0.0, 58.686373279208496
16.354973413580414, 42.331399865628086
0.0, 16.354973413580414
0.0, 16.354973413580414
211.03847121567983, 0.290344370676479
0.0, 211.03847121567983
203.64253479858525, 7.395936417094589
0.0, 203.64253479858525
74.27349504561428, 129.36903975297096
0.0, 74.27349504561428
0.0, 74.27349504561428
218.69064495699752, 4.5460413783719105
217.87628089790414, 0.8143640590933785
20.125463169325254, 197.75081772857888
0.0, 20.125463169325254
0.0, 20.125463169325254
210.6980384327583, 7.178242465145843
200.1723493611301, 10.525689071628193
0.0, 200.1723493611301
0.0, 200.1723493611301
210.3290655253542, 0.3689729074040997
174.24873379250255, 36.08033173285165
0.0, 174.24873379250255
0.0, 174.24873379250255
205.8417483791091, 4.48731714624509
175.0752197508464, 30.766528628262705
148.7115935600266, 26.363626190819787
0.0, 148.7115935600266
126.05523069629716, 22.656362863729456
0.0, 126.05523069629716
0.0, 126.05523069629716
166.30390692931527, 8.771312821531126
49.970241118298624, 116.33366581101666
0.0, 49.970241118298624
43.34309633473101, 6.627144783567616
0.0, 43.34309633473101
31.397345368475378, 11.94575096625563
0.0, 31.397345368475378
0.0, 31.397345368475378
109.0505575169141, 57.25334941240118
0.0, 109.0505575169141
0.0, 109.0505575169141
202.5719342301025, 3.2698141490066064
0.0, 202.5719342301025
201.8026340666723, 0.7693001634301879
0.0, 201.8026340666723
177.31526743245817, 24.48736663421414
38.745977292512094, 138.56929013994608
0.0, 38.745977292512094
0.0, 38.745977292512094
150.67991634117763, 26.63535109128054
0.0, 150.67991634117763
21.39184809153528, 129.28806824964235
0.0, 21.39184809153528
0.0, 21.39184809153528
218.45220069285332, 0.23844426414419218
203.69333681990287, 14.758863872950457
78.61615028719494, 125.07718653270793
0.0, 78.61615028719494
0.0, 78.61615028719494
133.13607484587456, 70.55726197402831
0.0, 133.13607484587456
84.889157313378, 48.24691753249655
0.0, 84.889157313378
64.95873174182141, 19.930425571556597
0.0, 64.95873174182141
28.145621016040533, 36.813110725780874
0.0, 28.145621016040533
0.0, 28.145621016040533
215.47562038955164, 2.976580303301688
182.56536781520154, 32.910252574350096
0.0, 182.56536781520154
0.0, 182.56536781520154
213.58074433790674, 1.8948760516449
200.7774694529651, 12.80327488494163
76.18840984118702, 124.58905961177808
0.0, 76.18840984118702
0.0, 76.18840984118702
127.98799072217592, 72.78947873078918
0.0, 127.98799072217592
0.0, 127.98799072217592
210.54152758398266, 3.03921675392408
0.6629350742291583, 209.8785925097535
0.0, 0.6629350742291583
0.0, 0.6629350742291583
14.44116550296527, 196.10036208101738
0.0, 14.44116550296527
0.0, 14.44116550296527
228.6936268488318, 1.9170450300799473
27.49187750056629, 201.2017493482655
0.0, 27.49187750056629
13.609093076911062, 13.882784423655227
0.0, 13.609093076911062
0.0, 13.609093076911062
217.11975013694874, 11.57387671188306
204.6800785607697, 12.439671576179052
202.26684307728257, 2.4132354834871137
91.44214793022233, 110.82469514706024
0.0, 91.44214793022233
23.531062442664574, 67.91108548755776
0.0, 23.531062442664574
0.0, 23.531062442664574
118.65735883309371, 83.60948424418886
0.0, 118.65735883309371
102.4922594549421, 16.16509937815161
0.0, 102.4922594549421
44.05899216595743, 58.43326728898467
0.0, 44.05899216595743
0.0, 44.05899216595743
204.27999111000716, 0.40008745076252694
201.73292813788441, 2.5470629721227454
123.30305044972489, 78.42987768815952
0.0, 123.30305044972489
40.5301782911217, 82.77287215860319
0.0, 40.5301782911217
39.67843350989306, 0.8517447812286392
0.0, 39.67843350989306
10.143008110818922, 29.53542539907414
0.0, 10.143008110818922
0.0, 10.143008110818922
201.46564543864102, 0.2672826992433954
9.712247965333528, 191.7533974733075
0.0, 9.712247965333528
0.0, 9.712247965333528
200.33470536756258, 1.1309400710784416
0.0, 200.33470536756258
0.0, 200.33470536756258
203.6350269060588, 0.6449642039483479
41.29835366038448, 162.33667324567432
0.0, 41.29835366038448
26.163736352696272, 15.134617307688206
0.0, 26.163736352696272
0.0, 26.163736352696272
200.18667543082688, 3.448351475231931
0.0, 200.18667543082688
98.92349307026561, 101.26318236056127
0.0, 98.92349307026561
78.2237329910345, 20.699760079231112
0.0, 78.2237329910345
42.66749314487988, 35.55623984615462
0.0, 42.66749314487988
0.0, 42.66749314487988
216.2435842056179, 0.8761659313308314
179.03483171907743, 37.208752486540476
24.850918988829413, 154.183912730248
0.0, 24.850918988829413
21.624083804614067, 3.2268351842153464
0.0, 21.624083804614067
12.785762283630051, 8.838321520984016
0.0, 12.785762283630051
0.0, 12.785762283630051
73.10572293776474, 105.92910878131269
0.0, 73.10572293776474
0.0, 73.10572293776474
205.02543270653476, 11.218151499083149
58.28255914567124, 146.74287356086353
0.0, 58.28255914567124
10.694622809149413, 47.58793633652183
0.0, 10.694622809149413
0.0, 10.694622809149413
202.3136508676103, 2.711781838924452
0.0, 202.3136508676103
0.0, 202.3136508676103
236.1329769750935, 23.571728576040954
210.14660582420356, 25.986371150889937
42.25248044893174, 167.8941253752718
0.0, 42.25248044893174
0.0, 42.25248044893174
201.57701120424184, 8.56959461996172
0.0, 201.57701120424184
80.40000456491599, 121.17700663932585
0.0, 80.40000456491599
0.0, 80.40000456491599
228.167494206445, 7.965482768648485
207.86405167936303, 20.303442527081984
27.879187457132126, 179.9848642222309
0.0, 27.879187457132126
0.0, 27.879187457132126
164.39153371990253, 43.472517959460504
0.0, 164.39153371990253
0.0, 164.39153371990253
216.54921674900436, 11.618277457440655
0.0, 216.54921674900436
213.4103120866715, 3.1389046623328625
200.3495599959445, 13.060752090726993
0.0, 200.3495599959445
160.0583602544822, 40.29119974146229
0.0, 160.0583602544822
45.85782610677317, 114.20053414770905
0.0, 45.85782610677317
15.995271605035633, 29.862554501737534
0.0, 15.995271605035633
0.0, 15.995271605035633
208.00577683260067, 5.404535254070822
207.49112287831176, 0.5146539542889172
0.0, 207.49112287831176
111.81284859955605, 95.67827427875571
0.0, 111.81284859955605
57.66178735425784, 54.15106124529821
0.0, 57.66178735425784
0.0, 57.66178735425784
207.83037067736836, 0.1754061552323094
107.27841844610928, 100.55195223125908
50.666515807453415, 56.61190263865587
0.0, 50.666515807453415
0.0, 50.666515807453415
76.79515545865468, 30.48326298745461
0.0, 76.79515545865468
27.28088340753122, 49.514272051123456
0.0, 27.28088340753122
0.0, 27.28088340753122
204.84083914713997, 2.9895315302283905
0.0, 204.84083914713997
201.2061821608925, 3.634656986247478
0.0, 201.2061821608925
162.083946721284, 39.12223543960849
0.0, 162.083946721284
68.85452934237534, 93.22941737890866
0.0, 68.85452934237534
44.14950598214355, 24.70502336023179
0.0, 44.14950598214355
0.0, 44.14950598214355
260.1169706443714, 19.00640436207226
216.67668070855063, 43.44028993582077
200.76091895533474, 15.91576175321589
0.0, 200.76091895533474
100.53199356150225, 100.2289253938325
32.63428840967233, 67.89770515182991
0.0, 32.63428840967233
8.527326666085683, 24.106961743586645
0.0, 8.527326666085683
0.0, 8.527326666085683
94.6057548738228, 5.926238687679444
0.0, 94.6057548738228
0.0, 94.6057548738228
210.2196685825545, 6.45701212599613
206.26799226403926, 3.95167631851524
203.57678932569561, 2.6912029383436504
201.19888324487385, 2.3779060808217594
58.381455976465006, 142.81742726840884
0.0, 58.381455976465006
10.642943862714576, 47.73851211375043
0.0, 10.642943862714576
0.0, 10.642943862714576
117.03189310931978, 84.16699013555407
5.708115977263053, 111.32377713205673
0.0, 5.708115977263053
0.0, 5.708115977263053
90.27676863539025, 26.755124473929527
0.0, 90.27676863539025
40.559586312769405, 49.71718232262085
0.0, 40.559586312769405
12.888903674150443, 27.670682638618963
0.0, 12.888903674150443
0.0, 12.888903674150443
201.21974730612362, 2.357042019571992
96.10320033113337, 105.11654697499026
0.0, 96.10320033113337
0.0, 96.10320033113337
200.38713217815382, 0.8326151279698024
0.0, 200.38713217815382
0.0, 200.38713217815382
204.8341749848619, 1.4338172791773616
200.33404482487427, 4.500130159987634
0.0, 200.33404482487427
2.0792133606944563, 198.2548314641798
0.0, 2.0792133606944563
0.0, 2.0792133606944563
201.01246501083097, 3.821709974030938
95.0211807130347, 105.99128429779627
0.0, 95.0211807130347
0.0, 95.0211807130347
158.49194203678488, 42.52052297404609
76.0509189005225, 82.44102313626237
0.0, 76.0509189005225
59.5489943531543, 16.501924547368205
0.0, 59.5489943531543
15.290396208132481, 44.25859814502182
0.0, 15.290396208132481
0.0, 15.290396208132481
86.45222894636882, 72.03971309041606
0.0, 86.45222894636882
19.110356800882204, 67.34187214548662
0.0, 19.110356800882204
0.0, 19.110356800882204
206.54540228368438, 3.6742662988701227
0.0, 206.54540228368438
202.69329710923512, 3.852105174449264
0.0, 202.69329710923512
128.49399421887435, 74.19930289036077
0.0, 128.49399421887435
79.19730551677169, 49.29668870210266
0.0, 79.19730551677169
0.0, 79.19730551677169
226.23926435956267, 33.87770628480874
209.3647961763791, 16.87446818318358
200.5985028841378, 8.7662932922413
0.0, 200.5985028841378
162.0449717861941, 38.553531097943676
0.0, 162.0449717861941
0.0, 162.0449717861941
202.51532051800802, 6.8494756583710625
0.0, 202.51532051800802
200.22054174790486, 2.2947787701031643
19.119484866452357, 181.1010568814525
0.0, 19.119484866452357
0.0, 19.119484866452357
47.02272721929455, 153.1978145286103
0.9704662187368689, 46.052261000557685
0.0, 0.9704662187368689
0.0, 0.9704662187368689
1.10482914745769, 45.91789807183686
0.0, 1.10482914745769
0.0, 1.10482914745769
219.53153020354122, 6.707734156021445
212.3587147920029, 7.172815411538323
101.50041931457963, 110.85829547742327
29.02796899205773, 72.4724503225219
0.0, 29.02796899205773
0.0, 29.02796899205773
32.28530307166544, 69.21511624291419
0.0, 32.28530307166544
0.0, 32.28530307166544
202.4816511227178, 9.877063669285093
47.37096260441617, 155.11068851830163
24.97901626299888, 22.39194634141729
0.0, 24.97901626299888
0.0, 24.97901626299888
35.81912589246125, 11.55183671195492
0.0, 35.81912589246125
34.59701155694382, 1.222114335517432
0.0, 34.59701155694382
0.0, 34.59701155694382
150.36450074464528, 52.11715037807252
0.0, 150.36450074464528
49.37935694115805, 100.98514380348723
0.0, 49.37935694115805
6.0176536056685315, 43.36170333548952
0.0, 6.0176536056685315
0.0, 6.0176536056685315
216.77767396614544, 2.7538562373957802
201.59234482350968, 15.185329142635766
200.18795272866376, 1.4043920948459174
8.673789773526531, 191.51416295513724
0.0, 8.673789773526531
0.0, 8.673789773526531
145.96342179692803, 54.22453093173573
89.45175817711359, 56.51166361981444
0.0, 89.45175817711359
52.55646096058692, 36.89529721652667
0.0, 52.55646096058692
0.0, 52.55646096058692
106.5859143327898, 39.37750746413823
0.0, 106.5859143327898
0.0, 106.5859143327898
200.96635002660747, 0.625994796902205
0.0, 200.96635002660747
0.0, 200.96635002660747
212.8819176239469, 3.8957563421985526
0.0, 212.8819176239469
212.7968594611961, 0.0850581627507836
143.2362626282454, 69.5605968329507
0.0, 143.2362626282454
115.30576414324494, 27.93049848500047
0.0, 115.30576414324494
70.80229134395908, 44.50347279928586
0.0, 70.80229134395908
0.0, 70.80229134395908
208.21691248253697, 4.579946978659137
103.48920963555302, 104.72770284698395
0.0, 103.48920963555302
0.0, 103.48920963555302
207.2282561073584, 0.9886563751785786
186.45736566458, 20.77089044277838
0.0, 186.45736566458
78.11321958077863, 108.34414608380138
0.0, 78.11321958077863
0.0, 78.11321958077863
206.78046689255277, 0.44778921480562417
0.0, 206.78046689255277
127.07279267967658, 79.70767421287619
7.220044885776245, 119.85274779390033
0.0, 7.220044885776245
0.0, 7.220044885776245
96.15792073205995, 30.914871947616632
0.0, 96.15792073205995
61.843168819054966, 34.31475191300498
0.0, 61.843168819054966
1.7650187763690992, 60.07815004268587
0.0, 1.7650187763690992
0.0, 1.7650187763690992
384.58746646646057, 185.67965601919695
274.4646916154941, 110.1227748509665
200.46192027332714, 74.00277134216694
0.0, 200.46192027332714
24.359923459926883, 176.10199681340026
0.0, 24.359923459926883
0.0, 24.359923459926883
215.38206966573625, 59.08262194975782
203.35014685296915, 12.031922812767107
141.22770169714263, 62.12244515582651
75.2098835781053, 66.01781811903733
0.0, 75.2098835781053
69.74470395880397, 5.465179619301338
0.0, 69.74470395880397
47.47842473299675, 22.266279225807217
0.0, 47.47842473299675
14.29820701676373, 33.18021771623302
0.0, 14.29820701676373
0.0, 14.29820701676373
101.22318211164483, 40.0045195854978
0.0, 101.22318211164483
23.45249444881064, 77.77068766283419
0.0, 23.45249444881064
0.0, 23.45249444881064
202.1450525885238, 1.2050942644453357
200.14310691100397, 2.001945677519842
48.68556120829882, 151.45754570270515
0.0, 48.68556120829882
0.0, 48.68556120829882
66.3337057762845, 133.80940113471945
0.0, 66.3337057762845
0.0, 66.3337057762845
200.72519174571636, 1.4198608428074522
0.0, 200.72519174571636
0.0, 200.72519174571636
208.41946004610713, 6.96260961962912
0.0, 208.41946004610713
201.14711471055983, 7.2723453355473
25.748337574080608, 175.39877713647923
0.0, 25.748337574080608
24.10487226098869, 1.6434653130919195
0.0, 24.10487226098869
0.0, 24.10487226098869
79.31410616252214, 121.8330085480377
0.0, 79.31410616252214
0.0, 79.31410616252214
320.6057030021508, 63.98176346430978
233.25732087223625, 87.34838212991454
204.10731203617388, 29.15000883606237
96.92682481378004, 107.18048722239384
0.0, 96.92682481378004
82.65501267230836, 14.271812141471685
0.0, 82.65501267230836
46.678080119950735, 35.976932552357624
0.0, 46.678080119950735
37.50957610258401, 9.168504017366722
0.0, 37.50957610258401
0.0, 37.50957610258401
202.95606044455388, 1.151251591619996
162.33925316653097, 40.61680727802292
0.0, 162.33925316653097
44.925557295660525, 117.41369587087044
0.0, 44.925557295660525
0.0, 44.925557295660525
200.10696601763394, 2.8490944269199474
0.0, 200.10696601763394
64.92286598406487, 135.18410003356905
0.0, 64.92286598406487
46.904393994040966, 18.018471990023905
0.0, 46.904393994040966
37.7612102096027, 9.143183784438264
0.0, 37.7612102096027
12.662433220568682, 25.09877698903402
0.0, 12.662433220568682
0.0, 12.662433220568682
226.032491092177, 7.2248297800592525
207.6675833397627, 18.364907752414297
59.50044474184621, 148.1671385979165
0.0, 59.50044474184621
19.738142920863964, 39.762301820982245
0.0, 19.738142920863964
0.0, 19.738142920863964
61.891734216665924, 145.77584912309678
0.0, 61.891734216665924
0.0, 61.891734216665924
212.67727316442839, 13.355217927748612
205.70521822816914, 6.972054936259241
127.89533415664665, 77.80988407152249
4.216445140900493, 123.67888901574617
0.0, 4.216445140900493
0.0, 4.216445140900493
6.880365148551419, 121.01496900809524
0.0, 6.880365148551419
0.0, 6.880365148551419
205.5604402602374, 0.1447779679317307
41.45071126912977, 164.10972899110766
0.0, 41.45071126912977
17.551696279141133, 23.899014989988636
0.0, 17.551696279141133
0.0, 17.551696279141133
128.94691180415487, 76.61352845608255
0.0, 128.94691180415487
50.50657846471071, 78.44033333944415
23.456135361362072, 27.050443103348634
0.0, 23.456135361362072
0.026447344972062983, 23.42968801639001
0.0, 0.026447344972062983
0.0, 0.026447344972062983
29.20290926044707, 21.303669204263638
0.0, 29.20290926044707
0.0, 29.20290926044707
209.49084238240928, 3.1864307820191016
154.67182678222719, 54.8190156001821
11.182095495948134, 143.48973128627904
0.0, 11.182095495948134
0.0, 11.182095495948134
58.24674575144887, 96.42508103077832
0.0, 58.24674575144887
52.82396656202085, 5.42277918942802
0.0, 52.82396656202085
0.0, 52.82396656202085
207.46526166682338, 2.025580715585903
0.0, 207.46526166682338
204.5191630226977, 2.9460986441256694
201.37880877495272, 3.1403542477449946
115.09227188420144, 86.28653689075128
0.0, 115.09227188420144
86.76471892234458, 28.327552961856853
60.8953857038735, 25.869333218471084
0.0, 60.8953857038735
0.0, 60.8953857038735
79.0935383501368, 7.671180572207788
0.0, 79.0935383501368
17.527836599830575, 61.56570175030622
0.0, 17.527836599830575
0.0, 17.527836599830575
200.25852153731142, 1.1202872376412927
0.0, 200.25852153731142
160.9386642720379, 39.31985726527353
0.0, 160.9386642720379
87.79085576621213, 73.14780850582576
0.0, 87.79085576621213
76.18557571293267, 11.605280053279458
0.0, 76.18557571293267
49.353826932344724, 26.83174878058795
0.0, 49.353826932344724
21.78602198938368, 27.567804942961043
0.0, 21.78602198938368
0.0, 21.78602198938368
204.26054289751625, 0.2586201251814657
167.86641571691237, 36.394127180603874
0.0, 167.86641571691237
159.6888233015437, 8.177592415368679
15.509349288996836, 144.17947401254685
0.0, 15.509349288996836
0.0, 15.509349288996836
69.36480502455213, 90.32401827699157
0.0, 69.36480502455213
38.15909019956994, 31.205714824982188
0.0, 38.15909019956994
34.54459281188575, 3.614497387684189
0.0, 34.54459281188575
0.0, 34.54459281188575
202.7881084667181, 1.4724344307981312
201.03873794943442, 1.749370517283694
97.85702110862772, 103.1817168408067
0.0, 97.85702110862772
94.50807064056801, 3.348950468059712
0.0, 94.50807064056801
0.0, 94.50807064056801
150.0712750015046, 50.96746294792982
0.0, 150.0712750015046
117.24818743106499, 32.82308757043961
0.0, 117.24818743106499
0.0, 117.24818743106499
202.64466359208197, 0.14344487463614541
165.6376915797603, 37.00697201232168
0.0, 165.6376915797603
144.2845336804459, 21.353157899314397
0.0, 144.2845336804459
38.536083169292205, 105.74845051115369
0.0, 38.536083169292205
35.50225511180193, 3.0338280574902754
0.0, 35.50225511180193
0.0, 35.50225511180193
201.22325729511027, 1.4214062969716963
93.65286501752401, 107.57039227758627
0.0, 93.65286501752401
0.0, 93.65286501752401
201.1601767544612, 0.0630805406490822
0.0, 201.1601767544612
200.58024414369484, 0.5799326107663489
18.314839474350865, 182.26540466934398
0.0, 18.314839474350865
7.521368954605928, 10.793470519744936
0.0, 7.521368954605928
0.0, 7.521368954605928
99.8845800285411, 100.69566411515375
0.0, 99.8845800285411
9.224551477688069, 90.66002855085303
0.0, 9.224551477688069
0.0, 9.224551477688069
298.39710539953535, 22.20859760261544
237.03229206230634, 61.36481333722901
176.77379112496004, 60.2585009373463
0.0, 176.77379112496004
150.23939300120287, 26.53439812375717
0.0, 150.23939300120287
139.38398974034942, 10.85540326085345
0.0, 139.38398974034942
70.52495050303689, 68.85903923731253
0.0, 70.52495050303689
43.12049854698386, 27.40445195605303
0.0, 43.12049854698386
26.67783043199859, 16.44266811498527
12.280751804046751, 14.397078627951839
0.0, 12.280751804046751
0.0, 12.280751804046751
21.64686814984991, 5.030962282148678
0.0, 21.64686814984991
0.0, 21.64686814984991
224.33316322266103, 12.699128839645311
207.69299803494133, 16.640165187719703
150.89708340679124, 56.795914628150086
0.0, 150.89708340679124
145.73718773497558, 5.1598956718156614
0.0, 145.73718773497558
0.0, 145.73718773497558
205.30872754982704, 2.3842704851142855
0.0, 205.30872754982704
204.9353997334326, 0.37332781639443624
4.228891402956695, 200.7065083304759
0.0, 4.228891402956695
0.0, 4.228891402956695
157.00481417810357, 47.93058555532903
0.0, 157.00481417810357
0.0, 157.00481417810357
211.64622905664908, 12.686934166011952
209.00821140407365, 2.638017652575428
132.45967799441286, 76.54853340966079
0.0, 132.45967799441286
57.567220883478974, 74.89245711093389
0.0, 57.567220883478974
0.0, 57.567220883478974
207.27556993443804, 1.7326414696356096
184.56845154182318, 22.70711839261486
0.0, 184.56845154182318
37.671156454286354, 146.89729508753683
0.0, 37.671156454286354
33.89368734136888, 3.7774691129174727
0.0, 33.89368734136888
16.2663507190836, 17.62733662228528
0.0, 16.2663507190836
0.0, 16.2663507190836
203.69314224766927, 3.582427686768767
49.74581622537245, 153.9473260222968
0.0, 49.74581622537245
0.0, 49.74581622537245
143.7652806156876, 59.92786163198167
0.0, 143.7652806156876
0.0, 143.7652806156876
211.46534588856522, 0.1808831680838523
208.4658130956179, 2.9995327929473206
202.53724548308892, 5.92856761252898
0.0, 202.53724548308892
0.0, 202.53724548308892
207.34288860463113, 1.122924490986776
0.0, 207.34288860463113
200.89058142084036, 6.452307183790765
5.883267344005743, 195.00731407683463
0.0, 5.883267344005743
0.0, 5.883267344005743
44.063062137681975, 156.82751928315838
0.0, 44.063062137681975
33.856247253994965, 10.20681488368701
0.0, 33.856247253994965
0.0, 33.856247253994965
211.24865894086997, 0.21668694769525132
200.5100337600791, 10.738625180790876
0.0, 200.5100337600791
107.92626850346083, 92.58376525661826
62.71269076207553, 45.2135777413853
0.0, 62.71269076207553
0.0, 62.71269076207553
83.02774185346878, 24.89852664999205
0.0, 83.02774185346878
74.62091802865665, 8.406823824812136
0.0, 74.62091802865665
4.9293052567205535, 69.6916127719361
0.0, 4.9293052567205535
0.0, 4.9293052567205535
209.81721321495425, 1.4314457259157223
0.0, 209.81721321495425
201.18027783285171, 8.636935382102536
0.0, 201.18027783285171
136.87266409705518, 64.30761373579654
0.0, 136.87266409705518
130.10860138847124, 6.7640627085839355
0.0, 130.10860138847124
13.715422374871777, 116.39317901359946
0.0, 13.715422374871777
7.726813732295868, 5.988608642575908
0.0, 7.726813732295868
0.0, 7.726813732295868
296.6105413609737, 1.7865640385616643
273.0465556974588, 23.56398566351487
248.32012624076893, 24.726429456689885
206.59503855493065, 41.725087685838275
202.32542812202973, 4.269610432900919
100.59121250924423, 101.7342156127855
0.0, 100.59121250924423
0.0, 100.59121250924423
201.52480175796944, 0.8006263640602924
9.281073346054939, 192.2437284119145
0.0, 9.281073346054939
0.0, 9.281073346054939
35.439940916105236, 166.0848608418642
0.0, 35.439940916105236
10.287374178267541, 25.152566737837695
0.0, 10.287374178267541
0.0, 10.287374178267541
202.37651930684999, 4.218519248080668
170.65252701357252, 31.723992293277462
0.0, 170.65252701357252
16.129135402642845, 154.52339161092968
0.0, 16.129135402642845
0.0, 16.129135402642845
188.53268019646876, 13.843839110381225
0.0, 188.53268019646876
155.8728877208276, 32.659792475641154
0.0, 155.8728877208276
7.23679013707507, 148.63609758375253
0.0, 7.23679013707507
0.0, 7.23679013707507
237.6122550285759, 10.707871212193027
0.0, 237.6122550285759
226.55415584561806, 11.058099182957847
55.14075070336818, 171.41340514224987
0.0, 55.14075070336818
28.15296591624817, 26.987784787120006
0.0, 28.15296591624817
0.0, 28.15296591624817
100.39197133400441, 126.16218451161365
0.0, 100.39197133400441
0.0, 100.39197133400441
271.0758563646235, 1.970699332835295
115.27899781971809, 155.79685854490543
0.0, 115.27899781971809
75.622037171062, 39.65696064865608
0.0, 75.622037171062
4.521326370398868, 71.10071080066314
0.0, 4.521326370398868
0.0, 4.521326370398868
242.68018934529266, 28.39566701933086
212.30592561567798, 30.374263729614682
0.0, 212.30592561567798
0.0, 212.30592561567798
238.75922236920584, 3.9209669760868167
201.34659323009262, 37.41262913911322
132.20563928829978, 69.14095394179284
13.538906466859709, 118.66673282144006
0.0, 13.538906466859709
0.0, 13.538906466859709
108.69942474073996, 23.50621454755982
0.0, 108.69942474073996
44.36428548340584, 64.33513925733412
0.0, 44.36428548340584
0.0, 44.36428548340584
200.29321982113458, 1.0533734089580378
0.0, 200.29321982113458
198.8303833929928, 1.4628364281417987
0.0, 198.8303833929928
52.655945548686844, 146.17443784430594
0.0, 52.655945548686844
46.664508586928655, 5.99143696175819
0.0, 46.664508586928655
0.0, 46.664508586928655
216.9578786035999, 21.801343765605935
205.62826016472007, 11.329618438879834
158.89614785466895, 46.73211231005112
0.0, 158.89614785466895
0.0, 158.89614785466895
203.1853162296181, 2.4429439351019653
201.04824071890144, 2.13707551071667
173.53666970792855, 27.511571010972887
0.0, 173.53666970792855
18.944975977928095, 154.59169373000046
0.0, 18.944975977928095
14.347627218174052, 4.597348759754043
0.0, 14.347627218174052
12.519529180342861, 1.8280980378311913
0.0, 12.519529180342861
0.0, 12.519529180342861
174.5797972939609, 26.468443424940546
0.0, 174.5797972939609
0.0, 174.5797972939609
202.80429759413585, 0.38101863548226333
0.0, 202.80429759413585
0.0, 202.80429759413585
214.41739363639758, 2.5404849672023317
206.15542709674656, 8.261966539651013
127.25284959171734, 78.90257750502923
0.0, 127.25284959171734
0.0, 127.25284959171734
205.289533946786, 0.8658931499605558
0.0, 205.289533946786
204.5143212529278, 0.775212693858208
26.476645803967813, 178.03767544896
0.0, 26.476645803967813
0.0, 26.476645803967813
200.65092816045097, 3.8633930924768265
43.15517809629813, 157.49575006415284
0.0, 43.15517809629813
0.0, 43.15517809629813
123.14759507303496, 77.50333308741601
0.0, 123.14759507303496
17.818134363696043, 105.32946070933892
0.0, 17.818134363696043
9.233918693749649, 8.584215669946394
0.0, 9.233918693749649
0.0, 9.233918693749649
212.01587008711778, 2.4015235492798013
30.242152735184355, 181.7737173519334
0.0, 30.242152735184355
0.0, 30.242152735184355
184.99290675460304, 27.022963332514735
0.0, 184.99290675460304
130.28184215875365, 54.71106459584939
0.0, 130.28184215875365
103.31054056331921, 26.97130159543444
0.0, 103.31054056331921
0.0, 103.31054056331921
286.8589061625153, 9.75163519845836
280.8547933290036, 6.004112833511726
230.53446528673658, 50.32032804226702
121.17699858688638, 109.35746669985019
68.94878677396152, 52.22821181292487
27.70807561208585, 41.240711161875666
0.0, 27.70807561208585
0.0, 27.70807561208585
59.359858630467905, 9.588928143493611
0.0, 59.359858630467905
15.789479388795325, 43.57037924167258
0.0, 15.789479388795325
5.815676300612104, 9.973803088183221
0.0, 5.815676300612104
0.0, 5.815676300612104
108.48883834566085, 12.688160241225532
0.0, 108.48883834566085
0.0, 108.48883834566085
202.79844905323066, 27.73601623350592
200.90397675441275, 1.8944722988179024
0.0, 200.90397675441275
152.1356905826335, 48.768286171779266
0.0, 152.1356905826335
97.2182050670618, 54.917485515571684
0.0, 97.2182050670618
0.0, 97.2182050670618
201.19771495755958, 1.600734095671072
0.0, 201.19771495755958
200.2798140794153, 0.9179008781442803
0.0, 200.2798140794153
107.80335162609586, 92.47646245331944
16.099375281428923, 91.70397634466694
0.0, 16.099375281428923
0.0, 16.099375281428923
22.998882548263424, 84.80446907783244
0.0, 22.998882548263424
0.0, 22.998882548263424
278.00652101045995, 2.84827231854365
0.0, 278.00652101045995
247.77920506259946, 30.22731594786049
0.0, 247.77920506259946
230.26011666343206, 17.5190883991674
201.85700542343912, 28.40311123999294
71.05044210737776, 130.80656331606136
0.0, 71.05044210737776
0.0, 71.05044210737776
200.70300302541858, 1.1540023980205376
0.0, 200.70300302541858
0.0, 200.70300302541858
225.62368064525714, 4.636436018174919
221.5592710056075, 4.064409639649625
201.62330985316927, 19.93596115243824
0.0, 201.62330985316927
201.49355554656205, 0.1297543066072251
178.61177774424831, 22.881777802313735
0.0, 178.61177774424831
1.0202860533830138, 177.5914916908653
0.0, 1.0202860533830138
0.0, 1.0202860533830138
201.183386431411, 0.31016911515104084
0.0, 201.183386431411
0.0, 201.183386431411
207.50039460738338, 14.058876398224129
26.772599829789048, 180.72779477759434
0.0, 26.772599829789048
7.234157881835065, 19.538441947953984
0.0, 7.234157881835065
0.0, 7.234157881835065
154.6523827435472, 52.84801186383618
0.0, 154.6523827435472
29.771984332238542, 124.88039841130866
0.0, 29.771984332238542
27.73097733735398, 2.0410069948845617
0.0, 27.73097733735398
27.28878728813238, 0.4421900492216011
0.0, 27.28878728813238
0.0, 27.28878728813238
224.71051746410845, 0.9131631811486898
192.16165094493292, 32.54886651917553
0.0, 192.16165094493292
2.8921749874837035, 189.2694759574492
0.0, 2.8921749874837035
0.0, 2.8921749874837035
224.51134912081793, 0.19916834329052335
122.79485827204725, 101.71649084877068
0.0, 122.79485827204725
40.56048262038852, 82.23437565165872
0.0, 40.56048262038852
26.08302311668813, 14.477459503700391
0.0, 26.08302311668813
0.0, 26.08302311668813
216.0830222087626, 8.428326912055326
56.24794510788368, 159.83507710087892
0.0, 56.24794510788368
0.0, 56.24794510788368
79.53723601710522, 136.54578619165738
0.0, 79.53723601710522
22.138434827357624, 57.39880118974759
0.0, 22.138434827357624
0.19633747824226458, 21.94209734911536
0.0, 0.19633747824226458
0.0, 0.19633747824226458
283.0354067069879, 3.8234994555274397
254.42046352326423, 28.614943183723653
206.10991852101543, 48.3105450022488
67.74931935562294, 138.3605991653925
0.0, 67.74931935562294
0.0, 67.74931935562294
205.78899416869584, 0.3209243523195937
69.58097471230049, 136.20801945639533
0.0, 69.58097471230049
0.0, 69.58097471230049
189.5193615767471, 16.26963259194875
0.0, 189.5193615767471
0.0, 189.5193615767471
217.14920548937513, 37.2712580338891
13.45406753873331, 203.69513795064182
0.0, 13.45406753873331
0.0, 13.45406753873331
209.2563194089236, 7.892886080451547
76.27848234181073, 132.97783706711286
0.0, 76.27848234181073
0.0, 76.27848234181073
147.7031315490912, 61.55318785983238
0.0, 147.7031315490912
2.416662564611428, 145.2864689844798
0.0, 2.416662564611428
0.0, 2.416662564611428
282.9725682930785, 0.0628384139093896
234.18958773536943, 48.78298055770907
201.24963006215583, 32.9399576732136
0.0, 201.24963006215583
102.74276637566352, 98.50686368649231
45.39550684720797, 57.34725952845555
0.0, 45.39550684720797
0.0, 45.39550684720797
85.54592286201775, 17.196843513645774
0.0, 85.54592286201775
38.89931266794024, 46.64661019407751
0.0, 38.89931266794024
12.89866753127106, 26.000645136669178
0.0, 12.89866753127106
0.0, 12.89866753127106
218.59026863883167, 15.599319096537755
210.56426842306948, 8.026000215762195
0.0, 210.56426842306948
202.22530024391764, 8.338968179151834
166.88590353252616, 35.33939671139149
0.0, 166.88590353252616
32.020015513364605, 134.86588801916156
0.0, 32.020015513364605
0.0, 32.020015513364605
201.43721662014133, 0.7880836237763162
171.9954616816029, 29.441754938538423
0.0, 171.9954616816029
69.11917023566984, 102.87629144593306
0.0, 69.11917023566984
31.45172337967058, 37.66744685599926
0.0, 31.45172337967058
0.0, 31.45172337967058
200.3534916064441, 1.083725013697233
0.0, 200.3534916064441
26.12583369383555, 174.22765791260855
0.0, 26.12583369383555
0.36977707558310613, 25.756056618252444
0.0, 0.36977707558310613
0.0, 0.36977707558310613
211.52220772339805, 7.06806091543362
64.71995596651168, 146.8022517568864
0.0, 64.71995596651168
27.870328978531678, 36.84962698798
0.0, 27.870328978531678
19.10177138556452, 8.76855759296716
0.0, 19.10177138556452
6.267936126429027, 12.83383525913549
0.0, 6.267936126429027
0.0, 6.267936126429027
204.09556820134085, 7.426639522057201
172.4009411943218, 31.69462700701905
0.0, 172.4009411943218
0.0, 172.4009411943218
200.4399162964, 3.6556519049408394
0.0, 200.4399162964
200.3056540183657, 0.13426227803432766
0.0, 200.3056540183657
0.0, 200.3056540183657
263.06377411854004, 19.908794174538457
212.9703540245067, 50.09342009403335
0.0, 212.9703540245067
204.8104613320011, 8.159892692505593
0.0, 204.8104613320011
98.0606525660925, 106.7498087659086
0.0, 98.0606525660925
25.29907085564169, 72.76158171045081
0.0, 25.29907085564169
0.0, 25.29907085564169
259.0284922285855, 4.035281889954547
207.26027295755944, 51.768219271026055
95.96741027398346, 111.29286268357598
0.0, 95.96741027398346
1.1579425713134464, 94.80946770267002
0.0, 1.1579425713134464
0.0, 1.1579425713134464
203.8770940112367, 3.3831789463227437
132.985529076741, 70.8915649344957
0.0, 132.985529076741
49.20588255962778, 83.7796465171132
0.0, 49.20588255962778
0.0, 49.20588255962778
200.61560025389736, 3.2614937573393377
0.0, 200.61560025389736
2.7039685445362522, 197.9116317093611
0.0, 2.7039685445362522
0.0, 2.7039685445362522
246.28715969328687, 12.741332535298625
200.79789853293252, 45.489261160354346
0.0, 200.79789853293252
73.33573817434296, 127.46216035858956
0.0, 73.33573817434296
69.51564052771556, 3.820097646627403
0.0, 69.51564052771556
54.82733300549446, 14.688307522221102
0.0, 54.82733300549446
50.693146043590964, 4.134186961903495
0.0, 50.693146043590964
0.0, 50.693146043590964
204.7348779562537, 41.552281737033155
0.0, 204.7348779562537
204.5464705401838, 0.18840741606990719
67.01691662582314, 137.52955391436066
13.076803749091564, 53.940112876731575
0.0, 13.076803749091564
0.0, 13.076803749091564
47.358113463388975, 19.658803162434168
0.0, 47.358113463388975
3.5384407740585933, 43.81967268933038
0.0, 3.5384407740585933
0.0, 3.5384407740585933
151.085302064544, 53.461168475639795
11.639152673975868, 139.44614939056814
0.0, 11.639152673975868
0.0, 11.639152673975868
125.79774491367037, 25.28755715087364
0.0, 125.79774491367037
73.64013977962539, 52.157605134044985
0.0, 73.64013977962539
65.29200152903383, 8.34813825059156
0.0, 65.29200152903383
0.0, 65.29200152903383
