node_generations, branch_length
5624.51493625605, 65518.27508056267
1196.6357763184171, 4427.879159937633
124.46268141121206, 1072.173094907205
7.454387762843786, 117.00829364836828
0.0, 7.454387762843786
0.0, 7.454387762843786
52.72411037283204, 71.73857103838003
0.0, 52.72411037283204
0.0, 52.72411037283204
303.4324979229737, 893.2032783954435
260.60122915332005, 42.83126876965366
226.68035575213287, 33.92087340118718
202.22258549172727, 24.457770260405596
0.0, 202.22258549172727
200.8994112219412, 1.3231742697860795
0.0, 200.8994112219412
74.26156654912582, 126.63784467281538
17.981666032420765, 56.279900516705055
0.0, 17.981666032420765
14.734700404111463, 3.2469656283093027
0.0, 14.734700404111463
0.0, 14.734700404111463
64.20900279161131, 10.052563757514505
0.0, 64.20900279161131
0.0, 64.20900279161131
215.5012198051174, 11.179135947015482
191.02323903190282, 24.47798077321457
25.712578555683834, 165.31066047621897
0.0, 25.712578555683834
11.868883883574492, 13.843694672109342
0.0, 11.868883883574492
7.078735239889631, 4.790148643684861
0.0, 7.078735239889631
0.0, 7.078735239889631
131.28413600209123, 59.73910302981159
55.60479004854392, 75.67934595354731
0.0, 55.60479004854392
0.0, 55.60479004854392
94.95056443877259, 36.33357156331864
0.0, 94.95056443877259
0.0, 94.95056443877259
215.3502149042489, 0.15100490086848595
120.98635796883048, 94.36385693541843
0.0, 120.98635796883048
0.0, 120.98635796883048
200.1588762678763, 15.191338636372592
66.0276110805832, 134.1312651872931
0.0, 66.0276110805832
0.0, 66.0276110805832
200.0760259278068, 0.08285034006951264
92.9408376415256, 107.13518828628119
0.0, 92.9408376415256
0.0, 92.9408376415256
197.94509920154212, 2.1309267262646756
0.0, 197.94509920154212
5.760055486853204, 192.1850437146889
0.0, 5.760055486853204
0.4647216073966338, 5.295333879456571
0.0, 0.4647216073966338
0.0, 0.4647216073966338
245.3837784321483, 15.217450721171758
0.0, 245.3837784321483
224.54947392436353, 20.834304507784765
208.10609685607403, 16.443377068289493
0.0, 208.10609685607403
206.40426811435486, 1.7018287417191686
0.0, 206.40426811435486
164.30219912205848, 42.10206899229638
15.282212200496314, 149.01998692156218
0.0, 15.282212200496314
0.0, 15.282212200496314
135.58935943277658, 28.712839689281907
0.0, 135.58935943277658
80.83842379896106, 54.750935633815516
0.0, 80.83842379896106
0.0, 80.83842379896106
218.9527400343305, 5.596733890033022
211.43479880143167, 7.517941232898835
207.7915668905803, 3.6432319108513695
0.0, 207.7915668905803
38.22649323408617, 169.56507365649412
0.0, 38.22649323408617
7.497011205934593, 30.72948202815158
0.0, 7.497011205934593
4.940846953355453, 2.5561642525791397
0.0, 4.940846953355453
0.0, 4.940846953355453
210.85291966464135, 0.5818791367903202
201.13031941718464, 9.722600247456711
195.87668073024776, 5.253638686936881
35.074287679685895, 160.80239305056188
0.0, 35.074287679685895
19.081424738155263, 15.992862941530632
0.0, 19.081424738155263
0.0, 19.081424738155263
177.75097634564932, 18.125704384598436
0.0, 177.75097634564932
136.333649099585, 41.41732724606433
0.0, 136.333649099585
0.0, 136.333649099585
200.88020834186412, 0.25011107532051824
2.4616294197476765, 198.41857892211644
0.0, 2.4616294197476765
0.0, 2.4616294197476765
113.02917936332521, 87.8510289785389
0.0, 113.02917936332521
94.66447031335527, 18.364709049969946
0.0, 94.66447031335527
70.95543332993257, 23.709036983422692
0.0, 70.95543332993257
0.0, 70.95543332993257
210.57502456532438, 0.27789509931696443
0.0, 210.57502456532438
1.7054899988964634, 208.86953456642792
0.0, 1.7054899988964634
0.0, 1.7054899988964634
215.03788236656933, 3.9148576677611686
203.6243163193567, 11.41356604721264
111.0944803193014, 92.5298360000553
0.0, 111.0944803193014
0.0, 111.0944803193014
202.15252074552097, 1.4717955738357205
0.0, 202.15252074552097
0.0, 202.15252074552097
208.63161417445687, 6.406268192112464
0.0, 208.63161417445687
206.1236507945669, 2.507963379889958
88.4936255077709, 117.63002528679601
0.0, 88.4936255077709
0.22042353130696407, 88.27320197646394
0.0, 0.22042353130696407
0.0, 0.22042353130696407
201.50551594352163, 4.6181348510452835
13.540473094289906, 187.96504284923174
0.0, 13.540473094289906
4.5009732078469415, 9.039499886442965
0.0, 4.5009732078469415
0.0, 4.5009732078469415
200.98757045415232, 0.5179454893693105
189.81761561989958, 11.169954834252735
0.0, 189.81761561989958
129.62901345564813, 60.18860216425145
0.0, 129.62901345564813
96.60721905362024, 33.02179440202789
0.0, 96.60721905362024
0.0, 96.60721905362024
200.74133073228444, 0.24623972186788023
0.0, 200.74133073228444
200.71403643285151, 0.027294299432924163
0.0, 200.71403643285151
74.38689266457686, 126.32714376827465
0.0, 74.38689266457686
0.0, 74.38689266457686
274.6625202398474, 28.769977683126285
225.47466525349685, 49.18785498635057
166.5903948724365, 58.88427038106036
0.0, 166.5903948724365
8.383450622984126, 158.20694424945236
0.0, 8.383450622984126
0.0, 8.383450622984126
206.23786310763572, 19.236802145861134
0.0, 206.23786310763572
203.15449453689718, 3.0833685707385428
0.0, 203.15449453689718
200.56044770021936, 2.594046836677819
32.87433841431792, 167.68610928590144
0.0, 32.87433841431792
25.877167560644853, 6.997170853673065
0.0, 25.877167560644853
0.0, 25.877167560644853
108.60823997054342, 91.95220772967593
0.0, 108.60823997054342
106.79539525418937, 1.81284471635405
0.0, 106.79539525418937
50.88067234320331, 55.914722910986065
0.0, 50.88067234320331
0.0, 50.88067234320331
245.3917208891148, 29.27079935073263
216.19649041057187, 29.195230478542925
0.0, 216.19649041057187
163.50985359517924, 52.68663681539263
0.0, 163.50985359517924
52.63236119468188, 110.87749240049736
0.0, 52.63236119468188
8.015608360558996, 44.61675283412288
0.0, 8.015608360558996
0.0, 8.015608360558996
219.4309005436999, 25.960820345414902
213.58550611971646, 5.845394423983436
209.38784327783193, 4.197662841884522
204.65148178163085, 4.736361496201084
0.0, 204.65148178163085
130.21320088479644, 74.43828089683441
0.0, 130.21320088479644
74.52452667554103, 55.68867420925541
0.0, 74.52452667554103
0.0, 74.52452667554103
205.80770971162875, 3.5801335662031875
0.0, 205.80770971162875
0.0, 205.80770971162875
210.37339138308573, 3.212114736630724
200.35116588595574, 10.022225497129995
110.60127930304158, 89.74988658291416
0.0, 110.60127930304158
0.0, 110.60127930304158
200.1558830310944, 0.19528285486134678
0.0, 200.1558830310944
130.56460760494505, 69.59127542614934
0.0, 130.56460760494505
0.0, 130.56460760494505
200.7452334623548, 9.628157920730928
0.0, 200.7452334623548
161.50800860261148, 39.23722485974332
0.0, 161.50800860261148
37.62861804282918, 123.87939055978231
0.0, 37.62861804282918
20.526354659968426, 17.102263382860755
0.0, 20.526354659968426
0.0, 20.526354659968426
216.92844849701194, 2.5024520466879494
202.58001630156377, 14.348432195448169
0.0, 202.58001630156377
200.76582156532774, 1.8141947362360327
0.0, 200.76582156532774
61.290756642523995, 139.47506492280374
0.0, 61.290756642523995
0.0, 61.290756642523995
213.88065941282636, 3.047789084185581
206.05699069688177, 7.823668715944592
0.0, 206.05699069688177
108.27631113957752, 97.78067955730425
9.986659733503174, 98.28965140607434
0.0, 9.986659733503174
0.0, 9.986659733503174
41.84036572477101, 66.4359454148065
0.0, 41.84036572477101
34.12401470468014, 7.716351020090869
0.0, 34.12401470468014
0.0, 34.12401470468014
212.38936511451956, 1.4912942983067978
204.61079905012193, 7.778566064397637
130.68952403885922, 73.92127501126271
0.0, 130.68952403885922
120.88324645704698, 9.806277581812239
0.0, 120.88324645704698
58.78354169510754, 62.09970476193944
0.0, 58.78354169510754
8.650489405878115, 50.133052289229425
0.0, 8.650489405878115
0.0, 8.650489405878115
203.49043082222116, 1.1203682279007694
0.0, 203.49043082222116
178.17431148962876, 25.316119332592393
107.72595662086398, 70.44835486876478
0.0, 107.72595662086398
23.132129925200914, 84.59382669566307
0.0, 23.132129925200914
1.334277474702242, 21.797852450498674
0.0, 1.334277474702242
0.0, 1.334277474702242
177.0248517171407, 1.1494597724880578
0.0, 177.0248517171407
72.89419011684686, 104.13066160029385
0.0, 72.89419011684686
0.0, 72.89419011684686
206.13284380727947, 6.256521307240092
188.75334800428263, 17.379495802996843
0.0, 188.75334800428263
12.907322854184233, 175.8460251500984
0.0, 12.907322854184233
2.9321793632996167, 9.975143490884616
0.0, 2.9321793632996167
0.0, 2.9321793632996167
203.77591432542488, 2.3569294818545927
0.0, 203.77591432542488
0.0, 203.77591432542488
3678.196264643361, 1946.3186716126888
2295.3828680288375, 1382.8133966145233
514.9719171038076, 1780.4109509250297
265.9068967919584, 249.06502031184925
215.03211194928005, 50.87478484267834
41.11434149830756, 173.91777045097248
0.0, 41.11434149830756
0.0, 41.11434149830756
208.06678680590582, 6.96532514337423
26.31484043802923, 181.7519463678766
0.0, 26.31484043802923
0.0, 26.31484043802923
202.23150819163408, 5.835278614271743
50.23699735872787, 151.9945108329062
0.0, 50.23699735872787
49.232630049840445, 1.0043673088874243
0.0, 49.232630049840445
0.0, 49.232630049840445
151.9796507886103, 50.25185740302379
36.216868950802755, 115.76278183780752
0.0, 36.216868950802755
21.25355718985389, 14.963311760948866
0.0, 21.25355718985389
14.085462049232417, 7.168095140621473
0.0, 14.085462049232417
0.0, 14.085462049232417
119.14548712478253, 32.83416366382775
0.0, 119.14548712478253
86.00541434892183, 33.1400727758607
8.27912966086002, 77.72628468806181
0.0, 8.27912966086002
0.0, 8.27912966086002
31.190639079228244, 54.814775269693584
0.0, 31.190639079228244
0.0, 31.190639079228244
263.03033429039056, 2.8765625015678324
207.66556610234474, 55.364768188045815
0.0, 207.66556610234474
0.0, 207.66556610234474
240.43237480920865, 22.597959481181903
34.08020236476841, 206.35217244444024
0.0, 34.08020236476841
0.0, 34.08020236476841
203.31079501122522, 37.12157979798343
0.0, 203.31079501122522
203.0462254918245, 0.26456951940073736
0.0, 203.0462254918245
83.67473938220375, 119.37148610962073
24.349071459676694, 59.32566792252706
0.0, 24.349071459676694
0.0, 24.349071459676694
74.63770513878167, 9.037034243422085
0.0, 74.63770513878167
0.0, 74.63770513878167
329.6660883271193, 185.30582877668832
232.06170041526653, 97.6043879118528
220.27365039181655, 11.788050023449983
135.75468231662856, 84.51896807518798
0.0, 135.75468231662856
0.0, 135.75468231662856
213.2263395048598, 7.047310886956751
135.75531392838587, 77.47102557647392
0.0, 135.75531392838587
134.5565217339485, 1.1987921944373738
57.9212715411815, 76.635250192767
0.0, 57.9212715411815
0.0, 57.9212715411815
61.06483567140769, 73.49168606254081
0.0, 61.06483567140769
0.0, 61.06483567140769
170.92701199103507, 42.29932751382472
0.0, 170.92701199103507
134.7176547662583, 36.20935722477677
0.0, 134.7176547662583
76.76752394945845, 57.950130816799856
0.0, 76.76752394945845
72.43951872970464, 4.3280052197538055
0.0, 72.43951872970464
22.965115946549354, 49.47440278315529
0.0, 22.965115946549354
0.0, 22.965115946549354
221.94433044102647, 10.117369974240063
60.13564043886375, 161.8086900021627
0.0, 60.13564043886375
37.825745810776176, 22.309894628087577
0.0, 37.825745810776176
35.86231235859967, 1.9634334521765098
0.0, 35.86231235859967
0.0, 35.86231235859967
208.32316967429801, 13.621160766728451
170.11965887021273, 38.20351080408528
1.2190791088096802, 168.90057976140304
0.0, 1.2190791088096802
0.0, 1.2190791088096802
107.27565549896453, 62.844003371248206
0.0, 107.27565549896453
11.175803105822704, 96.09985239314182
0.0, 11.175803105822704
9.254416733253827, 1.9213863725688771
0.0, 9.254416733253827
1.7876447830541806, 7.466771950199646
0.0, 1.7876447830541806
0.0, 1.7876447830541806
204.61286951696968, 3.7103001573283336
0.0, 204.61286951696968
142.92554143111656, 61.687328085853125
42.35790715869084, 100.56763427242572
0.0, 42.35790715869084
0.0, 42.35790715869084
119.57749379485854, 23.348047636258016
0.0, 119.57749379485854
0.0, 119.57749379485854
323.1920617073772, 6.474026619742119
0.0, 323.1920617073772
296.3471197302181, 26.844941977159124
213.23005904087253, 83.11706068934555
0.0, 213.23005904087253
0.0, 213.23005904087253
243.98920921180436, 52.35791051841372
212.42827450534253, 31.560934706461836
0.0, 212.42827450534253
201.87823907582614, 10.550035429516385
108.43245288729396, 93.44578618853218
0.0, 108.43245288729396
81.46730754677934, 26.965145340514624
0.0, 81.46730754677934
0.0, 81.46730754677934
201.5151781201037, 0.3630609557224318
0.0, 201.5151781201037
0.0, 201.5151781201037
243.45656630605134, 0.532642905753022
222.05934844713792, 21.39721785891342
0.0, 222.05934844713792
210.5654403062508, 11.493908140887129
202.25164891182558, 8.313791394425209
0.0, 202.25164891182558
6.570528790674569, 195.68112012115103
0.0, 6.570528790674569
0.0, 6.570528790674569
208.59425907804402, 1.971181228206774
47.57521155480701, 161.01904752323702
0.0, 47.57521155480701
6.583681520964379, 40.991530033842636
0.0, 6.583681520964379
0.0, 6.583681520964379
201.27726052862852, 7.316998549415501
163.83974061476428, 37.437519913864236
0.0, 163.83974061476428
72.46955394190609, 91.3701866728582
0.0, 72.46955394190609
0.0, 72.46955394190609
200.72976313869506, 0.5474973899334543
57.81754381102255, 142.91221932767252
0.0, 57.81754381102255
0.0, 57.81754381102255
137.44349720782125, 63.28626593087381
0.0, 137.44349720782125
72.22340857888597, 65.22008862893529
0.0, 72.22340857888597
0.0, 72.22340857888597
229.40985015790216, 14.046716148149187
211.84355609170598, 17.56629406619618
200.3741419644051, 11.469414127300865
26.334498413585795, 174.0396435508193
0.0, 26.334498413585795
0.0, 26.334498413585795
126.15882851604546, 74.21531344835965
0.0, 126.15882851604546
55.47980625160969, 70.67902226443577
0.0, 55.47980625160969
0.0, 55.47980625160969
208.9861529260751, 2.8574031656308705
42.61450812958879, 166.37164479648632
0.0, 42.61450812958879
0.0, 42.61450812958879
205.57232166911308, 3.413831256962027
0.0, 205.57232166911308
203.00884422512266, 2.563477443990422
5.247954962104566, 197.7608892630181
0.0, 5.247954962104566
2.031558958050702, 3.216396004053864
0.0, 2.031558958050702
0.0, 2.031558958050702
81.96433959690455, 121.0445046282181
0.0, 81.96433959690455
55.63967635331659, 26.324663243587963
0.0, 55.63967635331659
6.145674680975967, 49.49400167234062
0.0, 6.145674680975967
0.0, 6.145674680975967
223.65101657259058, 5.758833585311578
210.02949781948547, 13.621518753105107
0.0, 210.02949781948547
0.0, 210.02949781948547
212.0081898204945, 11.642826752096084
202.51644201646954, 9.491747804024953
2.96509123416091, 199.55135078230862
0.0, 2.96509123416091
0.0, 2.96509123416091
172.10509333326613, 30.411348683203414
81.89348431236591, 90.21160902090021
0.0, 81.89348431236591
61.67742726772491, 20.216057044641005
0.0, 61.67742726772491
0.0, 61.67742726772491
130.10854863640165, 41.996544696864476
15.198555124523605, 114.90999351187804
0.0, 15.198555124523605
10.8860644335522, 4.312490690971405
0.0, 10.8860644335522
0.0, 10.8860644335522
100.41571864939674, 29.692829987004913
0.0, 100.41571864939674
0.0, 100.41571864939674
205.3330742636762, 6.675115556818298
115.44386650644225, 89.88920775723395
0.0, 115.44386650644225
71.59738863885177, 43.84647786759048
0.0, 71.59738863885177
0.0, 71.59738863885177
201.646421286209, 3.6866529774671903
129.82682157215055, 71.81959971405846
0.0, 129.82682157215055
75.57055662613976, 54.25626494601079
0.0, 75.57055662613976
0.0, 75.57055662613976
200.56416793860086, 1.0822533476081446
9.582707438491067, 190.9814605001098
0.0, 9.582707438491067
0.0, 9.582707438491067
194.69288397948466, 5.871283959116198
0.0, 194.69288397948466
0.0, 194.69288397948466
1210.4306863342483, 1084.9521816945892
219.8901513005073, 990.540535033741
132.41719732079872, 87.47295397970859
0.0, 132.41719732079872
0.0, 132.41719732079872
206.23831641559477, 13.651834884912546
113.55560664961459, 92.68270976598018
0.0, 113.55560664961459
0.0, 113.55560664961459
190.90005990033674, 15.338256515258024
0.0, 190.90005990033674
6.472964378827611, 184.42709552150913
0.0, 6.472964378827611
0.0, 6.472964378827611
547.2810448572253, 663.149641477023
311.50762693806575, 235.77341791915956
26.247071771482126, 285.26055516658363
0.0, 26.247071771482126
0.0, 26.247071771482126
201.9984128849132, 109.50921405315256
191.4249571392396, 10.573455745673584
94.66800096244671, 96.7569561767929
0.0, 94.66800096244671
0.0, 94.66800096244671
170.1235757837515, 21.301381355488104
0.0, 170.1235757837515
119.1814325130679, 50.9421432706836
0.0, 119.1814325130679
81.35344041332978, 37.827992099738125
0.0, 81.35344041332978
0.0, 81.35344041332978
200.06859782749092, 1.9298150574222745
63.428116010136755, 136.64048181735416
0.0, 63.428116010136755
5.455601419419555, 57.972514590717196
0.0, 5.455601419419555
0.0, 5.455601419419555
149.57486481637358, 50.49373301111734
0.0, 149.57486481637358
128.8106848452382, 20.764179971135377
0.0, 128.8106848452382
0.0, 128.8106848452382
369.5889564209757, 177.6920884362496
349.4962314396755, 20.092724981300194
223.66684946724953, 125.82938197242598
216.3762037289761, 7.29064573827344
0.0, 216.3762037289761
204.0800305333921, 12.296173195584004
0.0, 204.0800305333921
0.0, 204.0800305333921
219.10313194438524, 4.5637175228642946
200.99764195504864, 18.105489989336604
0.0, 200.99764195504864
69.99894498710093, 130.9986969679477
0.0, 69.99894498710093
0.0, 69.99894498710093
207.97025652991653, 11.132875414468714
25.048006844634443, 182.92224968528208
0.0, 25.048006844634443
0.0, 25.048006844634443
82.03331439663299, 125.93694213328354
25.504590784465048, 56.52872361216794
0.0, 25.504590784465048
0.0, 25.504590784465048
52.79460540352598, 29.23870899310701
0.0, 52.79460540352598
0.0, 52.79460540352598
318.2599906536615, 31.236240786014037
11.02441456104357, 307.2355760926179
0.0, 11.02441456104357
0.0, 11.02441456104357
219.85617919262404, 98.40381146103744
90.31898080588029, 129.53719838674374
0.0, 90.31898080588029
56.953746840699175, 33.36523396518111
0.0, 56.953746840699175
0.0, 56.953746840699175
205.50159029274525, 14.354588899878792
0.0, 205.50159029274525
200.21416310439844, 5.287427188346811
0.0, 200.21416310439844
99.05101726442749, 101.16314583997095
0.0, 99.05101726442749
91.71553962137098, 7.335477643056507
0.0, 91.71553962137098
0.0, 91.71553962137098
367.65774494150196, 1.9312114794737454
340.02785378601794, 27.629891155484017
221.15815440179176, 118.86969938422618
68.80678179252693, 152.35137260926484
0.0, 68.80678179252693
0.0, 68.80678179252693
181.63621124511667, 39.52194315667509
0.0, 181.63621124511667
95.87780016656815, 85.75841107854852
0.0, 95.87780016656815
68.61294016996281, 27.264859996605338
0.0, 68.61294016996281
0.0, 68.61294016996281
330.7905753142995, 9.237278471718469
0.0, 330.7905753142995
277.8514947550745, 52.939080559224976
206.05585210625955, 71.79564264881495
0.0, 206.05585210625955
0.0, 206.05585210625955
250.80674059236972, 27.044754162704777
213.909350214574, 36.897390377795716
17.38375346411433, 196.52559675045967
0.0, 17.38375346411433
0.0, 17.38375346411433
89.98407909927019, 123.92527111530381
11.522182522347101, 78.4618965769231
0.0, 11.522182522347101
0.0, 11.522182522347101
21.84425489354684, 68.13982420572336
0.0, 21.84425489354684
0.0, 21.84425489354684
221.61041289364638, 29.196327698723337
202.88468169312205, 18.725731200524336
0.0, 202.88468169312205
0.0, 202.88468169312205
219.2687850029318, 2.341627890714591
202.70324852775943, 16.565536475172365
0.0, 202.70324852775943
201.0716148699188, 1.6316336578406379
85.59686799318753, 115.47474687673126
0.0, 85.59686799318753
0.0, 85.59686799318753
92.8909085473374, 108.18070632258139
11.190281862158184, 81.70062668517922
0.0, 11.190281862158184
9.26064656802123, 1.9296352941369541
0.0, 9.26064656802123
0.0, 9.26064656802123
68.61722110484136, 24.27368744249604
0.0, 68.61722110484136
66.19168224852432, 2.425538856317047
0.0, 66.19168224852432
0.0, 66.19168224852432
209.228593384687, 10.04019161824479
0.0, 209.228593384687
50.86721968719046, 158.36137369749653
0.0, 50.86721968719046
0.0, 50.86721968719046
367.4570309507161, 0.20071399078585728
210.45390123095615, 157.00312971975995
202.4042592700001, 8.049641960956052
0.0, 202.4042592700001
0.0, 202.4042592700001
208.66588484917247, 1.7880163817836774
87.66990088760548, 120.99598396156699
0.0, 87.66990088760548
12.397748657039097, 75.27215223056638
0.0, 12.397748657039097
0.0, 12.397748657039097
205.16667204274432, 3.4992128064281474
0.0, 205.16667204274432
0.0, 205.16667204274432
360.8565952963628, 6.600435654353305
342.18358645856983, 18.673008837792963
240.14567723399819, 102.03790922457165
218.69129043285778, 21.4543868011404
0.0, 218.69129043285778
212.7028513623876, 5.988439070470179
85.05286332828905, 127.64998803409856
55.63477812867161, 29.418085199617437
0.0, 55.63477812867161
25.844805810178592, 29.78997231849302
0.0, 25.844805810178592
0.0, 25.844805810178592
57.4280948382382, 27.624768490050847
7.604139079905071, 49.82395575833313
0.0, 7.604139079905071
0.0, 7.604139079905071
52.02235415122553, 5.405740687012674
2.6617831251987516, 49.360571026026776
0.0, 2.6617831251987516
0.0, 2.6617831251987516
14.444730385610741, 37.57762376561479
0.0, 14.444730385610741
0.0, 14.444730385610741
207.05326392224939, 5.64958744013822
0.0, 207.05326392224939
6.178795708508382, 200.874468213741
0.0, 6.178795708508382
0.0, 6.178795708508382
227.33768249312325, 12.807994740874932
0.0, 227.33768249312325
202.90702703743662, 24.430655455686633
192.097099867482, 10.80992716995462
79.44903759885243, 112.64806226862957
24.309430567597367, 55.13960703125506
0.0, 24.309430567597367
0.0, 24.309430567597367
65.35484750163975, 14.094190097212675
0.0, 65.35484750163975
0.0, 65.35484750163975
139.30053461123399, 52.796565256248016
0.0, 139.30053461123399
0.0, 139.30053461123399
200.02215191494702, 2.8848751224896034
0.0, 200.02215191494702
11.370120139534718, 188.6520317754123
0.0, 11.370120139534718
0.0, 11.370120139534718
339.0173159500072, 3.1662705085626612
262.1992433902991, 76.81807255970807
233.13706945506274, 29.06217393523636
230.04952550721887, 3.0875439478438693
200.9311338655841, 29.118391641634787
0.0, 200.9311338655841
63.793622424845005, 137.13751144073908
0.0, 63.793622424845005
0.0, 63.793622424845005
202.3960454281738, 27.653480079045067
0.0, 202.3960454281738
201.64911835426665, 0.746927073907159
127.1286185685481, 74.52049978571854
0.0, 127.1286185685481
44.40876237559789, 82.71985619295022
32.83855530536194, 11.570207070235945
0.0, 32.83855530536194
0.0, 32.83855530536194
37.809098150370076, 6.599664225227812
0.7194394901671693, 37.08965866020291
0.0, 0.7194394901671693
0.0, 0.7194394901671693
24.914781138423283, 12.894317011946793
0.0, 24.914781138423283
0.0, 24.914781138423283
141.03188788927045, 60.6172304649962
4.02591874685925, 137.0059691424112
0.0, 4.02591874685925
0.0, 4.02591874685925
92.31444453907635, 48.7174433501941
0.0, 92.31444453907635
80.42736416988883, 11.887080369187515
0.0, 80.42736416988883
0.0, 80.42736416988883
232.98208848821002, 0.1549809668527189
13.309862394006618, 219.6722260942034
0.0, 13.309862394006618
0.0, 13.309862394006618
227.21592495559335, 5.766163532616673
201.46194773346647, 25.753977222126878
133.5831634447535, 67.87878428871298
12.450092963541149, 121.13307048121234
0.0, 12.450092963541149
0.0, 12.450092963541149
120.17713685675872, 13.406026587994774
0.0, 120.17713685675872
69.67772765742727, 50.49940919933145
0.0, 69.67772765742727
64.93684383990225, 4.740883817525017
0.0, 64.93684383990225
0.0, 64.93684383990225
200.94051474786508, 0.5214329856013933
173.0079593887944, 27.932555359070676
0.0, 173.0079593887944
152.49610682495683, 20.51185256383758
0.0, 152.49610682495683
0.0, 152.49610682495683
200.17229519454435, 0.7682195533207334
0.0, 200.17229519454435
134.22479714167045, 65.9474980528739
0.0, 134.22479714167045
46.730461397792055, 87.4943357438784
0.0, 46.730461397792055
0.0, 46.730461397792055
203.7314646518928, 23.48446030370056
170.8259503374243, 32.90551431446849
0.0, 170.8259503374243
43.267483799132215, 127.5584665382921
0.0, 43.267483799132215
0.0, 43.267483799132215
203.40709199879706, 0.32437265309573604
137.5538724279467, 65.85321957085037
0.0, 137.5538724279467
0.0, 137.5538724279467
202.69784530116482, 0.7092466976322385
200.43502970614736, 2.2628155950174573
50.95137773867162, 149.48365196747574
0.0, 50.95137773867162
0.7806194989923333, 50.17075823967929
0.0, 0.7806194989923333
0.0, 0.7806194989923333
154.608799469089, 45.826230237058354
0.0, 154.608799469089
23.187631572163927, 131.42116789692508
0.0, 23.187631572163927
0.0, 23.187631572163927
201.51739187233835, 1.1804534288264676
0.0, 201.51739187233835
153.09778596322474, 48.41960590911361
0.0, 153.09778596322474
74.54280535276938, 78.55498061045536
0.0, 74.54280535276938
0.0, 74.54280535276938
252.84923099233808, 9.350012397961024
202.0470088377743, 50.802222154563765
17.832536179394047, 184.21447265838026
0.0, 17.832536179394047
0.0, 17.832536179394047
199.06388285896634, 2.9831259788079763
0.0, 199.06388285896634
0.0, 199.06388285896634
252.20120942807534, 0.6480215642627343
201.31151758301698, 50.889691845058366
61.316311729969634, 139.99520585304734
0.0, 61.316311729969634
34.34192673242936, 26.974384997540277
0.0, 34.34192673242936
0.0, 34.34192673242936
74.17337426102654, 127.13814332199044
0.0, 74.17337426102654
62.356324237547945, 11.817050023478593
0.0, 62.356324237547945
39.66206005041719, 22.694264187130756
0.0, 39.66206005041719
26.962261031224752, 12.699799019192437
0.0, 26.962261031224752
0.0, 26.962261031224752
203.8689861499928, 48.33222327808255
0.0, 203.8689861499928
70.67711189869273, 133.19187425130008
0.0, 70.67711189869273
67.85465204434598, 2.8224598543467465
0.0, 67.85465204434598
8.839923249227295, 59.014728795118685
0.0, 8.839923249227295
0.0, 8.839923249227295
301.8198021847759, 37.19751376523129
207.32224798650745, 94.49755419826843
0.0, 207.32224798650745
203.4178792968094, 3.9043686896980603
0.0, 203.4178792968094
200.04697450387735, 3.3709047929320377
56.47980321798034, 143.56717128589702
0.0, 56.47980321798034
0.0, 56.47980321798034
64.46505714680973, 135.58191735706762
0.0, 64.46505714680973
0.0, 64.46505714680973
264.8284927940485, 36.991309390727395
214.12905740659136, 50.69943538745713
23.003253983015373, 191.12580342357597
0.0, 23.003253983015373
21.029035444215296, 1.974218538800077
0.0, 21.029035444215296
14.408262780003302, 6.620772664211994
0.0, 14.408262780003302
0.0, 14.408262780003302
213.84020369815596, 0.28885370843539704
171.08009206502732, 42.760111633128645
0.0, 171.08009206502732
67.47019350385504, 103.60989856117227
0.0, 67.47019350385504
35.14876970111369, 32.32142380274135
0.0, 35.14876970111369
0.0, 35.14876970111369
201.58695034730167, 12.253253350854294
67.51031812684201, 134.07663222045966
0.0, 67.51031812684201
0.0, 67.51031812684201
169.28112701075483, 32.30582333654684
0.0, 169.28112701075483
92.24542081450234, 77.03570619625249
0.0, 92.24542081450234
31.898097835767736, 60.3473229787346
0.0, 31.898097835767736
0.5259397683771433, 31.372158067390593
0.0, 0.5259397683771433
0.0, 0.5259397683771433
225.7001313977112, 39.12836139633728
207.7218189323351, 17.978312465376092
68.43948694291814, 139.28233198941697
0.0, 68.43948694291814
0.0, 68.43948694291814
205.0851201811303, 2.6366987512048183
85.21845266852726, 119.86666751260303
0.0, 85.21845266852726
0.0, 85.21845266852726
204.12370733349383, 0.961412847636467
0.0, 204.12370733349383
202.26168849377265, 1.8620188397211734
0.0, 202.26168849377265
104.48296004544687, 97.77872844832578
77.37941289895436, 27.103547146492517
0.0, 77.37941289895436
60.41000339033109, 16.969409508623265
0.0, 60.41000339033109
58.134579256828644, 2.2754241335024474
0.0, 58.134579256828644
0.0, 58.134579256828644
100.1362615779392, 4.346698467507679
0.0, 100.1362615779392
66.64909848174689, 33.487163096192305
0.0, 66.64909848174689
0.0, 66.64909848174689
221.85282618610754, 3.8473052116036683
0.0, 221.85282618610754
210.14709071032362, 11.70573547578391
209.4364423686173, 0.7106483417063316
201.73597822587587, 7.700464142741424
128.28290604099385, 73.45307218488202
0.0, 128.28290604099385
71.87807905672346, 56.404826984270386
0.0, 71.87807905672346
48.77900484421956, 23.099074212503908
0.0, 48.77900484421956
0.0, 48.77900484421956
201.68288104122774, 0.05309718464812363
0.0, 201.68288104122774
173.8349363399892, 27.847944701238532
0.0, 173.8349363399892
0.0, 173.8349363399892
207.45341488967554, 1.9830274789417501
201.30975009002427, 6.143664799651276
127.71728486199764, 73.59246522802663
0.0, 127.71728486199764
91.56882157271643, 36.14846328928121
10.000985735513972, 81.56783583720247
0.0, 10.000985735513972
2.3933270222840255, 7.607658713229946
0.0, 2.3933270222840255
0.0, 2.3933270222840255
51.58331328462702, 39.98550828808941
0.0, 51.58331328462702
1.8055871112126456, 49.77772617341437
0.0, 1.8055871112126456
0.0, 1.8055871112126456
173.2714041838546, 28.038345906169667
0.0, 173.2714041838546
65.77371753634326, 107.49768664751134
0.0, 65.77371753634326
0.0, 65.77371753634326
206.80498122291047, 0.6484336667650723
91.12365510953732, 115.68132611337315
0.0, 91.12365510953732
0.0, 91.12365510953732
201.60130207192276, 5.2036791509877105
44.43073685309714, 157.17056521882563
0.0, 44.43073685309714
0.0, 44.43073685309714
81.02260781627591, 120.57869425564685
0.0, 81.02260781627591
51.86264833920873, 29.159959477067176
0.0, 51.86264833920873
0.0, 51.86264833920873
209.93925462390905, 0.20783608641457363
48.73301522324773, 161.20623940066133
0.0, 48.73301522324773
0.0, 48.73301522324773
200.2221014765715, 9.717153147337541
0.0, 200.2221014765715
43.99240854067935, 156.22969293589216
0.0, 43.99240854067935
0.0, 43.99240854067935
353.1571033034998, 7.699491992862988
0.0, 353.1571033034998
241.76027425947032, 111.39682904402949
231.05962388792102, 10.700650371549301
212.44099880601155, 18.61862508190947
200.2534886710395, 12.187510134972058
147.68608681281418, 52.56740185822531
0.0, 147.68608681281418
0.0, 147.68608681281418
200.18300109678512, 0.07048757425437202
8.052831325149945, 192.13016977163517
0.0, 8.052831325149945
0.0, 8.052831325149945
118.23288541897048, 81.95011567781464
0.0, 118.23288541897048
0.0, 118.23288541897048
208.1840159512635, 4.25698285474806
138.60378188119978, 69.58023407006371
0.0, 138.60378188119978
0.0, 138.60378188119978
153.75848139206516, 54.425534559198326
0.0, 153.75848139206516
122.45628027709432, 31.302201114970842
90.82736424140364, 31.62891603569068
0.0, 90.82736424140364
78.79854637834852, 12.028817863055124
0.0, 78.79854637834852
27.668720160447673, 51.12982621790084
0.0, 27.668720160447673
0.0, 27.668720160447673
121.32911296802477, 1.1271673090695487
0.0, 121.32911296802477
99.53905513831529, 21.790057829709482
0.0, 99.53905513831529
32.09949695782054, 67.43955818049474
0.0, 32.09949695782054
0.0, 32.09949695782054
217.74921543548174, 13.310408452439276
118.48387734011602, 99.26533809536572
8.917124023039895, 109.56675331707613
0.0, 8.917124023039895
0.0, 8.917124023039895
78.99437557459565, 39.48950176552037
0.0, 78.99437557459565
0.0, 78.99437557459565
211.5735129308948, 6.175702504586951
0.0, 211.5735129308948
209.12586236153973, 2.447650569355062
0.0, 209.12586236153973
102.40937149705388, 106.71649086448585
0.0, 102.40937149705388
0.0, 102.40937149705388
241.086472985627, 0.6738012738433099
202.33732693960474, 38.749146046022275
0.0, 202.33732693960474
200.09924374130352, 2.2380831983012115
11.045958269834944, 189.05328547146857
0.0, 11.045958269834944
0.0, 11.045958269834944
181.48496918433818, 18.61427455696534
0.0, 181.48496918433818
142.77246428669463, 38.712504897643555
0.0, 142.77246428669463
3.0448580013213653, 139.72760628537327
0.0, 3.0448580013213653
0.0, 3.0448580013213653
219.10078269672428, 21.98569028890273
0.0, 219.10078269672428
211.68542436311378, 7.415358333610499
200.56596423106419, 11.119460132049596
0.0, 200.56596423106419
174.34349631903748, 26.2224679120267
0.0, 174.34349631903748
48.8721940807265, 125.47130223831098
0.0, 48.8721940807265
0.0, 48.8721940807265
200.74768558907203, 10.937738774041748
0.0, 200.74768558907203
200.62375973697834, 0.12392585209369145
67.93236513451299, 132.69139460246535
0.0, 67.93236513451299
41.97615571920173, 25.956209415311264
0.0, 41.97615571920173
0.0, 41.97615571920173
200.53401557615825, 0.08974416082008929
0.0, 200.53401557615825
0.0, 200.53401557615825
2562.6418122779914, 1115.5544523653693
638.0231903532508, 1924.6186219247406
244.34702337037598, 393.67616698287486
96.01512380659445, 148.33189956378152
0.0, 96.01512380659445
58.76830161202211, 37.24682219457234
0.0, 58.76830161202211
0.0, 58.76830161202211
243.24508019179447, 1.1019431785815073
0.0, 243.24508019179447
218.43736430939205, 24.80771588240242
0.0, 218.43736430939205
217.50254253056835, 0.9348217788237037
208.4876982884671, 9.014844242101248
0.0, 208.4876982884671
202.78602033973274, 5.701677948734357
0.0, 202.78602033973274
108.41985929802453, 94.36616104170821
0.0, 108.41985929802453
0.0, 108.41985929802453
210.0009090624849, 7.5016334680834404
200.62375196885156, 9.377157093633343
0.0, 200.62375196885156
165.29336178829524, 35.33039018055632
0.0, 165.29336178829524
0.0, 165.29336178829524
206.20508784936877, 3.7958212131161417
203.78215537217218, 2.422932477196582
26.37563219120135, 177.40652318097082
0.0, 26.37563219120135
0.0, 26.37563219120135
44.43844273138547, 159.34371264078672
0.0, 44.43844273138547
31.34156679525757, 13.096875936127901
0.0, 31.34156679525757
17.310216698747617, 14.031350096509954
0.0, 17.310216698747617
0.0, 17.310216698747617
204.4013756269627, 1.8037122224060624
0.0, 204.4013756269627
201.67317486067245, 2.728200766290257
0.0, 201.67317486067245
0.0, 201.67317486067245
461.2273698151334, 176.79582053811743
0.0, 461.2273698151334
366.8801627067263, 94.34720710840708
215.36971857517523, 151.51044413155108
209.00971248378002, 6.360006091395206
36.66257382791098, 172.34713865586903
0.0, 36.66257382791098
0.0, 36.66257382791098
208.96383022408028, 0.045882259699737915
200.3088206057454, 8.655009618334873
0.0, 200.3088206057454
95.41618840189028, 104.89263220385513
3.102789111892064, 92.31339928999822
0.0, 3.102789111892064
0.0, 3.102789111892064
26.575083007036586, 68.8411053948537
0.0, 26.575083007036586
4.373579524563068, 22.20150348247352
0.0, 4.373579524563068
0.0, 4.373579524563068
203.41929476485393, 5.544535459226353
10.615717962378152, 192.8035768024758
0.0, 10.615717962378152
0.0, 10.615717962378152
202.4327047666585, 0.9865899981954271
200.80045848843537, 1.6322462782231355
42.21082746622946, 158.5896310222059
0.0, 42.21082746622946
40.801368242845726, 1.4094592233837346
0.0, 40.801368242845726
31.398602397234665, 9.40276584561106
0.0, 31.398602397234665
30.729843477242653, 0.6687589199920119
0.0, 30.729843477242653
0.0, 30.729843477242653
128.69758770312822, 72.10287078530715
0.0, 128.69758770312822
123.89220593502786, 4.805381768100361
0.0, 123.89220593502786
0.0, 123.89220593502786
201.96210634940766, 0.47059841725084084
57.72120529722436, 144.2409010521833
0.0, 57.72120529722436
23.37438142515627, 34.346823872068086
0.0, 23.37438142515627
0.0, 23.37438142515627
200.82770970714577, 1.1343966422618905
169.42162299091476, 31.406086716231016
0.0, 169.42162299091476
0.0, 169.42162299091476
200.13284323725884, 0.6948664698869322
0.0, 200.13284323725884
0.0, 200.13284323725884
214.5760748323294, 0.7936437428458305
0.0, 214.5760748323294
204.41622983140732, 10.159845000922076
0.0, 204.41622983140732
203.68390713640926, 0.7323226949980608
24.57801704165301, 179.10589009475626
0.0, 24.57801704165301
0.0, 24.57801704165301
112.72499914984564, 90.95890798656362
0.0, 112.72499914984564
0.0, 112.72499914984564
228.27417299317784, 138.60598971354847
0.0, 228.27417299317784
184.42842003300652, 43.845752960171325
0.0, 184.42842003300652
0.0, 184.42842003300652
759.4958571532729, 1803.1459551247185
205.03360491596666, 554.4622522373063
82.52140812902671, 122.51219678693995
0.0, 82.52140812902671
0.0, 82.52140812902671
203.78084699243885, 1.2527579235278097
201.50365703899075, 2.277189953448101
51.47547734186529, 150.02817969712547
0.0, 51.47547734186529
48.69998285245706, 2.7754944894082314
0.0, 48.69998285245706
0.0, 48.69998285245706
200.7346057848189, 0.769051254171842
132.07550265391265, 68.65910313090626
0.0, 132.07550265391265
61.61419725839253, 70.46130539552013
0.0, 61.61419725839253
0.9283340960002463, 60.68586316239228
0.0, 0.9283340960002463
0.0, 0.9283340960002463
200.18473449253406, 0.5498712922848483
0.0, 200.18473449253406
138.23575637527833, 61.948978117255734
0.0, 138.23575637527833
54.87836402339409, 83.35739235188424
0.0, 54.87836402339409
47.50466652542059, 7.373697497973502
0.0, 47.50466652542059
0.0, 47.50466652542059
202.94176305549104, 0.8390839369478158
0.0, 202.94176305549104
201.1311194133118, 1.8106436421792296
176.93529413659093, 24.195825276720882
53.01886840893924, 123.91642572765168
0.0, 53.01886840893924
13.211247628811334, 39.807620780127905
0.0, 13.211247628811334
0.0, 13.211247628811334
109.79332335525571, 67.14197078133522
0.0, 109.79332335525571
0.0, 109.79332335525571
200.20421815769447, 0.9269012556173379
0.0, 200.20421815769447
0.0, 200.20421815769447
260.71481839223884, 498.7810387610341
242.2791287238484, 18.435689668390438
240.9930611589015, 1.2860675649469044
238.2479787822747, 2.745082376626783
202.97569759060576, 35.27228119166895
0.008353572722320563, 202.96734401788345
0.0, 0.008353572722320563
0.0, 0.008353572722320563
100.31480574080243, 102.66089184980333
0.0, 100.31480574080243
64.64423751493325, 35.670568225869175
0.0, 64.64423751493325
0.0, 64.64423751493325
223.6479242506809, 14.600054531593827
207.66384261349728, 15.984081637183607
0.0, 207.66384261349728
193.56193705695912, 14.101905556538156
0.0, 193.56193705695912
63.301589397460255, 130.26034765949888
0.0, 63.301589397460255
0.0, 63.301589397460255
208.20653785360548, 15.441386397075405
201.10282368387197, 7.103714169733507
35.83936505742277, 165.26345862644922
0.0, 35.83936505742277
0.0, 35.83936505742277
164.13878822757877, 36.9640354562932
0.0, 164.13878822757877
0.0, 164.13878822757877
202.9450961995369, 5.261441654068591
0.0, 202.9450961995369
0.0, 202.9450961995369
239.67610946628477, 1.3169516926167262
137.77208438024192, 101.90402508604285
79.02418319928073, 58.74790118096119
0.0, 79.02418319928073
42.002448493361975, 37.02173470591875
0.0, 42.002448493361975
30.64156228707759, 11.360886206284384
0.0, 30.64156228707759
0.0, 30.64156228707759
123.93566620312679, 13.836418177115135
0.0, 123.93566620312679
46.327012570290286, 77.6086536328365
0.0, 46.327012570290286
0.0, 46.327012570290286
231.54610216831813, 8.130007297966642
216.86131453469957, 14.684787633618555
0.0, 216.86131453469957
0.0, 216.86131453469957
231.2561685287229, 0.2899336395952332
0.0, 231.2561685287229
228.76356570574126, 2.492602822981638
101.95301164088238, 126.81055406485888
0.0, 101.95301164088238
0.0, 101.95301164088238
218.0693099180885, 10.694255787652764
0.0, 218.0693099180885
214.43747736205682, 3.631832556031668
144.40837265451339, 70.02910470754344
0.0, 144.40837265451339
46.36922356432198, 98.03914909019142
0.0, 46.36922356432198
0.0, 46.36922356432198
209.12419611161255, 5.313281250444277
91.25124302099356, 117.87295309061899
0.0, 91.25124302099356
0.0, 91.25124302099356
113.07420273488795, 96.0499933767246
0.0, 113.07420273488795
2.391609790709582, 110.68259294417837
0.0, 2.391609790709582
0.0, 2.391609790709582
241.11658100655103, 1.1625477172973717
207.05274667893252, 34.06383432761851
0.0, 207.05274667893252
206.57834829038032, 0.47439838855220273
202.76379560872476, 3.814552681655556
66.68325947927244, 136.08053612945233
0.0, 66.68325947927244
0.0, 66.68325947927244
72.53526863295325, 130.2285269757715
0.0, 72.53526863295325
0.0, 72.53526863295325
206.29344512052253, 0.28490316985778463
0.0, 206.29344512052253
79.44746814815383, 126.8459769723687
0.0, 79.44746814815383
66.98630486063112, 12.461163287522709
0.0, 66.98630486063112
66.0362877366057, 0.9500171240254218
0.0, 66.0362877366057
0.0, 66.0362877366057
226.72916869839742, 14.387412308153614
226.37854531365568, 0.3506233847417377
203.2715292636946, 23.10701604996109
48.302644034612705, 154.96888522908188
0.0, 48.302644034612705
20.160999358302163, 28.14164467631054
0.0, 20.160999358302163
18.52888737283126, 1.6321119854709032
0.0, 18.52888737283126
0.0, 18.52888737283126
201.61553553456477, 1.6559937291298183
0.0, 201.61553553456477
181.30457385895238, 20.31096167561239
15.365266742505655, 165.9393071164467
0.0, 15.365266742505655
0.0, 15.365266742505655
165.17114552233156, 16.133428336620824
46.16547157121014, 119.00567395112142
0.0, 46.16547157121014
37.7797108400868, 8.38576073112334
0.0, 37.7797108400868
0.0, 37.7797108400868
47.13272770644889, 118.03841781588267
2.8897814514658196, 44.24294625498307
0.0, 2.8897814514658196
0.0, 2.8897814514658196
32.207976186210814, 14.924751520238075
1.5776203490267795, 30.630355837184034
0.0, 1.5776203490267795
0.0, 1.5776203490267795
5.675811071841337, 26.532165114369477
0.0, 5.675811071841337
0.0, 5.675811071841337
216.13603255024617, 10.242512763409508
0.0, 216.13603255024617
203.84153089730586, 12.294501652940312
111.23153048072689, 92.61000041657897
0.0, 111.23153048072689
53.93023995411602, 57.30129052661087
0.0, 53.93023995411602
46.06685011373207, 7.863389840383945
0.0, 46.06685011373207
0.0, 46.06685011373207
200.79866816703293, 3.0428627302729296
0.0, 200.79866816703293
107.17407782498603, 93.6245903420469
0.0, 107.17407782498603
0.0, 107.17407782498603
226.5979605902382, 0.13120810815922823
211.18465859842655, 15.413301991811636
156.09623057257508, 55.08842802585147
0.0, 156.09623057257508
41.45813349136294, 114.63809708121214
0.0, 41.45813349136294
40.898928288051934, 0.5592052033110093
0.0, 40.898928288051934
0.0, 40.898928288051934
180.2568576390664, 30.927800959360155
86.9184576545743, 93.3383999844921
77.50182688723461, 9.416630767339683
42.0111729810918, 35.49065390614281
0.0, 42.0111729810918
19.905850445678745, 22.10532253541306
0.0, 19.905850445678745
0.0, 19.905850445678745
57.74514190115396, 19.756684986080657
0.0, 57.74514190115396
0.0, 57.74514190115396
79.96123435976226, 6.957223294812039
50.150097474834666, 29.811136884927592
0.0, 50.150097474834666
0.0, 50.150097474834666
75.57639201580513, 4.384842343957132
0.0, 75.57639201580513
0.0, 75.57639201580513
145.58259827071478, 34.67425936835161
0.0, 145.58259827071478
85.71042329528002, 59.87217497543476
0.0, 85.71042329528002
0.0, 85.71042329528002
217.63821846961147, 8.959742120626714
206.93814058256686, 10.700077887044614
0.0, 206.93814058256686
201.81094514654214, 5.127195436024721
0.0, 201.81094514654214
50.10112395143893, 151.70982119510322
0.0, 50.10112395143893
0.0, 50.10112395143893
209.53357064587186, 8.104647823739612
150.11363555891836, 59.4199350869535
0.0, 150.11363555891836
0.0, 150.11363555891836
183.63643027065254, 25.897140375219323
110.34248379158781, 73.29394647906473
0.0, 110.34248379158781
18.928320914044537, 91.41416287754328
0.0, 18.928320914044537
1.1352575182679305, 17.793063395776606
0.0, 1.1352575182679305
0.0, 1.1352575182679305
164.48674677829547, 19.14968349235707
0.0, 164.48674677829547
160.87537290687015, 3.6113738714253145
0.0, 160.87537290687015
82.4153824425941, 78.45999046427606
0.0, 82.4153824425941
58.47050888151165, 23.944873561082446
0.0, 58.47050888151165
0.0, 58.47050888151165
255.39857847417306, 5.316239918065776
209.47063806136546, 45.9279404128076
200.55624191013584, 8.914396151229624
35.513858523223675, 165.04238338691215
0.0, 35.513858523223675
0.0, 35.513858523223675
168.2718272822056, 32.28441462793023
0.0, 168.2718272822056
28.623255402007903, 139.6485718801977
0.0, 28.623255402007903
0.0, 28.623255402007903
206.12049525768862, 3.350142803676846
202.59567167289364, 3.524823584794973
119.69584116560266, 82.89983050729099
31.021513368457796, 88.67432779714485
0.0, 31.021513368457796
19.435084877810905, 11.586428490646892
0.0, 19.435084877810905
14.587746123427177, 4.847338754383728
0.0, 14.587746123427177
0.0, 14.587746123427177
73.54123864507194, 46.154602520530716
23.375912848449428, 50.16532579662251
0.0, 23.375912848449428
0.0, 23.375912848449428
53.648893921757434, 19.89234472331451
0.0, 53.648893921757434
0.0, 53.648893921757434
201.47983140990596, 1.115840262987689
20.95870586226633, 180.52112554763963
0.0, 20.95870586226633
0.0, 20.95870586226633
166.73819408398225, 34.741637325923705
0.0, 166.73819408398225
68.71220583674659, 98.02598824723566
0.0, 68.71220583674659
65.21717999198607, 3.4950258447605194
0.0, 65.21717999198607
0.0, 65.21717999198607
204.61899209680715, 1.5015031608814695
43.16171587870141, 161.45727621810573
0.0, 43.16171587870141
23.883464243654362, 19.278251635047045
0.0, 23.883464243654362
0.0, 23.883464243654362
201.55230546936664, 3.066686627440504
0.0, 201.55230546936664
85.42522522484377, 116.12708024452287
0.0, 85.42522522484377
52.94876605103329, 32.47645917381048
0.0, 52.94876605103329
19.94668235507837, 33.00208369595492
0.0, 19.94668235507837
0.0, 19.94668235507837
215.15543608466402, 40.243142389509046
205.3112658990009, 9.844170185663131
136.511349028546, 68.7999168704549
0.0, 136.511349028546
3.0777254375961873, 133.4336235909498
0.0, 3.0777254375961873
1.5487849960375146, 1.5289404415586727
0.0, 1.5487849960375146
0.0, 1.5487849960375146
205.0980579342826, 0.2132079647182934
202.35686334737963, 2.7411945869029637
138.50340957757524, 63.85345376980439
0.0, 138.50340957757524
33.31762096037042, 105.18578861720482
0.0, 33.31762096037042
0.0, 33.31762096037042
200.78215474826519, 1.5747085991144445
0.0, 200.78215474826519
135.6674424305482, 65.114712317717
0.0, 135.6674424305482
0.0, 135.6674424305482
203.55705213284088, 1.5410058014417132
105.84929148690475, 97.70776064593613
0.0, 105.84929148690475
61.45509934175385, 44.394192145150896
0.0, 61.45509934175385
0.0, 61.45509934175385
202.7886116448516, 0.7684404879892668
42.608230605511196, 160.18038103934043
0.0, 42.608230605511196
0.0, 42.608230605511196
151.72090153653318, 51.06771010831844
33.79517823240173, 117.92572330413145
0.0, 33.79517823240173
3.4761456581520362, 30.319032574249697
0.0, 3.4761456581520362
0.0, 3.4761456581520362
121.70910755319441, 30.011793983338762
0.0, 121.70910755319441
46.810736719070675, 74.89837083412374
0.0, 46.810736719070675
4.818448629547537, 41.992288089523136
0.0, 4.818448629547537
0.0, 4.818448629547537
209.3666752667582, 5.788760817905825
202.75868086397298, 6.607994402785209
16.79761161328877, 185.9610692506842
0.0, 16.79761161328877
7.590755722281072, 9.206855891007697
0.0, 7.590755722281072
0.0, 7.590755722281072
200.54516240278167, 2.2135184611913132
0.0, 200.54516240278167
107.26910638884895, 93.27605601393272
0.0, 107.26910638884895
65.78004640130487, 41.48905998754408
0.0, 65.78004640130487
60.48315795274441, 5.296888448560459
0.0, 60.48315795274441
0.0, 60.48315795274441
203.78954602780806, 5.5771292389501355
0.0, 203.78954602780806
200.5860890686518, 3.203456959156256
29.825837138783825, 170.760251929868
0.0, 29.825837138783825
0.0, 29.825837138783825
160.87765089178032, 39.70843817687148
0.0, 160.87765089178032
0.0, 160.87765089178032
24898.98762459202, 46243.8023922267
1733.7371960746584, 23165.250428517364
689.6727021607145, 1044.0644939139438
243.81388484749797, 445.8588173132165
200.59936980632932, 43.21451504116865
0.0, 200.59936980632932
50.442640975110095, 150.15672883121923
0.0, 50.442640975110095
27.80455488090552, 22.638086094204574
0.0, 27.80455488090552
22.867663738913176, 4.936891141992344
0.0, 22.867663738913176
8.350580929405666, 14.51708280950751
0.0, 8.350580929405666
0.0, 8.350580929405666
207.4340366792313, 36.379848168266676
0.0, 207.4340366792313
204.78079342014448, 2.653243259086821
53.196347742229214, 151.58444567791526
2.9293152693067026, 50.26703247292251
0.0, 2.9293152693067026
0.0, 2.9293152693067026
23.510458344148166, 29.68588939808105
0.0, 23.510458344148166
11.041412201408919, 12.469046142739247
0.0, 11.041412201408919
0.0, 11.041412201408919
200.35073092922983, 4.430062490914651
0.0, 200.35073092922983
170.12872202068868, 30.22200890854114
0.0, 170.12872202068868
33.05811084048662, 137.07061118020206
0.0, 33.05811084048662
30.64142256612067, 2.4166882743659492
0.0, 30.64142256612067
0.0, 30.64142256612067
385.35371698537097, 304.3189851753435
220.58937622942304, 164.76434075594793
212.2390435694534, 8.350332659969638
203.6561853590124, 8.582858210441003
200.0161507786546, 3.640034580357792
48.45043048730428, 151.56572029135032
0.0, 48.45043048730428
16.429265204336712, 32.02116528296757
0.0, 16.429265204336712
0.0, 16.429265204336712
87.37487438142459, 112.64127639723002
0.0, 87.37487438142459
0.0, 87.37487438142459
201.0781277116495, 2.578057647362897
0.0, 201.0781277116495
3.193856716578341, 197.88427099507115
0.0, 3.193856716578341
0.0, 3.193856716578341
208.5866897752528, 3.652353794200593
24.823855721918264, 183.76283405333453
0.0, 24.823855721918264
0.0, 24.823855721918264
113.96275366288945, 94.62393611236335
45.88675765303222, 68.07599600985723
0.0, 45.88675765303222
0.0, 45.88675765303222
101.29135903659892, 12.671394626290535
6.326550389199865, 94.96480864739905
0.0, 6.326550389199865
0.0, 6.326550389199865
100.3569487091777, 0.9344103274212188
0.0, 100.3569487091777
52.34786042161406, 48.00908828756364
0.0, 52.34786042161406
0.0, 52.34786042161406
214.18167867403062, 6.407697555392417
57.35722420507472, 156.8244544689559
0.0, 57.35722420507472
20.462415438043678, 36.894808767031044
0.0, 20.462415438043678
0.0, 20.462415438043678
213.794511023973, 0.38716765005762
0.0, 213.794511023973
157.34557786137688, 56.44893316259612
0.0, 157.34557786137688
0.0, 157.34557786137688
309.02124499970336, 76.33247198566761
238.76503841393435, 70.25620658576901
184.78208703689359, 53.98295137704076
0.0, 184.78208703689359
159.9980513684288, 24.78403566846478
0.0, 159.9980513684288
0.0, 159.9980513684288
222.7231545376785, 16.041883876255838
207.1813535712682, 15.541800966410307
204.32443811859096, 2.8569154526772422
0.0, 204.32443811859096
164.47456760761065, 39.84987051098031
0.0, 164.47456760761065
61.18264649359468, 103.29192111401596
0.0, 61.18264649359468
53.894675123569414, 7.287971370025268
0.0, 53.894675123569414
0.0, 53.894675123569414
204.4852575337153, 2.6960960375529055
158.36086848274692, 46.124389050968375
58.39340164051911, 99.96746684222782
0.0, 58.39340164051911
26.637477142669972, 31.755924497849136
0.0, 26.637477142669972
20.552250416695305, 6.0852267259746675
0.0, 20.552250416695305
0.0, 20.552250416695305
116.15285951976651, 42.208008962980415
59.93854154525223, 56.21431797451428
0.0, 59.93854154525223
0.0, 59.93854154525223
70.63130213142871, 45.5215573883378
0.0, 70.63130213142871
0.0, 70.63130213142871
204.4718287427996, 0.013428790915696709
0.0, 204.4718287427996
106.83788391650042, 97.63394482629919
26.846649322757617, 79.9912345937428
0.0, 26.846649322757617
0.0, 26.846649322757617
54.438025575401205, 52.39985834109921
0.0, 54.438025575401205
4.0052963142347355, 50.43272926116647
0.0, 4.0052963142347355
0.0, 4.0052963142347355
221.74995897473508, 0.973195562943431
0.0, 221.74995897473508
202.31283417177406, 19.437124802961023
0.0, 202.31283417177406
147.80001783570182, 54.512816336072234
52.9911450861175, 94.80887274958432
0.0, 52.9911450861175
17.156720735687287, 35.83442435043021
0.0, 17.156720735687287
0.0, 17.156720735687287
84.69740916757324, 63.10260866812858
0.0, 84.69740916757324
52.866538056948805, 31.830871110624436
0.0, 52.866538056948805
3.6330784120190938, 49.23345964492971
0.0, 3.6330784120190938
0.0, 3.6330784120190938
247.71795056026116, 61.3032944394422
232.77219115796038, 14.94575940230078
217.45732017002814, 15.314870987932238
7.703323089508208, 209.75399708051992
0.0, 7.703323089508208
0.0, 7.703323089508208
210.28414745380687, 7.1731727162212735
3.475991179163374, 206.8081562746435
0.0, 3.475991179163374
0.0, 3.475991179163374
202.2071270403176, 8.077020413489265
60.26858537696094, 141.93854166335666
0.0, 60.26858537696094
0.0, 60.26858537696094
141.4976777702581, 60.70944927005951
0.0, 141.4976777702581
48.495255256307, 93.0024225139511
0.0, 48.495255256307
41.16837260857667, 7.326882647730329
0.0, 41.16837260857667
0.0, 41.16837260857667
224.21164714913417, 8.560544008826213
210.83312273324947, 13.378524415884698
201.13855206970177, 9.694570663547694
0.0, 201.13855206970177
179.39907378165853, 21.739478288043244
115.55064640296143, 63.848427378697096
0.0, 115.55064640296143
46.47423696237897, 69.07640944058247
0.0, 46.47423696237897
0.0, 46.47423696237897
142.89610984932617, 36.502963932332364
0.0, 142.89610984932617
75.03327358975953, 67.86283625956663
0.0, 75.03327358975953
0.0, 75.03327358975953
208.58253895947928, 2.250583773770188
202.09758997608753, 6.484948983391746
0.0, 202.09758997608753
139.76328469394713, 62.334305282140406
77.64455210611953, 62.118732587827594
0.0, 77.64455210611953
5.281981452863949, 72.36257065325559
0.0, 5.281981452863949
0.0, 5.281981452863949
138.5032279026401, 1.2600567913070222
0.0, 138.5032279026401
0.0, 138.5032279026401
205.89537642878486, 2.6871625306944225
89.42895155060343, 116.46642487818143
0.0, 89.42895155060343
0.0, 89.42895155060343
202.44937498644282, 3.4460014423420375
30.885960626046263, 171.56341436039656
0.0, 30.885960626046263
0.0, 30.885960626046263
41.459217007178125, 160.9901579792647
0.0, 41.459217007178125
32.64382846443474, 8.815388542743385
0.0, 32.64382846443474
0.0, 32.64382846443474
216.9436911885823, 7.267955960551859
111.16240364535574, 105.78128754322657
0.0, 111.16240364535574
0.0, 111.16240364535574
205.72664294072547, 11.217048247856837
0.0, 205.72664294072547
0.0, 205.72664294072547
243.44103074119394, 4.276919819067217
205.25761777660884, 38.1834129645851
0.0, 205.25761777660884
0.0, 205.25761777660884
242.09985484235807, 1.3411758988358713
0.0, 242.09985484235807
216.8767165807055, 25.223138261652565
74.55531002742951, 142.321406553276
0.0, 74.55531002742951
17.804428543708077, 56.750881483721436
0.0, 17.804428543708077
0.0, 17.804428543708077
209.77687099986468, 7.099845580840821
0.0, 209.77687099986468
110.53589256986895, 99.24097842999574
0.0, 110.53589256986895
94.08093012202671, 16.454962447842234
0.0, 94.08093012202671
0.0, 94.08093012202671
829.6112758760478, 904.1259201986106
283.9406125324755, 545.6706633435723
250.3115924395265, 33.62902009294899
208.19288989039742, 42.11870254912907
112.21517957877765, 95.97771031161977
0.0, 112.21517957877765
69.91669057364832, 42.298489005129326
0.0, 69.91669057364832
0.0, 69.91669057364832
203.99105481992757, 4.201835070469855
91.22414340464614, 112.76691141528143
0.0, 91.22414340464614
33.27640785713471, 57.947735547511435
0.0, 33.27640785713471
7.2144238612448515, 26.061983995889854
0.0, 7.2144238612448515
0.0, 7.2144238612448515
193.8790506990219, 10.11200412090568
127.87889041831117, 66.00016028071072
0.0, 127.87889041831117
26.058466425580484, 101.8204239927307
0.0, 26.058466425580484
0.0, 26.058466425580484
158.01312993997874, 35.86592075904315
0.0, 158.01312993997874
156.93763614549425, 1.075493794484487
0.0, 156.93763614549425
10.026932108930302, 146.91070403656394
0.0, 10.026932108930302
0.0, 10.026932108930302
212.4165508614256, 37.89504157810089
0.0, 212.4165508614256
207.45184433321268, 4.964706528212929
0.0, 207.45184433321268
70.95834523261013, 136.49349910060255
36.79527926283768, 34.16306596977245
0.0, 36.79527926283768
17.059401001665318, 19.735878261172363
0.0, 17.059401001665318
0.0, 17.059401001665318
40.57572054789483, 30.382624684715296
0.0, 40.57572054789483
6.207376858295037, 34.3683436895998
0.0, 6.207376858295037
0.0, 6.207376858295037
262.23982284188713, 21.70078969058835
210.924232475672, 51.31559036621513
0.0, 210.924232475672
200.03571613736108, 10.888516338310922
0.0, 200.03571613736108
0.0, 200.03571613736108
225.0393435310551, 37.20047931083204
98.60393521368772, 126.43540831736738
0.0, 98.60393521368772
0.0, 98.60393521368772
219.22261829072283, 5.816725240332261
201.07615128559277, 18.146467005130063
0.0, 201.07615128559277
4.433885357173602, 196.64226592841916
0.0, 4.433885357173602
0.0, 4.433885357173602
208.99307053981377, 10.229547750909063
0.0, 208.99307053981377
147.18553726739216, 61.80753327242161
0.0, 147.18553726739216
48.55780662064382, 98.62773064674835
0.0, 48.55780662064382
24.018163969685475, 24.539642650958342
0.0, 24.018163969685475
0.0, 24.018163969685475
609.3886501525428, 220.22262572350496
395.09610810581336, 214.29254204672947
283.62097699456024, 111.47513111125312
200.30416718079994, 83.3168098137603
73.91742226386663, 126.38674491693331
0.0, 73.91742226386663
13.715920727532811, 60.201501536333815
0.0, 13.715920727532811
0.0, 13.715920727532811
74.03508173354997, 126.26908544724996
0.0, 74.03508173354997
2.3306764641967783, 71.70440526935319
0.0, 2.3306764641967783
0.0, 2.3306764641967783
264.09160272838204, 19.529374266178195
0.0, 264.09160272838204
257.7996869105423, 6.291915817839765
224.89227179452897, 32.90741511601331
201.39875316391823, 23.493518630610737
0.0, 201.39875316391823
201.12752958271744, 0.27122358120078616
0.0, 201.12752958271744
144.5141886624614, 56.613340920256036
47.623192106908405, 96.890996555553
0.0, 47.623192106908405
0.0, 47.623192106908405
101.4774192653544, 43.03676939710701
0.0, 101.4774192653544
2.1577482822927356, 99.31967098306167
0.0, 2.1577482822927356
0.0, 2.1577482822927356
217.60157581927044, 7.290695975258529
212.04703309673528, 5.55454272253516
87.38823402574403, 124.65879907099125
0.0, 87.38823402574403
0.0, 87.38823402574403
211.32541308355593, 0.7216200131793471
0.0, 211.32541308355593
209.8841478021857, 1.441265281370221
79.72089447756234, 130.16325332462338
0.0, 79.72089447756234
66.4344744469311, 13.286420030631234
0.0, 66.4344744469311
0.0, 66.4344744469311
208.25719186508854, 1.626955937097165
0.0, 208.25719186508854
9.6124716394646, 198.64472022562396
0.0, 9.6124716394646
0.0, 9.6124716394646
215.89776358189965, 1.7038122373707836
201.18185067483154, 14.715912907068116
0.0, 201.18185067483154
200.19321633365715, 0.9886343411743894
0.0, 200.19321633365715
135.95911693980267, 64.23409939385448
8.536774902271715, 127.42234203753095
0.0, 8.536774902271715
0.0, 8.536774902271715
40.575030194835804, 95.38408674496687
0.0, 40.575030194835804
0.0, 40.575030194835804
205.84176660512637, 10.055996976773287
0.0, 205.84176660512637
204.57446004889928, 1.2673065562270835
143.0228044653539, 61.5516555835454
0.0, 143.0228044653539
0.0, 143.0228044653539
166.27717884030275, 38.29728120859653
149.86126742204684, 16.415911418255916
20.394425940182078, 129.46684148186475
0.0, 20.394425940182078
0.0, 20.394425940182078
110.52344218243041, 39.33782523961642
0.0, 110.52344218243041
78.34588312628466, 32.17755905614575
0.0, 78.34588312628466
77.2663918871197, 1.079491239164966
0.0, 77.2663918871197
0.0, 77.2663918871197
161.83170690951465, 4.445471930788102
55.68382973742749, 106.14787717208716
17.354033800129596, 38.32979593729789
0.0, 17.354033800129596
0.0, 17.354033800129596
22.319677567758806, 33.364152169668685
0.0, 22.319677567758806
15.265577392596, 7.054100175162805
0.0, 15.265577392596
0.0, 15.265577392596
75.54242193424211, 86.28928497527254
0.0, 75.54242193424211
0.0, 75.54242193424211
253.62891873643267, 4.170768174109611
230.74020259533847, 22.888716141094193
206.27434407960598, 24.465858515732492
186.4266665164658, 19.847677563140195
0.0, 186.4266665164658
3.0089447534789264, 183.41772176298687
0.0, 3.0089447534789264
0.0, 3.0089447534789264
200.96875533148093, 5.3055887481250465
0.0, 200.96875533148093
118.60811781474848, 82.36063751673245
0.0, 118.60811781474848
109.38897153820895, 9.219146276539533
0.0, 109.38897153820895
4.873779229485464, 104.51519230872348
0.0, 4.873779229485464
0.0, 4.873779229485464
220.61917069615458, 10.12103189918389
209.17296753373026, 11.446203162424325
204.54878374475734, 4.624183788972914
0.0, 204.54878374475734
203.29655936444118, 1.2522243803161643
47.89241725278377, 155.4041421116574
0.0, 47.89241725278377
0.0, 47.89241725278377
186.66504419408787, 16.63151517035331
0.0, 186.66504419408787
58.7863386700266, 127.87870552406127
0.0, 58.7863386700266
0.0, 58.7863386700266
206.06310528375752, 3.1098622499727355
188.79658365270052, 17.266521631057003
116.2135761934391, 72.58300745926142
0.0, 116.2135761934391
0.0, 116.2135761934391
183.36246711615922, 5.434116536541296
30.530448557444604, 152.83201855871462
0.0, 30.530448557444604
0.0, 30.530448557444604
75.05212358228694, 108.31034353387228
0.0, 75.05212358228694
0.0, 75.05212358228694
203.13268205461284, 2.9304232291446795
0.0, 203.13268205461284
157.26245781958235, 45.87022423503049
71.30974805178396, 85.9527097677984
0.0, 71.30974805178396
0.0, 71.30974805178396
79.10506895998394, 78.15738885959841
75.87983176526134, 3.2252371947225953
0.0, 75.87983176526134
44.43476524611787, 31.445066519143474
0.0, 44.43476524611787
18.80083506912385, 25.63393017699402
0.0, 18.80083506912385
0.0, 18.80083506912385
77.78763415307938, 1.3174348069045578
0.0, 77.78763415307938
51.01269674517387, 26.77493740790551
0.0, 51.01269674517387
30.652086856409166, 20.360609888764703
0.0, 30.652086856409166
0.0, 30.652086856409166
217.3417579029864, 3.277412793168196
0.0, 217.3417579029864
208.36905914730335, 8.97269875568304
166.6292449094428, 41.73981423786054
29.37497141875191, 137.25427349069088
0.0, 29.37497141875191
0.0, 29.37497141875191
44.76367944973223, 121.86556545971058
0.0, 44.76367944973223
6.773395680821984, 37.990283768910245
0.0, 6.773395680821984
0.0, 6.773395680821984
201.30173020345504, 7.06732894384831
0.0, 201.30173020345504
162.02000775876573, 39.28172244468931
0.0, 162.02000775876573
0.0, 162.02000775876573
241.08787646401373, 12.541042272418935
205.69290489848368, 35.39497156553006
9.026997177406498, 196.6659077210772
0.0, 9.026997177406498
0.0, 9.026997177406498
31.15813241572067, 174.534772482763
0.0, 31.15813241572067
0.0, 31.15813241572067
208.81479826153546, 32.273078202478274
0.0, 208.81479826153546
0.0, 208.81479826153546
349.85757147127396, 45.2385366345394
0.0, 349.85757147127396
325.76304097153525, 24.09453049973871
216.02922900694102, 109.73381196459422
202.27519336207814, 13.754035644862881
158.9228660141826, 43.35232734789554
57.26104644329753, 101.66181957088507
0.0, 57.26104644329753
45.89168803801338, 11.369358405284153
0.0, 45.89168803801338
28.82953106297718, 17.0621569750362
0.0, 28.82953106297718
0.0, 28.82953106297718
125.61201734396299, 33.31084867021961
0.0, 125.61201734396299
0.0, 125.61201734396299
178.84783790643684, 23.427355455641305
0.0, 178.84783790643684
5.903380839188326, 172.94445706724852
0.0, 5.903380839188326
0.0, 5.903380839188326
208.54219192652312, 7.487037080417906
138.60336883570943, 69.93882309081368
0.21843459560471326, 138.3849342401047
0.0, 0.21843459560471326
0.0, 0.21843459560471326
18.425794404871525, 120.17757443083791
0.0, 18.425794404871525
0.0, 18.425794404871525
202.79335790518962, 5.748834021333494
200.03806949589543, 2.755288409294195
0.0, 200.03806949589543
0.0, 200.03806949589543
200.07638814490144, 2.7169697602881797
0.0, 200.07638814490144
86.84766814205032, 113.22872000285112
30.5213361568039, 56.326331985246426
0.0, 30.5213361568039
0.0, 30.5213361568039
81.27447760935652, 5.5731905326938005
0.0, 81.27447760935652
78.89191576206191, 2.3825618472946104
0.0, 78.89191576206191
0.0, 78.89191576206191
288.384706884619, 37.378334086916254
235.20259116589102, 53.18211571872797
0.0, 235.20259116589102
206.0046001878868, 29.197990978004214
201.87201460895298, 4.132585578933828
32.525777895470775, 169.3462367134822
0.0, 32.525777895470775
0.0, 32.525777895470775
200.41690592530304, 1.4551086836499394
0.0, 200.41690592530304
135.63671956853247, 64.78018635677057
0.0, 135.63671956853247
25.93476544460564, 109.70195412392682
0.0, 25.93476544460564
0.0, 25.93476544460564
205.1404680864366, 0.8641321014501955
202.47913275129588, 2.661335335140734
0.0, 202.47913275129588
201.83515121354762, 0.6439815377482603
39.87995679191762, 161.95519442162998
0.0, 39.87995679191762
0.0, 39.87995679191762
42.830859129113975, 159.00429208443364
5.79704656749714, 37.033812561616834
0.0, 5.79704656749714
0.0, 5.79704656749714
42.15106931203178, 0.6797898170821952
0.0, 42.15106931203178
34.42030831890388, 7.730760993127902
0.0, 34.42030831890388
0.0, 34.42030831890388
204.78740023668067, 0.35306784975594496
168.24876481053818, 36.53863542614249
0.0, 168.24876481053818
0.0, 168.24876481053818
201.44171044806407, 3.345689788616596
56.43394733396065, 145.00776311410343
0.0, 56.43394733396065
0.0, 56.43394733396065
201.280550155209, 0.16116029285507238
0.0, 201.280550155209
0.0, 201.280550155209
273.21643299718403, 15.168273887434964
208.12559545987648, 65.09083753730755
202.6560938763215, 5.4695015835549725
202.1223459689817, 0.5337479073398015
160.91887265644783, 41.20347331253387
0.0, 160.91887265644783
29.58478186167112, 131.3340907947767
0.0, 29.58478186167112
3.89703010125799, 25.687751760413132
0.0, 3.89703010125799
0.0, 3.89703010125799
176.58117317914875, 25.541172789832956
0.0, 176.58117317914875
162.35737828634987, 14.223794892798878
0.0, 162.35737828634987
0.0, 162.35737828634987
202.61041435044888, 0.0456795258726288
0.0, 202.61041435044888
36.509238422654576, 166.10117592779432
0.0, 36.509238422654576
8.177136990098191, 28.332101432556385
0.0, 8.177136990098191
0.0, 8.177136990098191
204.3252404631833, 3.800354996693187
70.62066237842053, 133.70457808476277
0.0, 70.62066237842053
0.0, 70.62066237842053
203.52181031278354, 0.8034301503997483
163.97767178895728, 39.54413852382626
0.0, 163.97767178895728
31.299000645803144, 132.67867114315413
9.045468926554141, 22.253531719249004
0.0, 9.045468926554141
8.164438074813406, 0.8810308517407357
0.0, 8.164438074813406
0.0, 8.164438074813406
16.891477253664824, 14.40752339213832
0.0, 16.891477253664824
0.0, 16.891477253664824
178.27318637699585, 25.24862393578769
16.933813272282116, 161.33937310471373
0.0, 16.933813272282116
8.534550449965703, 8.399262822316413
1.6649323827845268, 6.869618067181176
0.0, 1.6649323827845268
0.0, 1.6649323827845268
7.659602576356936, 0.8749478736087672
0.0, 7.659602576356936
0.0, 7.659602576356936
98.88354453316376, 79.3896418438321
0.0, 98.88354453316376
0.0, 98.88354453316376
226.0466174380394, 47.16981555914464
209.49676761542273, 16.549849822616665
205.09971031175428, 4.397057303668447
200.34506793584438, 4.754642375909896
0.0, 200.34506793584438
61.340170013666636, 139.00489792217775
0.0, 61.340170013666636
12.069369978609018, 49.27080003505762
0.0, 12.069369978609018
0.0, 12.069369978609018
202.50914859266553, 2.590561719088754
200.33245853764575, 2.176690055019776
0.0, 200.33245853764575
70.90924097007063, 129.42321756757514
0.0, 70.90924097007063
58.18510605729652, 12.724134912774105
0.0, 58.18510605729652
0.0, 58.18510605729652
200.6108222162356, 1.8983263764299352
0.0, 200.6108222162356
0.0, 200.6108222162356
209.44311705801937, 0.053650557403358334
16.75609360725243, 192.68702345076693
0.0, 16.75609360725243
9.681236963693825, 7.074856643558606
0.0, 9.681236963693825
0.0, 9.681236963693825
200.21833135870753, 9.224785699311838
0.0, 200.21833135870753
40.5410551708141, 159.67727618789343
0.0, 40.5410551708141
0.0, 40.5410551708141
219.20386510446997, 6.842752333569422
56.645713846274724, 162.55815125819524
0.0, 56.645713846274724
17.60656774179976, 39.039146104474966
0.0, 17.60656774179976
0.0, 17.60656774179976
84.89189258687199, 134.31197251759798
0.0, 84.89189258687199
0.0, 84.89189258687199
473.2787516729035, 136.1098984796393
237.96405204131563, 235.3146996315879
214.39719493773535, 23.566857103580276
0.0, 214.39719493773535
207.34319611894702, 7.05399881878833
167.82966591825746, 39.51353020068956
0.0, 167.82966591825746
0.0, 167.82966591825746
204.30727190025192, 3.0359242186951008
95.98603428426505, 108.32123761598687
0.0, 95.98603428426505
41.303920787904104, 54.68211349636094
0.0, 41.303920787904104
14.261889916223726, 27.042030871680378
0.0, 14.261889916223726
0.0, 14.261889916223726
202.0545092088775, 2.2527626913744143
0.0, 202.0545092088775
192.1254498366498, 9.929059372227698
0.0, 192.1254498366498
0.0, 192.1254498366498
219.58627709602138, 18.37777494529425
0.0, 219.58627709602138
0.0, 219.58627709602138
275.3900207605796, 197.88873091232392
255.25273269356046, 20.137288067019142
207.29957763365687, 47.953155059903594
0.0, 207.29957763365687
201.51895729390037, 5.780620339756496
146.89000445817018, 54.62895283573019
0.0, 146.89000445817018
0.0, 146.89000445817018
200.80134413867947, 0.7176131552209029
20.14043118458448, 180.66091295409498
0.0, 20.14043118458448
0.0, 20.14043118458448
140.7184825529258, 60.082861585753676
0.0, 140.7184825529258
0.0, 140.7184825529258
222.94069172606342, 32.31204096749704
207.725066653362, 15.215625072701414
23.88653947299064, 183.83852718037136
0.0, 23.88653947299064
0.0, 23.88653947299064
106.32351398937945, 101.40155266398256
0.0, 106.32351398937945
0.0, 106.32351398937945
217.03212431120116, 5.908567414862262
141.04907704661653, 75.98304726458463
0.0, 141.04907704661653
0.0, 141.04907704661653
207.43220536530023, 9.599918945900924
186.8649201043768, 20.567285260923427
0.0, 186.8649201043768
103.7976945299623, 83.06722557441451
0.0, 103.7976945299623
0.0, 103.7976945299623
201.81826434036628, 5.6139410249339505
59.02320833119143, 142.79505600917486
0.0, 59.02320833119143
0.0, 59.02320833119143
85.7949910408983, 116.02327329946799
0.0, 85.7949910408983
13.086932329503664, 72.70805871139463
0.0, 13.086932329503664
0.0, 13.086932329503664
263.4367289683606, 11.953291792218977
221.52028510348393, 41.9164438648767
0.0, 221.52028510348393
210.3375565031949, 11.182728600289039
203.0672617108802, 7.270294792314701
124.53163379386405, 78.53562791701614
0.0, 124.53163379386405
0.0, 124.53163379386405
154.3271174598164, 48.74014425106378
0.0, 154.3271174598164
36.85584330914684, 117.47127415066956
0.0, 36.85584330914684
0.0, 36.85584330914684
209.01197456607778, 1.3255819371171071
145.45444748563247, 63.55752708044531
0.0, 145.45444748563247
72.87317707651208, 72.58127040912039
0.0, 72.87317707651208
0.0, 72.87317707651208
203.83010601656298, 5.181868549514803
200.36759435970876, 3.4625116568542182
0.0, 200.36759435970876
4.400593868566118, 195.96700049114264
0.0, 4.400593868566118
0.0, 4.400593868566118
203.46073965903852, 0.3693663575244557
0.0, 203.46073965903852
171.01546668271934, 32.44527297631919
0.0, 171.01546668271934
150.82607407688286, 20.189392605836474
0.0, 150.82607407688286
93.47587202385067, 57.35020205303219
0.0, 93.47587202385067
0.0, 93.47587202385067
257.80406120896646, 5.632667759394167
210.82133719252943, 46.98272401643703
196.1569068162857, 14.664430376243729
0.0, 196.1569068162857
138.3964516643539, 57.76045515193181
0.0, 138.3964516643539
50.998323536907456, 87.39812812744643
1.4863442309626098, 49.51197930594485
0.0, 1.4863442309626098
0.8260673357185296, 0.6602768952440802
0.0, 0.8260673357185296
0.0, 0.8260673357185296
29.718593398943213, 21.279730137964243
0.0, 29.718593398943213
0.0, 29.718593398943213
207.4830142414464, 3.338322951083029
0.0, 207.4830142414464
202.51476811024412, 4.968246131202278
35.956083985001094, 166.55868412524302
0.0, 35.956083985001094
14.605952744602684, 21.35013124039841
0.0, 14.605952744602684
0.0, 14.605952744602684
202.23546096739005, 0.27930714285406566
188.06960337090047, 14.165857596489587
0.0, 188.06960337090047
153.4558067830544, 34.61379658784605
0.0, 153.4558067830544
129.56235226679806, 23.893454516256355
0.0, 129.56235226679806
84.94201641924775, 44.62033584755031
0.0, 84.94201641924775
0.0, 84.94201641924775
200.5122930149626, 1.7231679524274455
0.0, 200.5122930149626
0.0, 200.5122930149626
221.56266767979963, 36.24139352916683
212.8479594631681, 8.714708216631522
0.0, 212.8479594631681
211.17501429795212, 1.6729451652159923
0.0, 211.17501429795212
12.462303138914288, 198.71271115903784
0.0, 12.462303138914288
0.0, 12.462303138914288
214.75246107434782, 6.8102066054518104
207.80366894272237, 6.948792131625453
0.0, 207.80366894272237
204.62359854260595, 3.1800704001164206
0.0, 204.62359854260595
42.93709654749724, 161.6865019951087
0.0, 42.93709654749724
34.88469155016807, 8.05240499732917
0.0, 34.88469155016807
26.82916409828159, 8.05552745188648
0.0, 26.82916409828159
0.0, 26.82916409828159
211.2874516222813, 3.4650094520665107
201.1055691195065, 10.181882502774812
184.31203075366994, 16.793538365836554
7.264270903531774, 177.04775985013816
0.0, 7.264270903531774
0.0, 7.264270903531774
173.96372431609595, 10.348306437573996
0.0, 173.96372431609595
13.060482999247336, 160.9032413168486
0.0, 13.060482999247336
0.0, 13.060482999247336
200.5787590910818, 0.5268100284247055
0.0, 200.5787590910818
171.75381029244576, 28.82494879863603
0.0, 171.75381029244576
0.0, 171.75381029244576
209.0976247708197, 2.1898268514616177
50.1052303905301, 158.9923943802896
0.0, 50.1052303905301
15.113268483570879, 34.991961906959226
0.0, 15.113268483570879
0.0, 15.113268483570879
206.37718813831967, 2.720436632500025
0.0, 206.37718813831967
32.61147508671467, 173.765713051605
9.358539144151424, 23.252935942563248
0.0, 9.358539144151424
0.0, 9.358539144151424
20.357152983718464, 12.254322102996206
0.0, 20.357152983718464
0.0, 20.357152983718464
4830.147531533742, 20068.84009305828
270.3434824471544, 4559.804049086588
216.98687738181016, 53.35660506534421
56.75958198770258, 160.22729539410759
0.0, 56.75958198770258
9.771802323873034, 46.98777966382955
0.0, 9.771802323873034
0.0, 9.771802323873034
133.17570020250335, 83.81117717930681
0.0, 133.17570020250335
92.64181592779249, 40.53388427471086
0.0, 92.64181592779249
0.0, 92.64181592779249
252.3650386212115, 17.97844382594286
243.14567741664337, 9.219361204568145
208.7442774227174, 34.40139999392596
0.0, 208.7442774227174
0.0, 208.7442774227174
233.74174287339676, 9.403934543246606
215.11060138591463, 18.631141487482125
200.650084958356, 14.460516427558645
106.45752541855208, 94.19255953980391
0.0, 106.45752541855208
39.817576002896615, 66.63994941565547
0.0, 39.817576002896615
5.377089184264628, 34.44048681863199
0.0, 5.377089184264628
0.0, 5.377089184264628
200.40941706860067, 0.24066788975531495
0.0, 200.40941706860067
49.80080474807501, 150.60861232052565
0.0, 49.80080474807501
44.978199082771376, 4.822605665303634
0.0, 44.978199082771376
30.5931992348233, 14.384999847948077
0.0, 30.5931992348233
0.0, 30.5931992348233
208.64112020744253, 6.469481178472108
204.28894166124593, 4.352178546196598
152.8230728265626, 51.465868834683334
23.67174860463386, 129.15132422192875
0.0, 23.67174860463386
16.662213435134234, 7.009535169499625
0.0, 16.662213435134234
0.0, 16.662213435134234
109.4521066624959, 43.3709661640667
0.0, 109.4521066624959
7.684688210319391, 101.7674184521765
0.0, 7.684688210319391
4.047260564025566, 3.6374276462938244
0.0, 4.047260564025566
0.0, 4.047260564025566
158.90700638316483, 45.3819352780811
0.0, 158.90700638316483
0.0, 158.90700638316483
206.80916904700186, 1.831951160440667
26.40926134396348, 180.39990770303837
0.0, 26.40926134396348
0.0, 26.40926134396348
204.5730377777027, 2.2361312692991646
0.0, 204.5730377777027
196.71044181418495, 7.862595963517748
0.0, 196.71044181418495
40.67269825374481, 156.03774356044013
2.7704783278737417, 37.90221992587107
0.0, 2.7704783278737417
0.0, 2.7704783278737417
21.680731843406928, 18.991966410337884
0.0, 21.680731843406928
0.0, 21.680731843406928
223.86060006069866, 9.881142812698101
201.17622632222617, 22.684373738472488
0.0, 201.17622632222617
9.00738724725821, 192.16883907496796
0.0, 9.00738724725821
0.0, 9.00738724725821
212.72045645788128, 11.140143602817375
0.0, 212.72045645788128
201.61305315013553, 11.107403307745756
165.06640530293333, 36.546647847202195
0.0, 165.06640530293333
0.0, 165.06640530293333
200.46980666201523, 1.1432464881202975
0.0, 200.46980666201523
0.0, 200.46980666201523
245.54558747331563, 6.819451147895876
72.82272883324117, 172.72285864007446
0.0, 72.82272883324117
0.0, 72.82272883324117
213.2796990753163, 32.26588839799933
205.81212231492057, 7.46757676039573
201.86808409695456, 3.9440382179660105
0.0, 201.86808409695456
148.33657167592702, 53.53151242102754
8.447771725848039, 139.88879995007898
0.0, 8.447771725848039
0.0, 8.447771725848039
49.27620045639861, 99.0603712195284
0.0, 49.27620045639861
0.0, 49.27620045639861
204.85100443280388, 0.9611178821166959
0.0, 204.85100443280388
200.47721013519276, 4.373794297611113
0.0, 200.47721013519276
200.27073130555362, 0.20647882963913844
44.06871561633103, 156.2020156892226
0.0, 44.06871561633103
29.87272722887857, 14.195988387452463
0.0, 29.87272722887857
0.0, 29.87272722887857
88.54576964754156, 111.72496165801206
0.0, 88.54576964754156
88.0516955829036, 0.49407406463795667
0.0, 88.0516955829036
0.0, 88.0516955829036
210.25899134835134, 3.0207077269649574
0.0, 210.25899134835134
202.09937620398532, 8.159615144366029
0.0, 202.09937620398532
0.0, 202.09937620398532
321.9575462342308, 4508.189985299511
254.83316512040992, 67.12438111382087
239.27101298427334, 15.562152136136575
208.06632758967015, 31.20468539460319
0.0, 208.06632758967015
207.1552651850054, 0.9110624046647615
195.21804542846965, 11.93721975653574
0.0, 195.21804542846965
115.29132532353995, 79.9267201049297
74.09968653484414, 41.19163878869581
0.0, 74.09968653484414
29.307133427677886, 44.792553107166256
17.472776345504982, 11.834357082172904
0.0, 17.472776345504982
0.0, 17.472776345504982
24.94529466194652, 4.361838765731367
0.0, 24.94529466194652
0.0, 24.94529466194652
101.89490623400495, 13.396419089535001
0.0, 101.89490623400495
0.0, 101.89490623400495
202.1219563158966, 5.033308869108794
196.71858176028095, 5.403374555615642
1.8456285058380917, 194.87295325444288
0.0, 1.8456285058380917
0.0, 1.8456285058380917
24.647593121353903, 172.07098863892705
0.0, 24.647593121353903
0.0, 24.647593121353903
200.2001060019412, 1.9218503139553889
88.68550330189706, 111.51460270004415
0.0, 88.68550330189706
24.528562085731558, 64.1569412161655
0.0, 24.528562085731558
0.0, 24.528562085731558
105.31857982805612, 94.88152617388509
0.0, 105.31857982805612
0.0, 105.31857982805612
231.48323859750388, 7.787774386769456
202.56308965183646, 28.92014894566742
126.84795170397435, 75.71513794786212
0.0, 126.84795170397435
104.77696315453936, 22.070988549434986
93.44321853309697, 11.333744621442392
0.0, 93.44321853309697
50.343380971517625, 43.09983756157934
0.0, 50.343380971517625
0.0, 50.343380971517625
96.60300015518446, 8.173962999354899
0.0, 96.60300015518446
22.179009569951226, 74.42399058523324
0.0, 22.179009569951226
0.0, 22.179009569951226
198.36981935616544, 4.193270295671027
14.541155321037351, 183.8286640351281
0.0, 14.541155321037351
0.0, 14.541155321037351
48.83783350232475, 149.5319858538407
0.0, 48.83783350232475
0.0, 48.83783350232475
227.9258632330452, 3.557375364458693
216.48400050823477, 11.44186272481042
211.25659455444963, 5.227405953785137
202.9402772368444, 8.31631731760524
0.0, 202.9402772368444
7.4319507248058345, 195.50832651203856
0.0, 7.4319507248058345
0.0, 7.4319507248058345
204.73313078013436, 6.523463774315275
3.2189002997419762, 201.51423048039237
0.0, 3.2189002997419762
0.0, 3.2189002997419762
129.91640468604058, 74.81672609409378
50.5057989449905, 79.41060574105008
0.0, 50.5057989449905
44.73112602870942, 5.774672916281084
0.0, 44.73112602870942
28.520984571643886, 16.210141457065532
1.3753344645080792, 27.145650107135808
0.0, 1.3753344645080792
0.0, 1.3753344645080792
4.762652229794032, 23.758332341849854
0.0, 4.762652229794032
0.0, 4.762652229794032
95.20885458078438, 34.7075501052562
66.17619176819929, 29.032662812585087
0.0, 66.17619176819929
0.0, 66.17619176819929
77.71520265832672, 17.49365192245766
0.0, 77.71520265832672
19.748935505272858, 57.96626715305386
0.0, 19.748935505272858
0.0, 19.748935505272858
216.1328146454436, 0.35118586279116926
177.17110888162628, 38.96170576381732
14.963881621124292, 162.20722726050198
0.0, 14.963881621124292
1.419562018533172, 13.54431960259112
0.0, 1.419562018533172
0.0, 1.419562018533172
142.67336677326384, 34.497742108362445
0.0, 142.67336677326384
72.89618515030537, 69.77718162295847
0.0, 72.89618515030537
71.92890144614766, 0.9672837041577083
0.0, 71.92890144614766
11.570453162129068, 60.35844828401859
0.0, 11.570453162129068
0.0, 11.570453162129068
200.0564350805096, 16.076379564934
0.0, 200.0564350805096
21.927674924579915, 178.12876015592968
0.0, 21.927674924579915
0.0, 21.927674924579915
217.2169507415654, 10.708912491479794
207.2101063909654, 10.006844350600005
0.0, 207.2101063909654
0.0, 207.2101063909654
215.75720554453395, 1.4597451970314523
10.319693916016014, 205.43751162851794
0.0, 10.319693916016014
0.0, 10.319693916016014
202.66806086124708, 13.089144683286861
94.59608991032903, 108.07197095091806
0.0, 94.59608991032903
0.0, 94.59608991032903
200.4908408438559, 2.1772200173911926
0.0, 200.4908408438559
179.60072120904633, 20.890119634809565
0.0, 179.60072120904633
42.330769139860145, 137.2699520691862
0.0, 42.330769139860145
0.0, 42.330769139860145
245.6664491566797, 9.166715963730212
207.05227655755246, 38.614172599127244
0.0, 207.05227655755246
205.15346161706998, 1.898814940482481
0.0, 205.15346161706998
118.29980961226843, 86.85365200480155
0.0, 118.29980961226843
62.050030367980774, 56.24977924428766
0.0, 62.050030367980774
0.0, 62.050030367980774
218.0474524321955, 27.61899672448419
0.0, 218.0474524321955
205.87944146384865, 12.168010968346863
91.85083662953708, 114.02860483431157
0.0, 91.85083662953708
51.343566936053854, 40.50726969348323
0.0, 51.343566936053854
6.71655820425787, 44.62700873179598
0.0, 6.71655820425787
0.0, 6.71655820425787
203.78371927719127, 2.095722186657383
0.0, 203.78371927719127
129.41582882407508, 74.36789045311619
35.42802140523553, 93.98780741883954
0.0, 35.42802140523553
0.0, 35.42802140523553
36.1127631406312, 93.30306568344388
0.0, 36.1127631406312
11.769361320630201, 24.343401820001
0.0, 11.769361320630201
0.0, 11.769361320630201
302.2046512875945, 19.752894946636275
279.0091800842738, 23.19547120332072
209.27374120900438, 69.73543887526941
202.253790371837, 7.019950837167386
137.3948668182793, 64.8589235535577
30.945542211904684, 106.44932460637462
0.0, 30.945542211904684
30.256250279436852, 0.6892919324678317
0.0, 30.256250279436852
4.0802159164998075, 26.176034362937045
0.0, 4.0802159164998075
0.0, 4.0802159164998075
120.89594397046434, 16.498922847814953
0.0, 120.89594397046434
6.882616003680199, 114.01332796678415
0.0, 6.882616003680199
0.0, 6.882616003680199
201.55788438549277, 0.6959059863442292
58.47814570848676, 143.07973867700602
0.0, 58.47814570848676
2.492189702040071, 55.985956006446685
0.0, 2.492189702040071
0.0, 2.492189702040071
200.4734272343029, 1.0844571511898664
22.233029563597036, 178.24039767070587
0.0, 22.233029563597036
0.0, 22.233029563597036
105.01008411209689, 95.46334312220601
0.0, 105.01008411209689
79.42021923423442, 25.589864877862468
0.0, 79.42021923423442
0.0, 79.42021923423442
202.35937737854636, 6.914363830458029
155.39575376782992, 46.96362361071644
0.0, 155.39575376782992
78.53469500552104, 76.86105876230887
0.0, 78.53469500552104
0.0, 78.53469500552104
202.1002292253805, 0.25914815316585305
9.564757784086122, 192.5354714412944
0.0, 9.564757784086122
0.0, 9.564757784086122
156.2649930786601, 45.835236146720405
0.0, 156.2649930786601
0.0, 156.2649930786601
236.8229762493675, 42.18620383490628
94.58542236283283, 142.23755388653467
0.0, 94.58542236283283
50.99162702055995, 43.59379534227288
0.0, 50.99162702055995
0.0, 50.99162702055995
235.4091117463785, 1.4138645029890142
214.40554508223866, 21.00356666413984
9.635004959344409, 204.77054012289426
0.0, 9.635004959344409
0.0, 9.635004959344409
201.17806573940052, 13.227479342838137
0.0, 201.17806573940052
200.1339430317044, 1.0441227076961184
0.0, 200.1339430317044
164.6438954057973, 35.490047625907096
0.0, 164.6438954057973
135.32476035429164, 29.31913505150567
0.0, 135.32476035429164
59.97063120102934, 75.3541291532623
0.0, 59.97063120102934
0.0, 59.97063120102934
216.4281541310927, 18.980957615285803
207.2102526447217, 9.217901486371005
201.1513235333841, 6.058929111337591
63.44012646459738, 137.71119706878673
0.0, 63.44012646459738
12.93115195245521, 50.50897451214217
0.0, 12.93115195245521
0.0, 12.93115195245521
200.84231613478053, 0.3090073986035691
24.713434273800427, 176.1288818609801
0.0, 24.713434273800427
0.0, 24.713434273800427
70.55108567364847, 130.29123046113205
0.0, 70.55108567364847
38.492912210242935, 32.05817346340554
0.0, 38.492912210242935
0.0, 38.492912210242935
207.09506733894384, 0.11518530577785668
106.78527475234715, 100.30979258659669
0.0, 106.78527475234715
80.82721433377567, 25.958060418571478
45.14505839016886, 35.68215594360681
0.0, 45.14505839016886
10.641911625543674, 34.503146764625185
0.0, 10.641911625543674
0.0, 10.641911625543674
57.81268467167823, 23.014529662097445
0.0, 57.81268467167823
0.0, 57.81268467167823
205.99989173175075, 1.0951756071930845
110.01088817449067, 95.98900355726008
0.0, 110.01088817449067
9.699862666567954, 100.31102550792272
0.0, 9.699862666567954
0.0, 9.699862666567954
204.33009867863476, 1.6697930531159955
0.0, 204.33009867863476
1.0365121699675657, 203.29358650866718
0.0, 1.0365121699675657
0.0, 1.0365121699675657
208.5817111594673, 7.846442971625407
202.5973179057674, 5.984393253699892
43.368660801387485, 159.22865710437992
0.0, 43.368660801387485
0.0, 43.368660801387485
61.951180887459735, 140.64613701830766
0.0, 61.951180887459735
45.203680533539014, 16.74750035392072
0.0, 45.203680533539014
22.810452516380682, 22.393228017158332
0.0, 22.810452516380682
0.0, 22.810452516380682
208.292927283358, 0.288783876109278
101.05777371251772, 107.2351535708403
0.0, 101.05777371251772
67.58971117289775, 33.468062539619964
0.0, 67.58971117289775
24.26920486047244, 43.32050631242531
0.0, 24.26920486047244
0.0, 24.26920486047244
203.07544272827207, 5.217484555085946
0.0, 203.07544272827207
202.0247943563365, 1.0506483719355515
0.0, 202.0247943563365
139.54395814286178, 62.48083621347473
0.0, 139.54395814286178
88.99899724213208, 50.544960900729706
0.0, 88.99899724213208
0.0, 88.99899724213208
295.8058166802685, 6.398834607326023
228.3377901040459, 67.4680265762226
0.0, 228.3377901040459
200.27554261481248, 28.062247489233414
0.0, 200.27554261481248
92.07521379255603, 108.20032882225645
13.276870483776484, 78.79834330877955
0.0, 13.276870483776484
0.0, 13.276870483776484
64.54341173266585, 27.531802059890182
0.0, 64.54341173266585
54.965255527403144, 9.578156205262701
0.0, 54.965255527403144
0.0, 54.965255527403144
295.3164457609765, 0.48937091929201415
200.44232221700383, 94.87412354397264
0.0, 200.44232221700383
128.83687789432784, 71.605444322676
0.0, 128.83687789432784
0.0, 128.83687789432784
225.29114992854002, 70.02529583243646
62.07483166326432, 163.2163182652757
38.55059980412859, 23.524231859135732
0.0, 38.55059980412859
0.0, 38.55059980412859
52.42309622162347, 9.651735441640852
0.0, 52.42309622162347
14.396744956234146, 38.02635126538932
0.0, 14.396744956234146
0.0, 14.396744956234146
220.3190586313981, 4.9720912971419295
200.96288237680494, 19.35617625459315
0.0, 200.96288237680494
200.10593503651998, 0.856947340284961
0.0, 200.10593503651998
0.0, 200.10593503651998
212.78179659597842, 7.537262035419673
201.69193171988164, 11.089864876096783
0.0, 201.69193171988164
200.2991921670527, 1.3927395528289424
0.0, 200.2991921670527
164.7290050948486, 35.57018707220411
0.0, 164.7290050948486
128.42792090804537, 36.30108418680322
0.0, 128.42792090804537
31.29863490645699, 97.12928600158838
0.0, 31.29863490645699
0.0, 31.29863490645699
211.68003072491823, 1.101765871060195
207.93795882754486, 3.742071897373364
64.00994653244175, 143.92801229510312
0.0, 64.00994653244175
0.0, 64.00994653244175
145.56507685236963, 62.37288197517523
17.847482899022857, 127.71759395334678
0.0, 17.847482899022857
0.0, 17.847482899022857
63.34795282979751, 82.21712402257212
0.0, 63.34795282979751
32.2603297209619, 31.087623108835608
0.0, 32.2603297209619
31.80917319395527, 0.4511565270066278
0.0, 31.80917319395527
0.0, 31.80917319395527
208.63717444510962, 3.0428562798086034
200.82788521393104, 7.809289231178582
0.0, 200.82788521393104
0.0, 200.82788521393104
203.90710144693304, 4.730072998176581
0.0, 203.90710144693304
202.93223607911995, 0.974865367813095
0.0, 202.93223607911995
0.0, 202.93223607911995
