node_generations, branch_length
4537.957744698695, 23663.990155788324
168.14548301372292, 4369.812261684972
140.88085774743553, 27.264625266287396
134.71146296833464, 6.169394779100884
59.620378506683785, 75.09108446165087
0.0, 59.620378506683785
56.41234379287616, 3.2080347138076277
0.0, 56.41234379287616
0.0, 56.41234379287616
84.88932382134219, 49.822139146992455
57.09974940861121, 27.78957441273098
0.0, 57.09974940861121
0.0, 57.09974940861121
81.74218112126442, 3.147142700077765
0.0, 81.74218112126442
71.22753086018514, 10.514650261079282
36.14747590711245, 35.08005495307269
0.0, 36.14747590711245
0.0, 36.14747590711245
65.27918665806791, 5.948344202117227
0.0, 65.27918665806791
0.0, 65.27918665806791
135.78506919899834, 5.095788548437184
61.4396698112987, 74.34539938769964
0.0, 61.4396698112987
56.07687518652206, 5.36279462477664
0.0, 56.07687518652206
53.088680173543004, 2.9881950129790553
0.0, 53.088680173543004
52.19575059538955, 0.8929295781534563
0.0, 52.19575059538955
51.37280661698742, 0.8229439784021295
0.0, 51.37280661698742
0.0, 51.37280661698742
65.88768078241102, 69.89738841658732
52.32350760849615, 13.564173173914874
0.0, 52.32350760849615
0.0, 52.32350760849615
59.019403498665106, 6.868277283745918
54.6568091543911, 4.362594344274008
49.272239211448905, 5.384569942942193
0.0, 49.272239211448905
4.219977982529949, 45.05226122891896
0.0, 4.219977982529949
2.3320939226749737, 1.8878840598549753
0.0, 2.3320939226749737
0.0, 2.3320939226749737
52.83845645192269, 1.8183527024684096
0.0, 52.83845645192269
0.0, 52.83845645192269
56.11663891720419, 2.9027645814609144
0.0, 56.11663891720419
54.950052839613974, 1.1665860775902175
0.0, 54.950052839613974
52.99510860001229, 1.9549442396016872
0.0, 52.99510860001229
52.98186219314967, 0.013246406862620574
0.0, 52.98186219314967
32.50368947771943, 20.478172715430233
0.0, 32.50368947771943
28.611043397500314, 3.8926460802191194
0.0, 28.611043397500314
22.939564219690343, 5.671479177809971
0.0, 22.939564219690343
0.0, 22.939564219690343
146.7706273255182, 21.37485568820472
100.77319164828633, 45.99743567723188
63.42098180031568, 37.35220984797065
59.15190626568069, 4.269075534634993
53.608793944441885, 5.543112321238802
41.15277330166415, 12.456020642777737
4.225933663302837, 36.92683963836131
0.0, 4.225933663302837
0.0, 4.225933663302837
30.655343962987367, 10.497429338676781
0.0, 30.655343962987367
0.0, 30.655343962987367
50.19054002205214, 3.418253922389745
0.0, 50.19054002205214
0.0, 50.19054002205214
57.01606935733991, 2.135836908340778
0.0, 57.01606935733991
0.0, 57.01606935733991
61.311493618769745, 2.1094881815459345
59.203678360886045, 2.1078152578837006
56.064066434234164, 3.139611926651881
0.0, 56.064066434234164
0.0, 56.064066434234164
56.38543796858791, 2.8182403922981365
0.0, 56.38543796858791
53.33195270001323, 3.0534852685746756
0.0, 53.33195270001323
0.0, 53.33195270001323
60.09832341391354, 1.2131702048562047
52.42358346721341, 7.674739946700129
0.0, 52.42358346721341
50.52469063777699, 1.89889282943642
0.0, 50.52469063777699
0.0, 50.52469063777699
55.67498541850444, 4.423337995409099
0.0, 55.67498541850444
55.60868943198312, 0.06629598652131818
0.0, 55.60868943198312
50.23723888177162, 5.371450550211506
0.0, 50.23723888177162
0.0, 50.23723888177162
88.6597456132527, 12.113446035033633
57.45954911183281, 31.20019650141989
0.0, 57.45954911183281
0.0, 57.45954911183281
68.59724539176976, 20.062500221482935
0.0, 68.59724539176976
43.761269404407685, 24.835975987362076
0.0, 43.761269404407685
41.6623538370184, 2.098915567389284
0.0, 41.6623538370184
0.0, 41.6623538370184
121.9928983843586, 24.77772894115961
0.0, 121.9928983843586
51.03124858302893, 70.96164980132966
0.0, 51.03124858302893
37.662217714203116, 13.369030868825817
0.0, 37.662217714203116
0.0, 37.662217714203116
529.2883831300884, 4008.6693615686067
192.01126492632957, 337.27711820375885
65.37157922907268, 126.6396856972569
0.0, 65.37157922907268
62.533286252731415, 2.8382929763412648
56.18781085394394, 6.345475398787478
25.466400810656765, 30.72141004328717
0.0, 25.466400810656765
19.984788626450513, 5.481612184206252
0.0, 19.984788626450513
0.0, 19.984788626450513
52.79216597233786, 3.3956448816060743
0.0, 52.79216597233786
0.0, 52.79216597233786
60.481579815279524, 2.051706437451891
0.0, 60.481579815279524
50.32872260279369, 10.152857212485834
0.0, 50.32872260279369
0.0, 50.32872260279369
176.88907055283124, 15.122194373498331
61.09689026059897, 115.79218029223227
0.0, 61.09689026059897
59.3105813052609, 1.7863089553380718
0.0, 59.3105813052609
0.0, 59.3105813052609
82.77453889204168, 94.11453166078957
50.35638526900124, 32.41815362304044
0.0, 50.35638526900124
0.0, 50.35638526900124
77.52784522198652, 5.246693670055151
0.0, 77.52784522198652
58.520414537196075, 19.00743068479045
0.0, 58.520414537196075
57.21291047725552, 1.3075040599405554
0.0, 57.21291047725552
0.0, 57.21291047725552
258.4075581052867, 270.8808250248017
130.56868846721747, 127.83886963806921
61.072695906923904, 69.49599256029356
0.0, 61.072695906923904
54.47880502473369, 6.593890882190216
53.365942753777865, 1.112862270955823
0.0, 53.365942753777865
51.88333258642294, 1.4826101673549275
31.79602245843302, 20.08731012798992
0.0, 31.79602245843302
25.469936372084643, 6.326086086348376
0.0, 25.469936372084643
4.3908004391090705, 21.07913593297557
0.0, 4.3908004391090705
0.0, 4.3908004391090705
51.58575393727393, 0.2975786491490098
0.0, 51.58575393727393
0.0, 51.58575393727393
53.592820291144086, 0.8859847335896021
0.0, 53.592820291144086
0.0, 53.592820291144086
109.58205330341126, 20.986635163806213
68.11048111725175, 41.471572186159506
56.0822980134453, 12.028183103806448
50.69227434313764, 5.390023670307663
0.0, 50.69227434313764
33.856869071372046, 16.835405271765595
0.0, 33.856869071372046
19.715848510034782, 14.141020561337264
0.0, 19.715848510034782
0.0, 19.715848510034782
55.834192460103594, 0.24810555334170914
0.0, 55.834192460103594
54.82613524752814, 1.0080572125754514
0.0, 54.82613524752814
12.565778788815743, 42.2603564587124
0.0, 12.565778788815743
0.0, 12.565778788815743
63.934071771795765, 4.176409345455987
14.696321190756453, 49.23775058103931
0.0, 14.696321190756453
0.0, 14.696321190756453
55.395116958715, 8.538954813080764
52.491302350195184, 2.9038146085198164
0.0, 52.491302350195184
0.0, 52.491302350195184
54.96342573130231, 0.43169122741269206
0.0, 54.96342573130231
50.814033633251015, 4.149392098051294
0.0, 50.814033633251015
15.39676520314952, 35.417268430101494
0.0, 15.39676520314952
0.0, 15.39676520314952
73.78695987903869, 35.79509342437257
0.0, 73.78695987903869
55.12627788610489, 18.660681992933803
0.0, 55.12627788610489
9.522833707380789, 45.6034441787241
0.0, 9.522833707380789
0.0, 9.522833707380789
147.53553327558504, 110.87202482970164
117.07700524589666, 30.45852802968838
95.12273751983851, 21.95426772605815
0.0, 95.12273751983851
77.12186930257778, 18.00086821726073
60.429557413253356, 16.692311889324422
53.26572121525926, 7.163836197994094
0.0, 53.26572121525926
0.0, 53.26572121525926
57.2399909545541, 3.189566458699254
50.559259206138, 6.6807317484161
0.0, 50.559259206138
50.38576879670608, 0.1734904094319205
0.0, 50.38576879670608
0.0, 50.38576879670608
56.237498283560015, 1.0024926709940871
52.86974752256811, 3.3677507609919033
0.0, 52.86974752256811
0.0, 52.86974752256811
55.19610870115288, 1.0413895824071346
0.0, 55.19610870115288
0.0, 55.19610870115288
72.47241399385167, 4.649455308726104
51.86691656853009, 20.605497425321587
0.0, 51.86691656853009
51.14462742984768, 0.722289138682406
0.0, 51.14462742984768
5.38725105123333, 45.75737637861435
0.0, 5.38725105123333
0.0, 5.38725105123333
58.79467427382042, 13.677739720031255
0.0, 58.79467427382042
54.56923238314938, 4.225441890671043
0.0, 54.56923238314938
54.37153600831673, 0.19769637483264546
51.66838426189806, 2.703151746418669
0.0, 51.66838426189806
26.254844579850456, 25.413539682047606
0.0, 26.254844579850456
0.0, 26.254844579850456
54.25125277228261, 0.12028323603411906
0.0, 54.25125277228261
53.866008626097525, 0.3852441461850873
0.0, 53.866008626097525
48.025557957278394, 5.84045066881913
0.0, 48.025557957278394
0.0, 48.025557957278394
104.15155601092354, 12.925449234973115
78.4304228184668, 25.721133192456747
50.02397416975192, 28.40644864871488
0.0, 50.02397416975192
0.0, 50.02397416975192
55.26244359900577, 23.167979219461024
31.44732567947633, 23.815117919529442
0.0, 31.44732567947633
0.0, 31.44732567947633
54.75749779495629, 0.504945804049477
0.0, 54.75749779495629
0.0, 54.75749779495629
80.34870538593842, 23.802850624985126
60.06505217415487, 20.283653211783545
0.0, 60.06505217415487
58.28998439212538, 1.7750677820294882
0.0, 58.28998439212538
56.75328798172228, 1.5366964104031027
0.0, 56.75328798172228
50.30460549076294, 6.448682490959342
0.0, 50.30460549076294
0.0, 50.30460549076294
65.1760009654176, 15.172704420520816
0.0, 65.1760009654176
0.0, 65.1760009654176
141.1520590139226, 6.383474261662428
62.24962317347078, 78.90243584045183
58.747479012707124, 3.502144160763656
0.0, 58.747479012707124
56.07930319399406, 2.668175818713067
50.818454174741845, 5.260849019252213
0.0, 50.818454174741845
0.0, 50.818454174741845
51.12957074925822, 4.949732444735837
0.0, 51.12957074925822
50.59841952869956, 0.5311512205586624
0.0, 50.59841952869956
42.38211004650787, 8.21630948219169
0.0, 42.38211004650787
0.0, 42.38211004650787
60.001904336183834, 2.2477188372869463
55.217077320676545, 4.78482701550729
0.9013787188772264, 54.31569860179932
0.0, 0.9013787188772264
0.0, 0.9013787188772264
52.41601453867036, 2.801062782006184
50.150010571513, 2.26600396715736
0.0, 50.150010571513
28.480411653706746, 21.669598917806255
0.0, 28.480411653706746
9.413177104865092, 19.067234548841654
0.0, 9.413177104865092
1.0077940100179654, 8.405383094847126
0.0, 1.0077940100179654
0.0, 1.0077940100179654
51.23589703370606, 1.1801175049643007
0.0, 51.23589703370606
0.0, 51.23589703370606
57.8727934265833, 2.1291109096005343
56.07422482511859, 1.7985686014647086
43.642230422230305, 12.431994402888286
0.0, 43.642230422230305
31.43582120967375, 12.206409212556554
0.0, 31.43582120967375
0.0, 31.43582120967375
52.191446765321, 3.8827780597975945
0.0, 52.191446765321
11.45205543888815, 40.739391326432845
0.0, 11.45205543888815
7.8509336549418025, 3.601121783946348
0.0, 7.8509336549418025
0.0, 7.8509336549418025
57.168646241044804, 0.7041471855384955
21.3427777090865, 35.82586853195831
0.0, 21.3427777090865
0.0, 21.3427777090865
38.221677001253276, 18.946969239791528
0.0, 38.221677001253276
37.08671232209412, 1.1349646791591539
0.0, 37.08671232209412
0.0, 37.08671232209412
94.2244875375054, 46.927571476417214
72.95952643803787, 21.264961099467527
60.33544402669567, 12.6240824113422
53.97931859113459, 6.356125435561076
0.0, 53.97931859113459
51.41877317528603, 2.5605454158485657
0.0, 51.41877317528603
50.62825220441041, 0.7905209708756189
0.0, 50.62825220441041
39.94682668527269, 10.681425519137719
0.0, 39.94682668527269
0.0, 39.94682668527269
56.439106798439674, 3.8963372282559945
0.0, 56.439106798439674
54.48659092538915, 1.9525158730505225
19.381553463554518, 35.105037461834634
0.0, 19.381553463554518
0.0, 19.381553463554518
42.822598663957834, 11.663992261431318
6.38128327319535, 36.44131539076248
0.0, 6.38128327319535
0.0, 6.38128327319535
14.51061228021768, 28.311986383740155
0.0, 14.51061228021768
0.0, 14.51061228021768
64.22258294117223, 8.736943496865635
0.0, 64.22258294117223
62.25928839633312, 1.9632945448391155
52.631993575265625, 9.627294821067494
0.0, 52.631993575265625
50.04176220541813, 2.590231369847494
0.0, 50.04176220541813
0.0, 50.04176220541813
58.24047165077739, 4.018816745555732
3.2074920402309335, 55.032979610546455
0.0, 3.2074920402309335
0.0, 3.2074920402309335
53.1521909013361, 5.088280749441289
28.27189686552584, 24.88029403581026
0.0, 28.27189686552584
0.0, 28.27189686552584
52.079026255336, 1.0731646460001016
0.0, 52.079026255336
0.0, 52.079026255336
87.5546724120674, 6.669815125437992
0.0, 87.5546724120674
79.90735108520985, 7.647321326857551
55.485353869128524, 24.42199721608133
0.0, 55.485353869128524
53.76805994013826, 1.7172939289902658
0.0, 53.76805994013826
51.39707187678164, 2.37098806335662
18.90516980319333, 32.49190207358831
0.0, 18.90516980319333
0.0, 18.90516980319333
45.60796016798466, 5.78911170879698
0.0, 45.60796016798466
0.0, 45.60796016798466
78.83905927131096, 1.0682918138988953
0.0, 78.83905927131096
71.01268766021781, 7.826371611093151
57.982213736900036, 13.030473923317771
0.0, 57.982213736900036
50.45560828529844, 7.526605451601597
0.0, 50.45560828529844
0.0, 50.45560828529844
65.97731461249941, 5.0353730477183944
10.585247096205178, 55.39206751629423
0.0, 10.585247096205178
0.0, 10.585247096205178
56.19083725203253, 9.786477360466883
0.0, 56.19083725203253
34.08102423448609, 22.109813017546443
0.0, 34.08102423448609
0.0, 34.08102423448609
24333.09367178371, 3868.8542287033088
7845.995253578842, 16487.09841820487
5387.395362436259, 2458.5998911425822
160.99346128603835, 5226.401901150221
55.31608986081606, 105.6773714252223
50.736037880832434, 4.580051979983622
0.0, 50.736037880832434
0.0, 50.736037880832434
54.77183745023039, 0.5442524105856634
0.0, 54.77183745023039
50.41315099972522, 4.358686450505175
0.0, 50.41315099972522
0.0, 50.41315099972522
57.59372361878061, 103.39973766725774
47.281377237809615, 10.312346380970993
0.0, 47.281377237809615
0.0, 47.281377237809615
56.704243857098916, 0.8894797616816916
0.0, 56.704243857098916
0.0, 56.704243857098916
1703.1134378601907, 3684.2819245760684
123.48834126476147, 1579.6250965954293
108.87942412632384, 14.608917138437633
58.38543864450732, 50.49398548181652
56.43086221974901, 1.954576424758308
51.52962221596923, 4.901240003779776
0.0, 51.52962221596923
50.67276049723432, 0.8568617187349119
0.0, 50.67276049723432
0.0, 50.67276049723432
52.50422611273123, 3.926636107017778
0.0, 52.50422611273123
0.0, 52.50422611273123
57.53898638808205, 0.8464522564252661
51.35117866405264, 6.187807724029412
0.0, 51.35117866405264
50.877330944716206, 0.4738477193364332
0.0, 50.877330944716206
50.03034870326636, 0.8469822414498438
0.0, 50.03034870326636
0.0, 50.03034870326636
53.51985531634951, 4.019131071732538
0.0, 53.51985531634951
50.779675193548435, 2.7401801228010783
0.0, 50.779675193548435
0.0, 50.779675193548435
78.21885538404281, 30.66056874228103
51.63062837307337, 26.58822701096944
0.0, 51.63062837307337
0.0, 51.63062837307337
78.05436407756746, 0.16449130647535526
54.6731795376338, 23.381184539933656
0.0, 54.6731795376338
50.148604364742575, 4.524575172891225
0.0, 50.148604364742575
0.0, 50.148604364742575
64.23774774319337, 13.816616334374089
0.0, 64.23774774319337
64.15114300971399, 0.08660473347937625
53.445133410857466, 10.706009598856525
52.804921431610516, 0.6402119792469492
0.0, 52.804921431610516
52.50067094473566, 0.30425048687485656
0.0, 52.50067094473566
38.02306541999162, 14.477605524744042
0.0, 38.02306541999162
12.876621061972081, 25.146444358019536
0.0, 12.876621061972081
0.0, 12.876621061972081
52.92701361523385, 0.518119795623619
51.360366323454926, 1.5666472917789207
0.0, 51.360366323454926
0.0, 51.360366323454926
51.46425115630276, 1.4627624589310884
48.770190494148565, 2.694060662154193
0.0, 48.770190494148565
0.0, 48.770190494148565
50.99886652980813, 0.4653846264946253
0.0, 50.99886652980813
28.00849343451397, 22.990373095294164
0.0, 28.00849343451397
0.6181836917515365, 27.390309742762433
0.0, 0.6181836917515365
0.0, 0.6181836917515365
54.7353107484429, 9.415832261271092
50.39452551302509, 4.340785235417812
0.0, 50.39452551302509
7.939193860104519, 42.45533165292057
0.0, 7.939193860104519
0.0, 7.939193860104519
53.06936283554056, 1.6659479129023396
0.0, 53.06936283554056
52.04579807957872, 1.0235647559618428
0.0, 52.04579807957872
22.914574006431295, 29.131224073147422
0.0, 22.914574006431295
12.709342216504238, 10.205231789927057
0.0, 12.709342216504238
0.0, 12.709342216504238
113.68006693991802, 9.808274324843453
0.0, 113.68006693991802
62.117692282328115, 51.562374657589906
0.0, 62.117692282328115
55.495673942745235, 6.62201833958288
0.0, 55.495673942745235
55.31207973620873, 0.1835942065365046
0.0, 55.31207973620873
54.53603706781808, 0.7760426683906516
0.0, 54.53603706781808
0.0, 54.53603706781808
130.91278785103066, 1572.2006500091602
54.18641316926783, 76.72637468176282
0.0, 54.18641316926783
0.0, 54.18641316926783
83.97588739457069, 46.936900456459966
0.0, 83.97588739457069
77.3220560120276, 6.653831382543089
50.49564410235642, 26.82641190967118
0.0, 50.49564410235642
0.0, 50.49564410235642
53.60968449044694, 23.712371521580664
50.69428321356587, 2.91540127688107
0.0, 50.69428321356587
0.0, 50.69428321356587
51.22176301063533, 2.3879214798116095
1.9499713154140594, 49.27179169522127
0.0, 1.9499713154140594
0.0, 1.9499713154140594
51.07480775997003, 0.14695525066530024
48.96915831831338, 2.105649441656645
0.0, 48.96915831831338
0.0, 48.96915831831338
50.98092249125996, 0.09388526871006775
0.0, 50.98092249125996
50.44394358530084, 0.536978905959117
0.0, 50.44394358530084
0.0, 50.44394358530084
6435.988191490599, 1410.0070620882425
1425.086084644221, 5010.902106846378
134.3857083206634, 1290.7003763235575
108.60345070498774, 25.782257615675675
0.0, 108.60345070498774
100.9829424097597, 7.620508295228035
65.83978689927847, 35.143155510481236
51.24600635777315, 14.593780541505318
20.888069742121722, 30.357936615651425
0.0, 20.888069742121722
5.540545529811865, 15.347524212309857
0.0, 5.540545529811865
0.0, 5.540545529811865
51.08546701924211, 0.16053933853103786
0.0, 51.08546701924211
0.0, 51.08546701924211
64.3726033785766, 1.467183520701866
60.44837007024584, 3.9242333083307557
0.0, 60.44837007024584
0.0, 60.44837007024584
60.66814392077602, 3.7044594578005814
41.682912100372846, 18.985231820403172
0.0, 41.682912100372846
0.0, 41.682912100372846
59.66038981892062, 1.0077541018553973
52.94117342330738, 6.719216395613238
0.0, 52.94117342330738
52.697521402830446, 0.24365202047693657
0.0, 52.697521402830446
51.071864833133795, 1.6256565696966518
0.0, 51.071864833133795
0.0, 51.071864833133795
58.173074376368625, 1.4873154425519957
8.95666544341524, 49.216408932953385
0.0, 8.95666544341524
0.0, 8.95666544341524
57.60930170928932, 0.5637726670793057
0.0, 57.60930170928932
52.91611217732675, 4.693189531962567
0.0, 52.91611217732675
52.54610449564485, 0.3700076816819049
0.0, 52.54610449564485
52.47381025970517, 0.07229423593967965
0.0, 52.47381025970517
0.0, 52.47381025970517
82.36927120791505, 18.613671201844653
62.38898351186285, 19.9802876960522
0.0, 62.38898351186285
51.42126000648041, 10.967723505382438
7.4532147268147035, 43.9680452796657
0.0, 7.4532147268147035
0.0, 7.4532147268147035
50.136715033914705, 1.2845449725657048
0.0, 50.136715033914705
0.0, 50.136715033914705
70.71267544441136, 11.656595763503688
59.396235410082234, 11.316440034329126
50.580953886052356, 8.815281524029878
0.0, 50.580953886052356
0.2932493769299654, 50.28770450912239
0.0, 0.2932493769299654
0.0, 0.2932493769299654
51.05592525360448, 8.340310156477756
0.0, 51.05592525360448
50.15086963388026, 0.9050556197242159
0.0, 50.15086963388026
0.0, 50.15086963388026
60.570984391404394, 10.141691053006966
0.0, 60.570984391404394
54.726006691963704, 5.84497769944069
0.0, 54.726006691963704
0.0, 54.726006691963704
133.81254075973436, 0.5731675609290505
68.60184600460981, 65.21069475512455
50.178881851207876, 18.422964153401935
0.0, 50.178881851207876
1.6727055674691764, 48.5061762837387
0.0, 1.6727055674691764
0.0, 1.6727055674691764
67.09763678836897, 1.504209216240838
58.70467033553737, 8.392966452831601
0.0, 58.70467033553737
56.618653385018206, 2.0860169505191664
6.458412303069498, 50.160241081948705
0.0, 6.458412303069498
0.0, 6.458412303069498
55.01163177568571, 1.6070216093324987
0.0, 55.01163177568571
0.0, 55.01163177568571
60.47175557831812, 6.625881210050856
52.331839694666684, 8.139915883651433
0.0, 52.331839694666684
51.080371026256806, 1.2514686684098777
0.0, 51.080371026256806
0.0, 51.080371026256806
59.35946478800861, 1.1122907903095083
0.0, 59.35946478800861
0.0, 59.35946478800861
86.79180389374746, 47.020736865986905
56.892497949224925, 29.89930594452253
2.5322663531697556, 54.36023159605517
0.0, 2.5322663531697556
0.0, 2.5322663531697556
54.64036085479661, 2.2521370944283134
0.0, 54.64036085479661
53.00142633877126, 1.6389345160253512
0.0, 53.00142633877126
50.46252459211057, 2.5389017466606916
0.0, 50.46252459211057
0.0, 50.46252459211057
82.04312224902107, 4.748681644726389
58.16909433728227, 23.8740279117388
4.788453080402063, 53.3806412568802
0.0, 4.788453080402063
0.0, 4.788453080402063
57.34197987929719, 0.8271144579850755
50.27187696152997, 7.0701029177672226
0.0, 50.27187696152997
6.221395240478743, 44.05048172105123
0.0, 6.221395240478743
0.0, 6.221395240478743
54.282788580301386, 3.059191298995806
0.0, 54.282788580301386
0.0, 54.282788580301386
58.565215519699194, 23.477906729321873
13.948341836743943, 44.61687368295525
0.0, 13.948341836743943
0.0, 13.948341836743943
50.03566975571928, 8.529545763979911
0.0, 50.03566975571928
0.0, 50.03566975571928
230.92981866582898, 1194.1562659783922
187.4612660477633, 43.46855261806567
74.57523077919267, 112.88603526857064
50.96991638914803, 23.605314390044633
0.0, 50.96991638914803
0.0, 50.96991638914803
61.1568159925161, 13.418414786676564
59.10813548103189, 2.048680511484214
0.0, 59.10813548103189
50.3887807596135, 8.719354721418384
0.0, 50.3887807596135
0.0, 50.3887807596135
60.6352479976629, 0.5215679948531999
53.25892965001263, 7.376318347650269
50.79008520536514, 2.4688444446474946
0.0, 50.79008520536514
0.0, 50.79008520536514
52.85177780717462, 0.40715184283801165
0.0, 52.85177780717462
52.26104260035669, 0.5907352068179321
0.0, 52.26104260035669
0.0, 52.26104260035669
57.6122049189307, 3.0230430787322007
0.0, 57.6122049189307
56.35476115824596, 1.257443760684744
0.0, 56.35476115824596
50.37093152855841, 5.983829629687548
0.0, 50.37093152855841
15.762568352415606, 34.6083631761428
0.0, 15.762568352415606
0.0, 15.762568352415606
115.87633516180976, 71.58493088595354
69.08579496772607, 46.79054019408369
51.26609842553068, 17.819696542195395
0.0, 51.26609842553068
0.0, 51.26609842553068
61.222125907229, 7.863669060497074
0.0, 61.222125907229
58.25631085624714, 2.9658150509818597
52.73348649962001, 5.522824356627133
0.0, 52.73348649962001
50.1656374634287, 2.567849036191305
0.0, 50.1656374634287
0.0, 50.1656374634287
55.01879255022016, 3.2375183060269777
0.0, 55.01879255022016
0.0, 55.01879255022016
94.43855579477093, 21.43777936703883
65.95031114203398, 28.488244652736952
0.0, 65.95031114203398
65.14366426825042, 0.8066468737835635
51.04028440278233, 14.103379865468085
0.0, 51.04028440278233
50.66678800545802, 0.37349639732431683
0.0, 50.66678800545802
50.1715798855766, 0.49520811988141844
0.0, 50.1715798855766
0.0, 50.1715798855766
62.52416660138146, 2.619497666868959
0.0, 62.52416660138146
55.944877485292125, 6.579289116089335
3.548766135645758, 52.39611134964637
0.0, 3.548766135645758
0.0, 3.548766135645758
53.57515701622966, 2.3697204690624645
0.0, 53.57515701622966
51.19614331329582, 2.3790137029338396
0.7124324633328368, 50.48371084996298
0.0, 0.7124324633328368
0.0, 0.7124324633328368
50.14246259149198, 1.0536807218038433
0.0, 50.14246259149198
0.0, 50.14246259149198
87.9222006459397, 6.516355148831238
50.013362921329524, 37.90883772461017
0.0, 50.013362921329524
31.477185995005012, 18.53617692632451
0.0, 31.477185995005012
0.0, 31.477185995005012
57.735092101595285, 30.18710854434441
53.726332434480355, 4.00875966711493
50.86647577056244, 2.859856663917917
0.0, 50.86647577056244
38.959816992005, 11.906658778557436
0.0, 38.959816992005
0.0, 38.959816992005
53.50669630188864, 0.21963613259171666
0.0, 53.50669630188864
0.0, 53.50669630188864
57.59250903720418, 0.14258306439110413
53.86025138794205, 3.732257649262131
0.0, 53.86025138794205
0.0, 53.86025138794205
54.276427685663684, 3.3160813515404968
0.0, 54.276427685663684
53.565640300850525, 0.710787384813159
51.371745177674455, 2.1938951231760697
0.0, 51.371745177674455
50.730083929098704, 0.6416612485757511
0.0, 50.730083929098704
0.0, 50.730083929098704
51.637936166836845, 1.9277041340136805
0.0, 51.637936166836845
28.20422752868294, 23.433708638153906
0.0, 28.20422752868294
26.633044915363, 1.5711826133199374
0.0, 26.633044915363
0.0, 26.633044915363
193.0984739277593, 37.831344738069674
57.22455872489411, 135.8739152028652
50.7526900668943, 6.471868657999806
0.0, 50.7526900668943
0.0, 50.7526900668943
55.065297943310085, 2.159260781584024
0.0, 55.065297943310085
38.203298594314425, 16.86199934899566
0.0, 38.203298594314425
0.0, 38.203298594314425
139.6720310344312, 53.4264428933281
89.93898578713988, 49.733045247291315
50.15231362569484, 39.78667216144505
0.0, 50.15231362569484
0.0, 50.15231362569484
72.19462796718332, 17.744357819956562
53.36035317067951, 18.834274796503813
0.0, 53.36035317067951
0.0, 53.36035317067951
57.27303542868737, 14.92159253849595
0.0, 57.27303542868737
56.69265345893972, 0.5803819697476484
50.85442875219329, 5.838224706746431
0.0, 50.85442875219329
50.53159169927891, 0.32283705291438025
0.0, 50.53159169927891
0.0, 50.53159169927891
53.042431046077674, 3.6502224128620497
0.0, 53.042431046077674
52.635351066997686, 0.40707997907998816
0.0, 52.635351066997686
52.28373493757624, 0.35161612942144416
0.0, 52.28373493757624
18.037788153561433, 34.245946784014805
0.0, 18.037788153561433
0.0, 18.037788153561433
93.37422661767293, 46.29780441675827
0.0, 93.37422661767293
81.55945648078327, 11.814770136889663
62.152700604231455, 19.406755876551813
61.39166219600311, 0.7610384082283446
0.0, 61.39166219600311
0.0, 61.39166219600311
61.72817392735995, 0.42452667687150836
0.0, 61.72817392735995
54.43315040335457, 7.29502352400538
50.912365017584676, 3.5207853857698908
0.0, 50.912365017584676
47.79267570698705, 3.1196893105976287
0.0, 47.79267570698705
19.464944150951023, 28.327731556036024
0.0, 19.464944150951023
0.0, 19.464944150951023
52.542968465604574, 1.8901819377499933
0.0, 52.542968465604574
0.0, 52.542968465604574
62.91637429848054, 18.643082182302727
57.06240391583076, 5.853970382649784
0.0, 57.06240391583076
0.0, 57.06240391583076
59.43828805809569, 3.4780862403848545
0.0, 59.43828805809569
58.73714358371456, 0.7011444743811239
27.559410959731007, 31.177732623983555
0.0, 27.559410959731007
0.0, 27.559410959731007
55.68630007392476, 3.0508435097898
51.999206584865014, 3.687093489059748
0.0, 51.999206584865014
13.546581216546665, 38.45262536831835
0.0, 13.546581216546665
0.0, 13.546581216546665
54.080972930842535, 1.6053271430822278
0.0, 54.080972930842535
0.0, 54.080972930842535
2186.512389265795, 4249.475802224804
240.24306095599277, 1946.269328309802
135.2972805190294, 104.94578043696336
54.87296062764072, 80.42431989138869
0.0, 54.87296062764072
53.63043932795244, 1.2425212996882848
0.0, 53.63043932795244
51.39670995965057, 2.2337293683018657
0.0, 51.39670995965057
50.99662283091078, 0.40008712873979135
0.0, 50.99662283091078
0.0, 50.99662283091078
96.12781366120583, 39.16946685782358
84.06438582978363, 12.063427831422203
52.81577665926124, 31.248609170522393
0.0, 52.81577665926124
51.875009800727874, 0.9407668585333653
0.0, 51.875009800727874
35.17828460581205, 16.69672519491582
0.0, 35.17828460581205
10.11767481257725, 25.060609793234804
0.0, 10.11767481257725
0.0, 10.11767481257725
83.69709751415968, 0.36728831562395214
50.96681565764385, 32.73028185651583
0.0, 50.96681565764385
0.0, 50.96681565764385
71.3779602464098, 12.31913726774988
55.65056006371093, 15.727400182698872
0.0, 55.65056006371093
53.3910393189257, 2.2595207447852275
0.0, 53.3910393189257
50.76476087745321, 2.6262784414724862
0.0, 50.76476087745321
4.240175738746562, 46.52458513870665
0.0, 4.240175738746562
0.0, 4.240175738746562
63.38878583475257, 7.989174411657231
56.79401923269068, 6.594766602061888
0.0, 56.79401923269068
53.284260138545434, 3.5097590941452452
51.50933900788852, 1.7749211306569137
37.056019551131875, 14.453319456756645
0.0, 37.056019551131875
35.552940238970564, 1.5030793121613115
0.0, 35.552940238970564
0.0, 35.552940238970564
50.71221240047126, 0.7971266074172618
0.0, 50.71221240047126
25.154247554962208, 25.55796484550905
0.0, 25.154247554962208
0.3312658801685535, 24.822981674793652
0.0, 0.3312658801685535
0.0, 0.3312658801685535
53.09123771991947, 0.19302241862596503
0.0, 53.09123771991947
0.0, 53.09123771991947
61.22363225801954, 2.165153576733026
0.0, 61.22363225801954
58.71575404215204, 2.5078782158674997
0.0, 58.71575404215204
57.2811839690121, 1.4345700731399447
0.0, 57.2811839690121
52.0049205731847, 5.2762633958273994
0.0, 52.0049205731847
51.156344004133636, 0.8485765690510618
0.0, 51.156344004133636
0.0, 51.156344004133636
90.14627168486697, 5.98154197633886
55.77863652625648, 34.3676351586105
44.45544819589061, 11.323188330365866
0.0, 44.45544819589061
0.0, 44.45544819589061
51.594463536188485, 4.184172990067992
0.0, 51.594463536188485
0.0, 51.594463536188485
80.73912997894183, 9.407141705925142
52.940888811329444, 27.79824116761239
11.707239892780661, 41.23364891854878
0.0, 11.707239892780661
0.0, 11.707239892780661
50.0177818858085, 2.9231069255209405
0.0, 50.0177818858085
0.0, 50.0177818858085
79.71196468667324, 1.0271652922685917
0.0, 79.71196468667324
78.88695751848499, 0.8250071681882503
13.552022943721287, 65.33493457476371
0.0, 13.552022943721287
0.0, 13.552022943721287
75.52220897355377, 3.364748544931217
60.39385879553446, 15.12835017801931
0.0, 60.39385879553446
59.54624588794417, 0.8476129075902961
0.0, 59.54624588794417
52.98313468156458, 6.563111206379588
0.0, 52.98313468156458
52.16923165673848, 0.8139030248260966
19.217967808844605, 32.95126384789388
0.0, 19.217967808844605
0.0, 19.217967808844605
51.34853800974185, 0.8206936469966308
50.0781493677132, 1.2703886420286494
0.0, 50.0781493677132
0.0, 50.0781493677132
51.01207699092938, 0.3364610188124715
0.0, 51.01207699092938
50.305228731473214, 0.7068482594561658
0.0, 50.305228731473214
0.0, 50.305228731473214
61.37129812626702, 14.150910847286752
51.574014819611946, 9.797283306655075
0.0, 51.574014819611946
0.0, 51.574014819611946
59.89759885406233, 1.4736992722046907
55.746492956429385, 4.151105897632945
0.0, 55.746492956429385
49.24252197477662, 6.503970981652763
0.0, 49.24252197477662
0.0, 49.24252197477662
55.97977400485009, 3.917824849212238
0.0, 55.97977400485009
55.69428031353979, 0.28549369131030033
19.552691173108975, 36.14158914043082
0.0, 19.552691173108975
0.0, 19.552691173108975
51.967965602213084, 3.726314711326708
0.0, 51.967965602213084
0.0, 51.967965602213084
230.7235293624483, 9.519531593544485
52.9962227411332, 177.72730662131508
52.04714855824044, 0.9490741828927654
51.560629910744176, 0.4865186474962613
0.0, 51.560629910744176
0.0, 51.560629910744176
52.04290384644953, 0.004244711790903466
0.0, 52.04290384644953
50.89948319329812, 1.1434206531514164
0.0, 50.89948319329812
0.0, 50.89948319329812
52.89018480958891, 0.10603793154429297
51.63746929372792, 1.2527155158609915
51.43532654682096, 0.20214274690695788
15.105083186309196, 36.330243360511766
0.0, 15.105083186309196
9.522400077414561, 5.582683108894635
0.0, 9.522400077414561
0.0, 9.522400077414561
51.12252419261079, 0.3128023542101701
0.0, 51.12252419261079
50.42544432661706, 0.6970798659937287
0.0, 50.42544432661706
0.0, 50.42544432661706
51.491910131706874, 0.14555916202104413
0.0, 51.491910131706874
0.0, 51.491910131706874
51.76969835198136, 1.120486457607548
0.0, 51.76969835198136
0.0, 51.76969835198136
125.1542314968588, 105.56929786558949
71.18742231312322, 53.96680918373558
60.94917921807943, 10.238243095043792
0.0, 60.94917921807943
59.0735468935651, 1.8756323245143278
0.0, 59.0735468935651
52.16068803774476, 6.912858855820339
0.0, 52.16068803774476
0.0, 52.16068803774476
67.40349199872725, 3.783930314395974
0.0, 67.40349199872725
65.23974146335217, 2.1637505353750726
57.1201215242053, 8.119619939146872
0.0, 57.1201215242053
1.4102750182482044, 55.709846505957096
0.0, 1.4102750182482044
1.4080903380446514, 0.002184680203553002
0.0, 1.4080903380446514
0.0, 1.4080903380446514
63.62974142246534, 1.6100000408868382
50.07880350669272, 13.550937915772614
0.0, 50.07880350669272
0.0, 50.07880350669272
60.02505901064352, 3.6046824118218197
0.0, 60.02505901064352
54.22374292058444, 5.801316090059075
0.0, 54.22374292058444
50.66612987993787, 3.5576130406465722
0.0, 50.66612987993787
0.0, 50.66612987993787
94.55960662503041, 30.594624871828387
51.27354363551657, 43.286062989513844
0.0, 51.27354363551657
0.0, 51.27354363551657
83.95352984317167, 10.606076781858746
52.437771154429484, 31.51575868874218
0.0, 52.437771154429484
52.04345784063865, 0.3943133137908319
0.0, 52.04345784063865
51.922595948258206, 0.12086189238044653
0.0, 51.922595948258206
0.0, 51.922595948258206
71.78219802951998, 12.17133181365169
0.0, 71.78219802951998
50.452211179234446, 21.32998685028553
0.0, 50.452211179234446
0.0, 50.452211179234446
244.926970028114, 1941.5854192376808
0.0, 244.926970028114
84.8207609414587, 160.1062090866553
54.58832939628684, 30.232431545171863
0.0, 54.58832939628684
53.469289115938835, 1.1190402803480026
0.0, 53.469289115938835
52.022592226040814, 1.4466968898980213
0.0, 52.022592226040814
51.245729587918945, 0.7768626381218695
5.223662302754749, 46.0220672851642
0.0, 5.223662302754749
0.0, 5.223662302754749
50.69611637281954, 0.5496132150994057
0.0, 50.69611637281954
0.0, 50.69611637281954
75.20277359570879, 9.61798734574991
50.933823340770616, 24.268950254938176
0.0, 50.933823340770616
50.05608913477004, 0.8777342060005751
0.0, 50.05608913477004
10.610490894259204, 39.44559824051083
0.0, 10.610490894259204
0.0, 10.610490894259204
74.92384774414815, 0.2789258515606434
0.0, 74.92384774414815
65.6471102332165, 9.276737510931653
52.32422497652403, 13.322885256692466
0.0, 52.32422497652403
0.0, 52.32422497652403
55.218674885229056, 10.428435347987438
0.0, 55.218674885229056
50.098773172036196, 5.11990171319286
0.0, 50.098773172036196
0.0, 50.098773172036196
10040.714968219127, 14292.378703564584
2083.1197470535585, 7957.595221165568
193.0553673168552, 1890.0643797367034
147.56902852733558, 45.486338789519635
78.57106146401497, 68.9979670633206
61.3693823948105, 17.201679069204474
0.0, 61.3693823948105
44.11239670045893, 17.25698569435157
7.980673198859928, 36.131723501599005
0.0, 7.980673198859928
0.0, 7.980673198859928
8.250973028336274, 35.861423672122655
0.0, 8.250973028336274
0.0, 8.250973028336274
76.15208628090164, 2.418975183113332
59.24219855118153, 16.90988772972011
0.0, 59.24219855118153
22.250080701338305, 36.992117849843225
0.0, 22.250080701338305
0.0, 22.250080701338305
74.08667531727623, 2.0654109636254105
59.44635344948859, 14.640321867787641
0.0, 59.44635344948859
50.966278701060936, 8.480074748427654
0.0, 50.966278701060936
0.0, 50.966278701060936
73.85056770622826, 0.23610761104797007
61.19728406475763, 12.65328364147063
54.440089879347546, 6.757194185410086
0.0, 54.440089879347546
53.80601721051843, 0.6340726688291198
0.0, 53.80601721051843
50.483543218201895, 3.3224739923165316
19.621274229636597, 30.862268988565297
0.0, 19.621274229636597
0.0, 19.621274229636597
50.15549765068129, 0.3280455675206042
0.0, 50.15549765068129
0.0, 50.15549765068129
56.39333088579039, 4.803953178967241
51.652027852847105, 4.741303032943286
0.0, 51.652027852847105
50.1362586223432, 1.5157692305039063
5.8236863486476995, 44.3125722736955
0.0, 5.8236863486476995
0.0, 5.8236863486476995
36.31851277473987, 13.817745847603327
0.0, 36.31851277473987
0.0, 36.31851277473987
53.107744906928225, 3.2855859788621657
0.0, 53.107744906928225
31.856470039825478, 21.251274867102747
0.0, 31.856470039825478
0.0, 31.856470039825478
73.84647869239953, 0.004089013828732391
61.24100168039943, 12.605477012000101
53.70943245058384, 7.531569229815588
52.56376624590927, 1.1456662046745691
0.0, 52.56376624590927
50.27596625051958, 2.2877999953896904
0.0, 50.27596625051958
50.239402498189484, 0.03656375233009612
0.0, 50.239402498189484
0.0, 50.239402498189484
53.1238050967633, 0.5856273538205414
0.0, 53.1238050967633
52.66504227316518, 0.45876282359812137
0.0, 52.66504227316518
7.969345423840755, 44.69569684932442
0.0, 7.969345423840755
0.0, 7.969345423840755
58.296007355938215, 2.944994324461213
55.82489017989209, 2.4711171760461283
52.43380634523863, 3.3910838346534575
0.0, 52.43380634523863
50.00218538013299, 2.431620965105637
0.0, 50.00218538013299
0.0, 50.00218538013299
54.51713355774629, 1.3077566221457957
6.9405936569101705, 47.576539900836124
0.0, 6.9405936569101705
1.8690064591436615, 5.071587197766509
0.0, 1.8690064591436615
0.0, 1.8690064591436615
54.4316905093569, 0.08544304838939354
50.960552952899036, 3.4711375564578617
0.0, 50.960552952899036
0.0, 50.960552952899036
52.99174647959368, 1.4399440297632182
50.401471412821024, 2.590275066772655
0.0, 50.401471412821024
0.0, 50.401471412821024
52.4448868161583, 0.5468596634353773
0.0, 52.4448868161583
0.0, 52.4448868161583
57.182272196388816, 1.1137351595493996
54.028725869803964, 3.153546326584852
51.96467807210105, 2.064047797702912
0.0, 51.96467807210105
0.0, 51.96467807210105
53.91036376601876, 0.11836210378520207
0.0, 53.91036376601876
51.886106304179286, 2.0242574618394755
0.0, 51.886106304179286
0.0, 51.886106304179286
56.966945255222804, 0.21532694116601192
0.0, 56.966945255222804
50.66805061946688, 6.2988946357559215
0.0, 50.66805061946688
0.0, 50.66805061946688
73.48160218981548, 0.36487650258405324
32.808071006738935, 40.67353118307654
0.0, 32.808071006738935
0.0, 32.808071006738935
54.39643300604074, 19.085169183774738
0.0, 54.39643300604074
50.437523041404326, 3.958909964636412
0.0, 50.437523041404326
0.0, 50.437523041404326
89.82392716960382, 57.745101357731755
52.76990867045665, 37.05401849914717
0.0, 52.76990867045665
2.9539521081025657, 49.81595656235409
0.0, 2.9539521081025657
0.0, 2.9539521081025657
72.94360265752236, 16.880324512081458
50.62629010343045, 22.317312554091913
0.0, 50.62629010343045
37.651818930285664, 12.974471173144785
0.0, 37.651818930285664
0.0, 37.651818930285664
60.850819595369614, 12.092783062152748
0.0, 60.850819595369614
0.0, 60.850819595369614
176.78550723983733, 16.26986007701788
78.79270671610979, 97.99280052372754
55.179700071694825, 23.613006644414966
0.0, 55.179700071694825
52.29200141725612, 2.887698654438708
0.0, 52.29200141725612
28.803698392294258, 23.48830302496186
0.0, 28.803698392294258
7.082204382397375, 21.721494009896883
0.0, 7.082204382397375
0.0, 7.082204382397375
64.73996697831628, 14.052739737793516
55.35926628831277, 9.380700690003508
0.0, 55.35926628831277
54.33146434097132, 1.0278019473414446
0.0, 54.33146434097132
0.0, 54.33146434097132
56.256315981328626, 8.483650996987649
0.0, 56.256315981328626
0.0, 56.256315981328626
108.24509074329865, 68.54041649653868
51.638724828096436, 56.60636591520221
0.0, 51.638724828096436
0.0, 51.638724828096436
58.677771250293304, 49.56731949300534
0.0, 58.677771250293304
56.64719710795632, 2.030574142336981
0.0, 56.64719710795632
0.0, 56.64719710795632
2033.1943541840542, 49.92539286950432
397.1300762053641, 1636.0642779786901
61.89866187601423, 335.2314143293499
55.36443089513975, 6.534230980874483
53.90477095678516, 1.4596599383545907
0.0, 53.90477095678516
0.0, 53.90477095678516
54.41023688153419, 0.9541940136055587
0.0, 54.41023688153419
0.0, 54.41023688153419
60.33912589438989, 1.559535981624343
55.19844548607213, 5.140680408317756
51.85415895278851, 3.344286533283622
25.006459193411036, 26.847699759377473
0.0, 25.006459193411036
6.907735240523524, 18.09872395288751
0.0, 6.907735240523524
0.0, 6.907735240523524
50.91781974466821, 0.9363392081203017
0.0, 50.91781974466821
0.0, 50.91781974466821
53.53979070688196, 1.6586547791901722
32.62682147339416, 20.9129692334878
0.0, 32.62682147339416
0.0, 32.62682147339416
50.12249892535596, 3.4172917815259964
0.0, 50.12249892535596
0.0, 50.12249892535596
58.33268451655468, 2.006441377835209
23.748145174086552, 34.584539342468126
0.0, 23.748145174086552
0.0, 23.748145174086552
56.14022980186079, 2.1924547146938878
51.54624617113229, 4.593983630728502
20.751353736511845, 30.794892434620444
0.0, 20.751353736511845
0.0, 20.751353736511845
50.42919935661501, 1.1170468145172805
0.0, 50.42919935661501
0.0, 50.42919935661501
53.648912033480585, 2.491317768380206
52.39204939504416, 1.2568626384364237
0.0, 52.39204939504416
0.0, 52.39204939504416
53.53015442671945, 0.118757606761136
0.0, 53.53015442671945
53.01196170449136, 0.5181927222280862
0.0, 53.01196170449136
51.36486750449581, 1.64709419999555
0.0, 51.36486750449581
0.0, 51.36486750449581
116.13085140294437, 280.99922480241975
73.04481869144416, 43.08603271150021
58.21203322979059, 14.832785461653572
51.6619479950234, 6.550085234767195
0.0, 51.6619479950234
25.37282829511327, 26.289119699910128
0.0, 25.37282829511327
0.0, 25.37282829511327
53.80094363965208, 4.411089590138509
0.0, 53.80094363965208
51.911713175491336, 1.8892304641607467
0.0, 51.911713175491336
0.0, 51.911713175491336
63.41162415993081, 9.633194531513354
0.0, 63.41162415993081
52.19544563321919, 11.216178526711623
0.0, 52.19544563321919
50.354228166382825, 1.841217466836362
0.0, 50.354228166382825
16.38008354136407, 33.97414462501875
0.0, 16.38008354136407
0.0, 16.38008354136407
106.8445459303707, 9.286305472573673
61.86464451989686, 44.979901410473836
0.0, 61.86464451989686
56.87481552276054, 4.989828997136321
51.65686433915479, 5.217951183605756
0.0, 51.65686433915479
25.13650297650893, 26.520361362645858
0.0, 25.13650297650893
0.0, 25.13650297650893
56.59137514604351, 0.2834403767170315
0.0, 56.59137514604351
0.0, 56.59137514604351
79.93150572843886, 26.913040201931835
7.832069646488347, 72.09943608195051
0.0, 7.832069646488347
0.0, 7.832069646488347
72.88671935586389, 7.0447863725749755
64.61992639464559, 8.2667929612183
48.980683364172485, 15.639243030473104
0.0, 48.980683364172485
0.0, 48.980683364172485
62.18383848017846, 2.43608791446713
0.0, 62.18383848017846
0.0, 62.18383848017846
68.81768948390224, 4.0690298719616464
44.321653565549866, 24.496035918352376
0.0, 44.321653565549866
0.0, 44.321653565549866
51.23900460370921, 17.57868488019303
0.0, 51.23900460370921
50.73862389924613, 0.5003807044630832
0.0, 50.73862389924613
50.344403390886654, 0.3942205083594743
10.944950170860471, 39.39945322002618
0.0, 10.944950170860471
0.0, 10.944950170860471
13.53932229177322, 36.80508109911344
0.0, 13.53932229177322
0.0, 13.53932229177322
1782.9579123224985, 250.2364418615557
124.89410456931054, 1658.063807753188
26.647541070889424, 98.24656349842112
0.0, 26.647541070889424
0.0, 26.647541070889424
97.98709259325823, 26.907011976052317
0.0, 97.98709259325823
64.79080425448906, 33.196288338769165
54.070546746430324, 10.720257508058737
0.0, 54.070546746430324
51.96652244810907, 2.1040242983212565
50.23223518089546, 1.7342872672136096
27.60692865097255, 22.62530652992291
0.0, 27.60692865097255
0.0, 27.60692865097255
33.36874522112331, 16.863489959772146
0.0, 33.36874522112331
0.0, 33.36874522112331
50.95347872384854, 1.0130437242605268
0.0, 50.95347872384854
47.99199018199956, 2.961488541848979
0.0, 47.99199018199956
23.812591151787274, 24.179399030212288
0.0, 23.812591151787274
0.0, 23.812591151787274
54.23866087213241, 10.552143382356654
51.59876945900825, 2.639891413124154
0.0, 51.59876945900825
51.225728463636614, 0.37304099537163893
0.0, 51.225728463636614
0.10014166576312758, 51.12558679787349
0.0, 0.10014166576312758
0.0, 0.10014166576312758
54.010789090122685, 0.22787178200972136
52.82961553807026, 1.181173552052428
40.37290862623503, 12.456706911835226
0.0, 40.37290862623503
0.0, 40.37290862623503
50.84538471647519, 1.9842308215950695
0.0, 50.84538471647519
21.23821306439999, 29.6071716520752
0.0, 21.23821306439999
0.0, 21.23821306439999
53.451056109387984, 0.5597329807347009
52.12209048078882, 1.328965628599164
0.0, 52.12209048078882
50.47447750859026, 1.6476129721985586
4.833885876523271, 45.64059163206699
0.0, 4.833885876523271
0.0, 4.833885876523271
50.06882422354623, 0.405653285044032
0.0, 50.06882422354623
0.0, 50.06882422354623
52.49824910841347, 0.9528070009745164
0.0, 52.49824910841347
52.38184647041077, 0.11640263800269679
0.0, 52.38184647041077
52.34227061998636, 0.039575850424412806
0.0, 52.34227061998636
0.0, 52.34227061998636
155.30214568731924, 1627.6557666351791
124.42461897830003, 30.877526709019207
55.84647208128664, 68.5781468970134
16.062951340607682, 39.78352074067896
0.0, 16.062951340607682
0.0, 16.062951340607682
51.351012674449244, 4.495459406837398
0.0, 51.351012674449244
0.0, 51.351012674449244
78.14472784154196, 46.27989113675807
0.0, 78.14472784154196
33.518111265617364, 44.6266165759246
0.0, 33.518111265617364
0.0, 33.518111265617364
150.45417968248833, 4.847966004830909
98.10606619610002, 52.348113486388314
74.08777472570488, 24.01829147039514
66.56804570856538, 7.519729017139497
57.28963140933284, 9.278414299232537
0.0, 57.28963140933284
53.067517605765794, 4.222113803567048
0.0, 53.067517605765794
52.026185119654954, 1.0413324861108393
5.03968894691552, 46.986496172739436
0.0, 5.03968894691552
0.0, 5.03968894691552
51.26281678987393, 0.7633683297810236
0.0, 51.26281678987393
0.0, 51.26281678987393
62.3173602384274, 4.250685470137981
54.73043217177429, 7.586928066653108
20.401038994154042, 34.32939317762025
0.0, 20.401038994154042
0.0, 20.401038994154042
50.20977051186471, 4.520661659909578
0.0, 50.20977051186471
34.52992171350223, 15.679848798362478
0.0, 34.52992171350223
0.0, 34.52992171350223
60.8194091680612, 1.4979510703661987
51.376763307340404, 9.442645860720795
0.0, 51.376763307340404
50.005552761183175, 1.3712105461572293
0.0, 50.005552761183175
0.0, 50.005552761183175
52.81334829338435, 8.006060874676848
0.0, 52.81334829338435
51.033371834492506, 1.779976458891845
0.0, 51.033371834492506
50.70033068507739, 0.3330411494151164
0.0, 50.70033068507739
28.648883934011042, 22.051446751066347
0.0, 28.648883934011042
5.824419910848465, 22.824464023162577
0.0, 5.824419910848465
0.0, 5.824419910848465
69.23431935195352, 4.853455373751359
0.0, 69.23431935195352
51.27264409251945, 17.961675259434067
0.0, 51.27264409251945
0.0, 51.27264409251945
95.43315292976382, 2.672913266336195
61.7977217563565, 33.63543117340732
53.88614165691918, 7.911580099437323
0.0, 53.88614165691918
50.114145285175645, 3.7719963717435334
0.0, 50.114145285175645
30.903354718134555, 19.21079056704109
0.0, 30.903354718134555
0.0, 30.903354718134555
57.554428912664264, 4.243292843692238
0.0, 57.554428912664264
55.093346482125135, 2.461082430539129
0.0, 55.093346482125135
53.63368824951289, 1.4596582326122416
0.0, 53.63368824951289
26.558784833068422, 27.07490341644447
0.0, 26.558784833068422
0.0, 26.558784833068422
73.90513097991041, 21.52802194985341
68.02601588509592, 5.879115094814495
0.0, 68.02601588509592
61.857708903391, 6.168306981704916
0.0, 61.857708903391
55.54142209133214, 6.316286812058863
33.993406698049604, 21.548015393282533
0.0, 33.993406698049604
0.0, 33.993406698049604
51.402425421271154, 4.138996670060983
0.0, 51.402425421271154
48.22074096445087, 3.1816844568202853
0.0, 48.22074096445087
0.0, 48.22074096445087
71.79041412187841, 2.114716858031997
0.0, 71.79041412187841
69.87282979370865, 1.9175843281697666
58.865196910696014, 11.007632883012633
53.74356615080149, 5.121630759894522
21.797474354169836, 31.946091796631656
0.0, 21.797474354169836
0.0, 21.797474354169836
50.30177349018928, 3.441792660612215
0.0, 50.30177349018928
50.10847659564444, 0.19329689454483656
0.0, 50.10847659564444
0.0, 50.10847659564444
58.06392965379013, 0.8012672569058807
0.0, 58.06392965379013
56.408967160856164, 1.6549624929339686
51.149290793608664, 5.259676367247501
0.0, 51.149290793608664
0.0, 51.149290793608664
55.97024877586189, 0.4387183849942744
0.0, 55.97024877586189
53.97503848874109, 1.9952102871207984
0.0, 53.97503848874109
53.14931093602211, 0.8257275527189805
50.544948220799164, 2.6043627152229476
0.0, 50.544948220799164
0.0, 50.544948220799164
51.094204104765495, 2.055106831256616
0.0, 51.094204104765495
0.0, 51.094204104765495
65.46223163803701, 4.410598155671636
52.77957282822927, 12.68265880980774
15.498752244566289, 37.28082058366298
0.0, 15.498752244566289
0.0, 15.498752244566289
51.13851523012259, 1.641057598106677
0.0, 51.13851523012259
0.0, 51.13851523012259
64.86045308029287, 0.6017785577441401
0.0, 64.86045308029287
57.8457387091435, 7.014714371149374
8.050662587079923, 49.79507612206358
0.0, 8.050662587079923
0.0, 8.050662587079923
55.743747028646254, 2.1019916804972425
54.35385699923114, 1.3898900294151133
0.0, 54.35385699923114
53.16694678416619, 1.1869102150649482
0.0, 53.16694678416619
50.65521078585671, 2.511735998309483
0.0, 50.65521078585671
27.40230609842557, 23.25290468743114
0.0, 27.40230609842557
0.0, 27.40230609842557
55.36331388450323, 0.3804331441430264
53.77279064243425, 1.5905232420689757
0.0, 53.77279064243425
53.21645106094083, 0.5563395814934253
12.872322567970663, 40.344128492970164
0.0, 12.872322567970663
0.0, 12.872322567970663
50.24367898733335, 2.97277207360748
0.0, 50.24367898733335
0.0, 50.24367898733335
53.84972243094482, 1.513591453558405
0.0, 53.84972243094482
51.21819922005975, 2.631523210885071
0.0, 51.21819922005975
51.04264229701836, 0.17555692304139114
0.0, 51.04264229701836
0.0, 51.04264229701836
114.58283291037701, 35.87134677211132
84.96853396398672, 29.614298946390292
53.13327295801372, 31.835261005972995
0.0, 53.13327295801372
13.030915104307889, 40.10235785370583
0.0, 13.030915104307889
0.0, 13.030915104307889
58.48205051946674, 26.486483444519976
50.94965880895928, 7.532391710507461
0.0, 50.94965880895928
50.57249851168293, 0.3771602972763475
0.0, 50.57249851168293
29.01438846252269, 21.55811004916024
0.0, 29.01438846252269
0.0, 29.01438846252269
53.734955031345955, 4.7470954881207845
0.0, 53.734955031345955
52.778142530563336, 0.9568125007826183
0.0, 52.778142530563336
51.931324068570255, 0.846818461993081
0.0, 51.931324068570255
16.950806120960184, 34.98051794761007
0.0, 16.950806120960184
0.0, 16.950806120960184
102.19132864047673, 12.391504269900281
70.61472335700317, 31.576605283473555
51.60072080167509, 19.014002555328084
0.0, 51.60072080167509
50.75694817252022, 0.84377262915487
0.0, 50.75694817252022
0.0, 50.75694817252022
52.75002345683827, 17.8646999001649
0.0, 52.75002345683827
0.0, 52.75002345683827
91.49156971490832, 10.699758925568403
50.719987083701554, 40.77158263120677
0.0, 50.719987083701554
33.36105843338686, 17.358928650314695
0.0, 33.36105843338686
0.0, 33.36105843338686
62.78430443321599, 28.70726528169233
43.279428229422116, 19.504876203793877
0.0, 43.279428229422116
0.0, 43.279428229422116
62.43127704450271, 0.3530273887132864
24.909731171856205, 37.5215458726465
0.0, 24.909731171856205
0.0, 24.909731171856205
60.173066970150856, 2.258210074351851
0.0, 60.173066970150856
56.15467612784556, 4.018390842305294
40.63409210637597, 15.520584021469595
0.0, 40.63409210637597
27.300585445218424, 13.333506661157543
0.0, 27.300585445218424
0.0, 27.300585445218424
55.21552410417854, 0.9391520236670203
0.0, 55.21552410417854
0.0, 55.21552410417854
4648.3746573028775, 5392.340310916249
57.63239310947262, 4590.7422641934045
56.755459834843236, 0.876933274629387
25.106363678769196, 31.64909615607404
0.0, 25.106363678769196
0.0, 25.106363678769196
54.527569321393635, 2.2278905134496014
0.0, 54.527569321393635
51.43633113621087, 3.0912381851827675
0.12171416179041392, 51.31461697442045
0.0, 0.12171416179041392
0.0, 0.12171416179041392
50.15332193922943, 1.283009196981439
0.0, 50.15332193922943
0.0, 50.15332193922943
57.20523778895066, 0.4271553205219618
0.0, 57.20523778895066
50.98618201646162, 6.2190557724890425
0.0, 50.98618201646162
50.06866596643384, 0.9175160500277784
0.0, 50.06866596643384
10.08041059327344, 39.9882553731604
0.0, 10.08041059327344
0.0, 10.08041059327344
2128.0746821738508, 2520.2999751290267
0.0, 2128.0746821738508
223.25060031339652, 1904.8240818604543
118.25537825333772, 104.9952220600588
66.1133664823489, 52.14201177098883
60.010619634280424, 6.10274684806847
0.0, 60.010619634280424
54.03055592035865, 5.980063713921773
0.0, 54.03055592035865
51.18475971812337, 2.8457962022352845
0.0, 51.18475971812337
50.13631890732554, 1.0484408107978282
0.0, 50.13631890732554
0.0, 50.13631890732554
63.892991729342114, 2.22037475300678
50.656307475472595, 13.23668425386952
0.0, 50.656307475472595
0.0, 50.656307475472595
60.382365171583864, 3.5106265577582505
0.0, 60.382365171583864
59.09673591443478, 1.2856292571490826
53.194456357948695, 5.902279556486086
0.0, 53.194456357948695
51.420679395004484, 1.7737769629442113
0.0, 51.420679395004484
0.0, 51.420679395004484
57.46496393557849, 1.6317719788562925
0.0, 57.46496393557849
56.49006300681539, 0.9749009287630983
55.510567237079655, 0.9794957697357347
0.0, 55.510567237079655
55.33285790842658, 0.17770932865307287
3.066319565431439, 52.26653834299514
0.0, 3.066319565431439
0.0, 3.066319565431439
51.930384026800766, 3.4024738816258164
0.0, 51.930384026800766
17.207166578845865, 34.7232174479549
0.0, 17.207166578845865
0.0, 17.207166578845865
55.65870284363521, 0.8313601631801788
0.0, 55.65870284363521
19.66296594313805, 35.995736900497164
0.0, 19.66296594313805
0.0, 19.66296594313805
116.1662065784075, 2.0891716749302276
77.71458411427166, 38.45162246413584
0.0, 77.71458411427166
0.0, 77.71458411427166
99.27911606608431, 16.887090512323184
71.56653793607346, 27.712578130010854
51.78644064060325, 19.780097295470206
7.574642340583459, 44.211798300019794
0.0, 7.574642340583459
0.0, 7.574642340583459
50.14751371095781, 1.638926929645443
0.0, 50.14751371095781
0.0, 50.14751371095781
60.18578868212344, 11.380749253950022
0.0, 60.18578868212344
58.10270087225094, 2.083087809872495
52.44890943568559, 5.653791436565349
0.0, 52.44890943568559
0.0, 52.44890943568559
57.66138846940791, 0.44131240284303175
56.222148660830875, 1.4392398085770353
50.92810740552759, 5.294041255303284
0.0, 50.92810740552759
36.9281210361037, 13.999986369423894
0.0, 36.9281210361037
0.0, 36.9281210361037
55.3822898203055, 0.8398588405253733
0.0, 55.3822898203055
53.38580848918394, 1.996481331121565
4.423515992441615, 48.96229249674232
0.0, 4.423515992441615
0.0, 4.423515992441615
35.96765838399154, 17.418150105192396
0.0, 35.96765838399154
0.0, 35.96765838399154
56.424008965578416, 1.2373795038294944
0.0, 56.424008965578416
52.944972029569676, 3.4790369360087396
0.0, 52.944972029569676
0.0, 52.944972029569676
85.97339069685528, 13.305725369229037
51.70985512145533, 34.26353557539995
0.0, 51.70985512145533
0.0, 51.70985512145533
77.3077314413729, 8.665659255482382
55.92463329126186, 21.38309815011103
50.58113964261037, 5.343493648651496
0.0, 50.58113964261037
0.0, 50.58113964261037
54.90439301766059, 1.0202402736012743
53.14406698615895, 1.7603260315016414
50.58488305186795, 2.559183934290999
0.0, 50.58488305186795
0.0, 50.58488305186795
52.465702610511016, 0.6783643756479307
0.0, 52.465702610511016
0.0, 52.465702610511016
54.04628856896616, 0.8581044486944265
0.0, 54.04628856896616
52.95335642273072, 1.0929321462354409
0.0, 52.95335642273072
51.632066256486674, 1.3212901662440473
0.0, 51.632066256486674
26.425373493912293, 25.20669276257438
0.0, 26.425373493912293
0.0, 26.425373493912293
59.735740529563394, 17.5719909118095
50.79383608807026, 8.941904441493136
50.236983402591946, 0.5568526854783116
0.0, 50.236983402591946
3.510458635238222, 46.72652476735372
0.0, 3.510458635238222
0.0, 3.510458635238222
50.64450993906504, 0.14932614900521912
0.0, 50.64450993906504
0.0, 50.64450993906504
53.210177744844344, 6.52556278471905
0.0, 53.210177744844344
52.49358184190509, 0.7165959029392539
0.0, 52.49358184190509
7.8985817594474055, 44.59500008245769
0.0, 7.8985817594474055
0.0, 7.8985817594474055
155.55854010121348, 67.69206021218304
148.47777409073572, 7.08076601047776
102.00707955157274, 46.47069453916298
60.12786273810873, 41.87921681346401
0.0, 60.12786273810873
56.73473269178797, 3.3931300463207634
51.730437280717545, 5.004295411070423
0.0, 51.730437280717545
0.0, 51.730437280717545
56.10527493864334, 0.6294577531446279
0.0, 56.10527493864334
50.54961649654318, 5.55565844210016
0.0, 50.54961649654318
0.0, 50.54961649654318
81.14772129259521, 20.859358258977537
58.8273060153877, 22.32041527720751
5.569794904320457, 53.257511111067245
0.0, 5.569794904320457
0.0, 5.569794904320457
57.935118699380254, 0.892187316007444
0.0, 57.935118699380254
51.28922956063238, 6.645889138747876
0.0, 51.28922956063238
0.0, 51.28922956063238
60.53630730579411, 20.611413986801097
0.0, 60.53630730579411
50.194716149023904, 10.341591156770207
0.0, 50.194716149023904
0.0, 50.194716149023904
105.69028681196401, 42.78748727877171
78.50017836874406, 27.190108443219955
61.363071940404126, 17.137106428339933
0.0, 61.363071940404126
52.072875046197474, 9.290196894206652
0.0, 52.072875046197474
51.23376945136799, 0.8391055948294834
0.0, 51.23376945136799
13.971721501514054, 37.26204794985394
0.0, 13.971721501514054
4.01891429871349, 9.952807202800564
0.0, 4.01891429871349
0.0, 4.01891429871349
64.16265471194906, 14.337523656795
0.0, 64.16265471194906
51.07154509733113, 13.091109614617928
0.0, 51.07154509733113
42.40352758966271, 8.668017507668424
0.0, 42.40352758966271
26.202572678511654, 16.200954911151054
0.0, 26.202572678511654
0.0, 26.202572678511654
100.3963388394771, 5.293947972486919
60.716540571778786, 39.67979826769831
0.0, 60.716540571778786
52.838354024436505, 7.878186547342281
0.0, 52.838354024436505
51.449401336515656, 1.388952687920849
0.0, 51.449401336515656
0.0, 51.449401336515656
97.26884867435776, 3.1274901651193403
0.0, 97.26884867435776
96.84317266376947, 0.4256760105882904
0.0, 96.84317266376947
59.9670617182156, 36.87611094555387
0.0, 59.9670617182156
32.23844427190777, 27.72861744630783
0.0, 32.23844427190777
0.0, 32.23844427190777
154.73778101082755, 0.8207590903859341
78.00414013743604, 76.73364087339151
57.78333175220756, 20.22080838522848
0.0, 57.78333175220756
52.27053937966495, 5.512792372542606
1.8400375743531692, 50.430501805311785
0.0, 1.8400375743531692
0.0, 1.8400375743531692
50.367094739746385, 1.9034446399185683
0.0, 50.367094739746385
50.05833621518884, 0.3087585245575468
0.0, 50.05833621518884
28.121904391593596, 21.936431823595242
0.0, 28.121904391593596
0.0, 28.121904391593596
64.72600854947903, 13.278131587957006
53.92536401287474, 10.800644536604295
0.0, 53.92536401287474
50.809084016423775, 3.116279996450963
0.0, 50.809084016423775
0.0, 50.809084016423775
56.10000612080286, 8.626002428676173
0.0, 56.10000612080286
50.03798784622013, 6.0620182745827265
0.0, 50.03798784622013
4.984528687143541, 45.053459159076596
0.0, 4.984528687143541
0.0, 4.984528687143541
126.23957390893041, 28.498207101897137
92.73004362839553, 33.509530280534875
66.19604018236424, 26.534003446031292
0.0, 66.19604018236424
56.99927504670244, 9.196765135661806
0.0, 56.99927504670244
55.18544073763167, 1.8138343090707636
0.0, 55.18544073763167
51.55147374347308, 3.633966994158591
0.0, 51.55147374347308
50.704854575966046, 0.8466191675070363
0.0, 50.704854575966046
0.0, 50.704854575966046
90.47166883830292, 2.258374790092617
0.0, 90.47166883830292
66.36493975467356, 24.10672908362936
52.9784078249116, 13.386531929761958
0.0, 52.9784078249116
51.3389668076157, 1.6394410172959013
50.046447182442826, 1.292519625172872
2.0336169059860656, 48.01283027645676
0.0, 2.0336169059860656
0.0, 2.0336169059860656
47.110448786957896, 2.93599839548493
0.0, 47.110448786957896
43.97745116344208, 3.132997623515813
0.0, 43.97745116344208
16.9733515041115, 27.004099659330585
0.0, 16.9733515041115
15.307491888008624, 1.6658596161028747
0.0, 15.307491888008624
3.400321389660791, 11.907170498347833
0.0, 3.400321389660791
0.0, 3.400321389660791
50.711113784359384, 0.6278530232563142
0.0, 50.711113784359384
23.21070289699726, 27.500410887362122
0.0, 23.21070289699726
0.0, 23.21070289699726
63.096340991402656, 3.2685987632709015
50.305135027864125, 12.79120596353853
0.0, 50.305135027864125
11.26165591952056, 39.04347910834356
0.0, 11.26165591952056
0.0, 11.26165591952056
57.251863648253206, 5.84447734314945
0.0, 57.251863648253206
0.0, 57.251863648253206
123.44350581662492, 2.7960680923054895
63.80246706106313, 59.64103875556179
51.37460541089569, 12.427861650167443
0.0, 51.37460541089569
50.24035566805641, 1.1342497428392804
0.0, 50.24035566805641
41.87701964421072, 8.36333602384569
0.0, 41.87701964421072
0.0, 41.87701964421072
61.297609257018784, 2.5048578040443488
57.70499111174062, 3.5926181452781663
0.0, 57.70499111174062
56.16073607093412, 1.5442550408064974
0.0, 56.16073607093412
53.7283306401559, 2.4324054307782177
0.0, 53.7283306401559
50.8783296484819, 2.8500009916740012
0.0, 50.8783296484819
26.44748405551793, 24.430845592963973
0.0, 26.44748405551793
0.0, 26.44748405551793
60.04140515786863, 1.2562040991501533
22.07627275701004, 37.96513240085859
0.0, 22.07627275701004
0.0, 22.07627275701004
50.00535889195291, 10.036046265915722
0.0, 50.00535889195291
0.0, 50.00535889195291
90.06805899977066, 33.375446816854264
62.10361022078151, 27.964448778989144
57.51119449815704, 4.592415722624473
50.3926861666365, 7.1185083315205375
0.0, 50.3926861666365
0.0, 50.3926861666365
52.04116840662805, 5.470026091528986
0.0, 52.04116840662805
51.92175321703645, 0.11941518959159936
0.0, 51.92175321703645
51.077080369498205, 0.8446728475382486
0.0, 51.077080369498205
32.40417179189114, 18.672908577607068
0.0, 32.40417179189114
28.915082648313547, 3.4890891435775906
0.0, 28.915082648313547
0.0, 28.915082648313547
61.9270989798069, 0.17651124097461235
0.0, 61.9270989798069
61.907164450736424, 0.01993452907047555
0.0, 61.907164450736424
53.434793986113675, 8.472370464622749
0.0, 53.434793986113675
0.0, 53.434793986113675
66.97343901129953, 23.094619988471123
51.606723610520376, 15.366715400779157
50.479149670050866, 1.1275739404695102
0.0, 50.479149670050866
19.01384658653101, 31.465303083519856
0.0, 19.01384658653101
0.0, 19.01384658653101
50.51958382253432, 1.0871397879860538
0.0, 50.51958382253432
43.475068101302256, 7.044515721232067
0.0, 43.475068101302256
0.0, 43.475068101302256
52.777577888438465, 14.195861122861068
0.0, 52.777577888438465
51.56747778447603, 1.2101001039624322
0.0, 51.56747778447603
0.0, 51.56747778447603
