Node, generations
Node 8161, 7004.530506704838
Node 7659, 429.97672640134977
Node 7628, 377.09173810042705
Node 7175, 220.28601304468864
Node 6039, 201.7194172143144
Node 5970, 201.5224652488226
Node 4926, 191.78560219045664
Node 2034, 47.80208741791549
Node 1719, 32.859009617861076
Node 1491, 19.389694036994392
Node 4483, 168.0145941341319
Node 1967, 44.52239082810816
Node 7360, 243.27309218992278
Node 7341, 239.92815561167663
Node 5693, 200.85382865707436
Node 4950, 192.81884393814437
Node 7190, 221.71386583829477
Node 2374, 65.09541396559435
Node 7156, 218.80337749286028
Node 6012, 201.65313632801912
Node 3425, 114.99568130188658
Node 2189, 54.92515510487385
Node 6884, 209.19107804764656
Node 7638, 394.9241654937347
Node 7326, 237.9863844290643
Node 7014, 212.07222412285554
Node 6484, 204.00894023178157
Node 3754, 130.81326191553222
Node 3680, 127.38995667183767
Node 1697, 31.303970158945503
Node 5062, 199.22789575123537
Node 3068, 98.79017322796324
Node 3753, 130.80365110015939
Node 1504, 20.13131975000943
Node 6831, 208.2320031242369
Node 5613, 200.69698761024398
Node 1677, 30.131138943067818
Node 6764, 207.2443939928775
Node 3646, 125.595059231604
Node 6763, 207.24066235654493
Node 5979, 201.5415227871164
Node 4185, 153.3963278479871
Node 5930, 201.435375734
Node 6135, 202.0738920762572
Node 4500, 169.29622164750063
Node 2845, 88.07781516941486
Node 1409, 14.77156022290619
Node 1785, 36.76227387918584
Node 5124, 200.05401289811937
Node 1657, 29.14238092000618
Node 1628, 27.85777967800231
Node 1583, 25.17541512843325
Node 4003, 144.77569495897805
Node 2765, 84.18723434260167
Node 7311, 235.4069427308187
Node 7074, 214.58523961061462
Node 4748, 181.75716129877574
Node 4237, 156.6294135691822
Node 4102, 149.25844161401966
Node 1520, 21.408210067035732
Node 2396, 66.32889999226542
Node 1343, 10.528077777038652
Node 5601, 200.67709117621115
Node 7287, 231.652835090522
Node 6607, 205.09084623011563
Node 5534, 200.55524853757908
Node 1285, 7.88704319056597
Node 6466, 203.90394374099506
Node 4421, 165.2474826443664
Node 1382, 13.069562546000766
Node 2569, 74.37332707407124
Node 1318, 9.246488689883215
Node 5391, 200.34581287240798
Node 4736, 181.0930501009328
Node 7192, 221.8061308202994
Node 1858, 39.90626388399761
Node 6694, 206.07545770724064
Node 1716, 32.634789326380385
Node 5906, 201.36998799808632
Node 3358, 112.1358272088322
Node 2051, 48.67098497736692
Node 5484, 200.4899324774122
Node 5034, 197.41977575046138
Node 3574, 122.08955292967379
Node 3143, 101.5555544330124
Node 2739, 82.52065001219279
Node 1443, 16.89194954617896
Node 5032, 197.31539098027994
Node 7618, 364.2718915856025
Node 7258, 228.0860865885982
Node 7012, 212.01697974973328
Node 1648, 28.80635923827195
Node 1384, 13.11751964856196
Node 6619, 205.24112242128214
Node 5151, 200.07733255995387
Node 1325, 9.727385643308542
Node 2141, 52.90249704841817
Node 1529, 22.097223490639692
Node 1519, 21.39104893228515
Node 5728, 200.92101236276642
Node 3283, 108.44339833153641
Node 2297, 61.01901765241252
Node 1517, 21.251507209914692
Node 1404, 14.413859708037
Node 2561, 73.92218336653434
Node 1308, 8.783699699135012
Node 2491, 70.66785069651907
Node 1752, 34.6771469796162
Node 7121, 217.17883306252068
Node 2120, 51.87001889537052
Node 1277, 6.722017546345958
Node 7430, 257.03489494196884
Node 6532, 204.39623086287463
Node 1950, 43.74806539191185
Node 5270, 200.20197304010532
Node 1252, 4.462523283979257
Node 1230, 2.108723596320352
Node 7421, 254.40798539050513
Node 6496, 204.11358456362154
Node 5350, 200.3006307540484
Node 4800, 184.67352674988962
Node 4755, 182.0464181633428
Node 4644, 176.01232859880017
Node 7263, 228.7148132244204
Node 7113, 216.57725083784192
Node 7101, 215.82334736348693
Node 1292, 8.232750609476584
Node 3312, 110.1978821287223
Node 2934, 92.03797383714887
Node 2049, 48.544237229319876
Node 7193, 221.87100997160752
Node 7183, 221.29252108038736
Node 6018, 201.66517687491177
Node 7117, 216.86964916091736
Node 7115, 216.82091895551412
Node 4266, 157.82057011461876
Node 1222, 1.1118649243443353
Node 6685, 205.9813236992809
Node 4532, 170.79837431611392
Node 3996, 144.5917688097038
Node 1331, 10.004351930696131
Node 1235, 2.5110660782660696
Node 6386, 203.4072552818046
Node 8003, 4148.719751905302
Node 7425, 255.80086944194667
Node 6915, 209.81163546229197
Node 1739, 34.10961068166559
Node 1340, 10.398873178866179
Node 7204, 222.6829488568945
Node 6021, 201.6782003597311
Node 2419, 67.60646099936795
Node 1296, 8.440519257796037
Node 1859, 39.926515995386346
Node 7063, 214.03388849484898
Node 4966, 193.44405792393138
Node 3614, 124.06110779496217
Node 7011, 211.9868095682333
Node 6760, 207.21780390652052
Node 6732, 206.77932477677558
Node 7942, 3173.7030062394792
Node 7868, 1871.3521708917176
Node 7809, 946.9137192209967
Node 7235, 225.5597614178564
Node 6994, 211.604322302075
Node 5134, 200.06788336151132
Node 1834, 38.5976952590342
Node 1392, 13.637893696362351
Node 4694, 178.88510864826793
Node 2118, 51.770597765264704
Node 1248, 3.9703838180319293
Node 1310, 8.888068875304382
Node 6716, 206.36069630890174
Node 3989, 144.23490834388917
Node 2366, 64.83099312305339
Node 3249, 106.81799325359572
Node 6611, 205.14341863767027
Node 6610, 205.1373816032186
Node 6050, 201.76271227396083
Node 1579, 25.055896943342173
Node 6583, 204.8421405640584
Node 3644, 125.34439885949743
Node 7820, 995.320628399298
Node 7689, 482.69843587013503
Node 7442, 260.98892721812183
Node 6379, 203.3693067091779
Node 6044, 201.75213254705434
Node 3756, 131.00461533837102
Node 7379, 246.23518197356196
Node 7185, 221.39499652548017
Node 7076, 214.84267783285748
Node 3709, 128.52419254387036
Node 2666, 78.99137253382736
Node 7064, 214.06159341352455
Node 6237, 202.55765862401537
Node 4890, 189.08753282607373
Node 5797, 201.08984830297794
Node 2584, 74.9507510850253
Node 7021, 212.46317760761542
Node 4641, 176.00471737896694
Node 6646, 205.59107101980436
Node 4221, 155.6909258973841
Node 5476, 200.47133585401457
Node 3684, 127.53322110632352
Node 3388, 113.44401746643678
Node 2220, 56.50054944517445
Node 4941, 192.4260643105652
Node 4918, 191.21468007512755
Node 1530, 22.27347817204392
Node 3226, 105.55890097778908
Node 7286, 231.65227367202652
Node 2809, 86.2037975935695
Node 1390, 13.394733002479466
Node 2407, 67.164024902345
Node 1770, 35.949304021327585
Node 6005, 201.62348338735376
Node 1242, 3.4560519459966392
Node 3206, 104.65833428289397
Node 2935, 92.0535154079693
Node 2858, 88.85702521648277
Node 1552, 23.698498293730776
Node 1268, 5.659829529566676
Node 7662, 439.69296239429497
Node 7497, 282.88896737886506
Node 7224, 224.69262677788512
Node 2631, 77.33327018156236
Node 2136, 52.64021533318663
Node 1237, 3.2638090991540496
Node 1231, 2.2186484204318933
Node 7030, 212.81678641241027
Node 3856, 136.08233916235866
Node 3269, 107.86499827806139
Node 3208, 104.70507492652857
Node 5141, 200.07132457054263
Node 2002, 46.355539161631924
Node 1751, 34.63469710607467
Node 1278, 6.972582698386183
Node 7407, 251.69765618944277
Node 7261, 228.57961123890632
Node 7221, 224.28200288926243
Node 2795, 85.50812628741659
Node 1373, 12.309087530644492
Node 7009, 211.97462018661452
Node 5955, 201.48899394945067
Node 6935, 210.20736620935105
Node 4190, 153.7251217747325
Node 2186, 54.892743495041195
Node 1425, 15.928958531093386
Node 2635, 77.4534550630035
Node 1658, 29.18511286165295
Node 1510, 20.64061340011312
Node 1449, 17.057485233767324
Node 1234, 2.3729217263265854
Node 6408, 203.51059481909343
Node 7256, 227.6894944224122
Node 6420, 203.60061375095617
Node 6296, 202.8354085380126
Node 2755, 83.35107624051024
Node 1261, 5.2552252047846055
Node 6152, 202.1638424830815
Node 6073, 201.8346577618727
Node 5674, 200.81679480895514
Node 1591, 25.957138939192706
Node 4022, 145.77699802961536
Node 7229, 225.14053224910708
Node 7081, 215.06233171508975
Node 2799, 85.60549299064108
Node 6072, 201.8330876654227
Node 1584, 25.238279738353317
Node 1245, 3.6017752023762504
Node 4053, 147.15499800483073
Node 1668, 29.750385071732378
Node 7345, 240.3918126920944
Node 7283, 231.261178778029
Node 6003, 201.61506552205782
Node 1880, 40.602390687185654
Node 1427, 16.127960928149207
Node 2625, 77.11520830550559
Node 7252, 227.17895901475077
Node 6452, 203.80268775205323
Node 6400, 203.48273945051255
Node 6060, 201.79228203400797
Node 3547, 120.71316077223922
Node 2509, 71.37154039202824
Node 1329, 9.934638014665051
Node 2494, 70.72135262422324
Node 1236, 3.2297054969065457
Node 2469, 69.71367704241663
Node 1614, 27.166200453971687
Node 5890, 201.30282781961756
Node 3189, 103.7808497805313
Node 1521, 21.627554979530434
Node 5371, 200.32592777046187
Node 3407, 114.21937254389647
Node 2592, 75.15901891900799
Node 7315, 235.78144465489467
Node 1673, 30.03322478903507
Node 1317, 9.175833908212589
Node 7280, 231.0937899253862
Node 6446, 203.75508328868534
Node 6427, 203.64839130470966
Node 6134, 202.07158861065543
Node 4448, 166.28303148608026
Node 5060, 199.00368618923122
Node 2391, 65.91972716536499
Node 6356, 203.23372690130887
Node 5551, 200.57968006561993
Node 7033, 213.04421221164216
Node 5740, 200.95229950400412
Node 4820, 185.7842846233902
Node 2525, 72.28865128620258
Node 3135, 101.0126068974232
Node 2037, 47.86624264731473
Node 5051, 198.47316895369977
Node 4198, 154.17931938639296
Node 1829, 38.480378650437494
Node 1830, 38.48281051916823
Node 1826, 38.31264558657796
Node 6957, 210.76256311044673
Node 6672, 205.86981685100565
Node 6641, 205.54595844920965
Node 5454, 200.426813184209
Node 5047, 198.32572551714688
Node 1703, 31.677392323525314
Node 1229, 2.0102115351730756
Node 6696, 206.08730350941593
Node 7639, 395.2999192237684
Node 7458, 268.29648421074825
Node 4520, 170.34624965229042
Node 3515, 119.0075433768093
Node 2179, 54.544851775791955
Node 2899, 90.71014847389998
Node 2084, 50.09676313419331
Node 4021, 145.7417719115098
Node 2882, 90.09079294130301
Node 1996, 46.0931371604053
Node 3039, 97.08837889612369
Node 1356, 11.344096079450761
Node 7397, 249.9477838399117
Node 6905, 209.5751508396425
Node 3295, 109.02980361654365
Node 1387, 13.27756328999033
Node 4525, 170.4987682809936
Node 3277, 108.17255894453764
Node 7337, 239.28966689208954
Node 7003, 211.866546736569
Node 6874, 208.9736478492658
Node 6092, 201.91058773119963
Node 4156, 151.79559100004258
Node 3284, 108.46856578834876
Node 1631, 28.165334437846166
Node 1575, 24.80697259772148
Node 1299, 8.514100096942107
Node 1328, 9.844449346631693
Node 1281, 7.412167353772855
Node 7155, 218.69622633462987
Node 2156, 53.561853735193836
Node 1773, 36.06705064636769
Node 1344, 10.593069822961803
Node 6958, 210.7662314949771
Node 6543, 204.43566683723435
Node 1907, 41.92475170866506
Node 6930, 210.11811416267815
Node 2250, 58.081266128620285
Node 1638, 28.461214486275765
Node 1563, 24.09070447065781
Node 1550, 23.572210585481557
Node 1588, 25.50478766278649
Node 6723, 206.53683992143752
Node 3671, 127.07755505450469
Node 2279, 59.937472579681156
Node 7562, 324.3856695724391
Node 7426, 256.1975507298421
Node 7308, 234.8552926345324
Node 5177, 200.10245475432004
Node 6932, 210.15063916674623
Node 6343, 203.1468144805983
Node 5958, 201.49993716561497
Node 2826, 86.96192808194091
Node 1936, 43.22529655675122
Node 5458, 200.4470130130351
Node 1725, 33.084410667304766
Node 5013, 196.2994424661922
Node 6277, 202.71422069493698
Node 5901, 201.3504142978279
Node 2468, 69.69765163877271
Node 2877, 89.89759725774077
Node 1272, 6.385257338938547
Node 7367, 244.0782703550328
Node 7102, 215.88003928980547
Node 5732, 200.93565145652664
Node 2555, 73.5405733433041
Node 3115, 100.62048998783047
Node 1468, 18.14845702741889
Node 1334, 10.130116861387725
Node 7352, 242.33624741197355
Node 6602, 205.04225408844064
Node 1728, 33.42456343130352
Node 6574, 204.7175293722101
Node 1420, 15.613393976664112
Node 6832, 208.2456825204447
Node 3722, 129.28645230650056
Node 2798, 85.56803700914638
Node 1313, 8.946690602097268
Node 2794, 85.44398877856102
Node 6264, 202.64569850912204
Node 1780, 36.598888911689706
Node 5951, 201.47775061211343
Node 3028, 96.46244073024032
Node 3863, 136.44609898757722
Node 2020, 47.1608007223522
Node 7550, 316.8190164293029
Node 7433, 258.6467155716069
Node 7027, 212.53430633144893
Node 1604, 26.763300376859586
Node 2700, 80.75605883591652
Node 7214, 223.69440734109114
Node 6999, 211.69582580890452
Node 6341, 203.13669546912757
Node 2609, 76.17263730525443
Node 7181, 221.04919957125136
Node 6635, 205.4278540545071
Node 2667, 79.10961549049009
Node 1301, 8.541866344308128
Node 5260, 200.1888697715824
Node 6838, 208.38784284286197
Node 4061, 147.42203108348028
Node 2197, 55.16880298608544
Node 2460, 69.37588269163281
Node 2185, 54.7620099023507
Node 2299, 61.149312007444436
Node 5899, 201.34741242713594
Node 2217, 56.324554463861226
Node 5174, 200.09897939484705
Node 1709, 32.11059111202422
Node 7484, 278.43712107595564
Node 7427, 256.59911968248497
Node 5855, 201.24217819278823
Node 2840, 87.76864823181951
Node 2750, 82.8847091962728
Node 2103, 51.147982748601926
Node 7249, 227.01898289641545
Node 6271, 202.66812440334667
Node 3835, 134.81934778719068
Node 1284, 7.757588380367856
Node 2017, 47.03961955314503
Node 1682, 30.21351074867095
Node 5082, 200.0075808667817
Node 2670, 79.18143812044437
Node 7459, 268.3485881309467
Node 6951, 210.66408175885536
Node 1782, 36.63701328530246
Node 1227, 1.7051443572189406
Node 5781, 201.0307655390935
Node 4883, 188.79233190728266
Node 3355, 112.0179526905965
Node 5735, 200.94087522603226
Node 2499, 70.87058891953578
Node 1908, 41.9312464896625
Node 1363, 11.78888292092525
Node 3744, 130.60912558651785
Node 2913, 91.2633089935003
Node 2071, 49.51146600129684
Node 7419, 253.879269443639
Node 6471, 203.93250939001013
Node 6294, 202.82603871459926
Node 7417, 253.76562579221957
Node 5654, 200.77973593214068
Node 7413, 252.26937387679595
Node 7284, 231.28838308452143
Node 7055, 213.62373027082486
Node 6969, 211.01661368487294
Node 5500, 200.50411813971195
Node 7246, 226.95377206955112
Node 1871, 40.275094562111974
Node 7141, 218.28758965026097
Node 6270, 202.65773002968692
Node 2547, 73.21290458087564
Node 1283, 7.575055747362912
Node 1446, 16.991496885673612
Node 4205, 154.78632302802194
Node 1992, 45.9004550047376
Node 2174, 54.203181733436644
Node 7092, 215.39798751770343
Node 1305, 8.676284874818665
Node 6823, 208.12648328769805
Node 6675, 205.89209151730978
Node 3647, 125.61600343763911
Node 2348, 64.02629600089313
Node 1877, 40.579723420280324
Node 1282, 7.509145932744955
Node 7319, 236.05918358601204
Node 6623, 205.29337865207762
Node 5879, 201.28623726467038
Node 6281, 202.74538436235156
Node 1362, 11.733049305731424
Node 6707, 206.21673263155012
Node 4706, 179.56905650726742
Node 3749, 130.7534618256865
Node 6176, 202.2788383372664
Node 3232, 106.0366563123139
Node 1377, 12.922898667991664
Node 7737, 615.7058754941451
Node 7364, 243.98026648629937
Node 6785, 207.55850045874956
Node 5622, 200.71446101655152
Node 4310, 159.85748146268267
Node 6637, 205.4678836575463
Node 6609, 205.13309452936227
Node 5898, 201.3381893286585
Node 6199, 202.37419188763997
Node 6188, 202.33410163662003
Node 5742, 200.95859699748445
Node 1639, 28.477348407308423
Node 4497, 169.05503004216288
Node 7358, 243.01867337733813
Node 7070, 214.34248102337475
Node 6883, 209.16266232585355
Node 2703, 80.926509819183
Node 2095, 50.66530446026992
Node 6667, 205.7777152122737
Node 5452, 200.42295077522547
Node 1337, 10.255903706415072
Node 6563, 204.6370392214229
Node 3529, 120.09084762574099
Node 1526, 21.924833185573828
Node 1224, 1.3204307133172377
Node 5823, 201.14644574762443
Node 1251, 4.291480865105152
Node 6945, 210.54815093016202
Node 5629, 200.72688347681756
Node 5330, 200.26975417932087
Node 3191, 103.9507306640009
Node 4349, 162.014402474627
Node 6221, 202.47815354794176
Node 1422, 15.765395793639376
Node 7213, 223.56125793079678
Node 6323, 203.0022272002634
Node 6196, 202.35793565644616
Node 4886, 188.88667294701528
Node 5683, 200.84400562662518
Node 7006, 211.90532479552124
Node 7572, 329.3403780890478
Node 7050, 213.56772591351503
Node 6580, 204.77739905117477
Node 1765, 35.662365365255496
Node 7472, 271.6575817400483
Node 7416, 253.50840631499207
Node 6798, 207.82732471224077
Node 3116, 100.63445744359694
Node 5586, 200.65187134982136
Node 5083, 200.00777274018316
Node 3408, 114.25951665453417
Node 2705, 80.96133929066752
Node 7282, 231.20260921068459
Node 7194, 222.01647054931664
Node 5719, 200.89639718962627
Node 1478, 18.85443213404543
Node 1290, 8.079793599117016
Node 4059, 147.29177711543184
Node 6949, 210.63649612326859
Node 4071, 147.87469686171735
Node 3085, 99.41590376099492
Node 7264, 228.79272210310754
Node 7212, 223.5128114786689
Node 7023, 212.48675373465548
Node 6939, 210.4351732758629
Node 2520, 71.82258519424677
Node 7144, 218.42355727631463
Node 5332, 200.27098785047508
Node 1389, 13.336682742578482
Node 6335, 203.05191113726812
Node 1484, 19.098194045117634
Node 6075, 201.84533370759053
Node 1497, 19.669088179676056
Node 5913, 201.37404102006798
Node 1346, 10.716668027705248
Node 7443, 261.22868541535246
Node 7083, 215.12618432080046
Node 5968, 201.51908326048004
Node 2271, 59.25955514407857
Node 1679, 30.168158678234555
Node 1279, 6.991386573853447
Node 3486, 117.77644801134147
Node 7053, 213.61132673038745
Node 6977, 211.19540981661856
Node 5884, 201.28870747278378
Node 5340, 200.2846072772906
Node 1309, 8.823152463655422
Node 5567, 200.60778302373097
Node 1256, 4.684180172685596
Node 5114, 200.04178553535613
Node 1971, 44.7240085506683
Node 4775, 183.06841376049286
Node 1894, 41.15345559981846
Node 7047, 213.4576477185363
Node 7040, 213.38552991337693
Node 6819, 208.08436319573258
Node 5813, 201.13137595519976
Node 5774, 201.01960379281616
Node 6960, 210.78335566135755
Node 6948, 210.62538100374869
Node 5960, 201.51319503694734
Node 2291, 60.42945444798578
Node 5950, 201.47477483066987
Node 5413, 200.37393697412597
Node 4369, 163.0873912861857
Node 1314, 8.99861038349893
Node 1645, 28.68817217793147
Node 6726, 206.63626396362503
Node 6219, 202.4646004692531
Node 5423, 200.38925307238202
Node 2130, 52.50329133806239
Node 2850, 88.28887460476935
Node 2191, 54.95675121695939
Node 1240, 3.366787075492439
Node 2497, 70.84597239501848
Node 1819, 37.99032502842183
Node 7369, 244.28703238133727
Node 6643, 205.54898887445074
Node 5894, 201.3259017310614
Node 2823, 86.85922783852443
Node 1358, 11.447649767395292
Node 2818, 86.62250742722263
Node 1888, 40.85459791115349
Node 5334, 200.27314920395924
Node 5972, 201.52753739808665
Node 4626, 175.20617894690636
Node 2412, 67.39508883421372
Node 1465, 18.042039990000198
Node 7361, 243.4247441478327
Node 6942, 210.52929015556253
Node 4367, 163.0302178424263
Node 1922, 42.49666717101021
Node 1536, 22.5132561627781
Node 2922, 91.5159610647507
Node 5358, 200.3124500382382
Node 3944, 141.48917670339492
Node 2227, 56.80576379439566
Node 7160, 219.00774514597904
Node 7132, 217.55265974793642
Node 5139, 200.06994489770076
Node 1428, 16.1362312135858
Node 7125, 217.30295287315312
Node 5642, 200.75812944739735
Node 3723, 129.3094133157671
Node 1412, 14.89727881083267
Node 7090, 215.30557270627673
Node 2998, 95.14231950089578
Node 6620, 205.2699866841779
Node 5021, 196.7001973819072
Node 3849, 135.58887181129037
Node 2923, 91.58031528144055
Node 3533, 120.18792692783782
Node 3131, 100.97520218312472
Node 6479, 203.9883854331913
Node 6200, 202.37426779407247
Node 1257, 4.73169616849745
Node 4995, 195.18414116162697
Node 3954, 142.31935137866836
Node 7869, 1908.744635030139
Node 7762, 703.9124030374345
Node 7637, 392.0923660829194
Node 7608, 351.53825266965487
Node 5909, 201.37260192294653
Node 1692, 31.000356254574
Node 1359, 11.52009769130144
Node 1232, 2.304780997636873
Node 1241, 3.4467636483519812
Node 7438, 259.97341781674373
Node 1288, 8.009863349935394
Node 7122, 217.24442757197735
Node 6478, 203.98253246367142
Node 6183, 202.3133306567835
Node 7079, 214.91948045102697
Node 1975, 44.93663456854252
Node 7062, 213.95441527454363
Node 6679, 205.92476705676026
Node 7056, 213.68383709932715
Node 5016, 196.40556093063054
Node 2807, 86.10213199351611
Node 6784, 207.54860543732104
Node 3650, 125.77998716499617
Node 1825, 38.3089389926621
Node 2767, 84.27454123247477
Node 2106, 51.27468347979598
Node 7609, 352.8274943834264
Node 6887, 209.22572787738966
Node 6102, 201.95327539641553
Node 7607, 351.2888701592817
Node 7445, 261.62544305166955
Node 6775, 207.392464583501
Node 4186, 153.41017390981534
Node 2321, 62.584571492226665
Node 1867, 40.22029382653364
Node 1260, 4.993997543637202
Node 5468, 200.46072998554087
Node 2597, 75.26494029852192
Node 7500, 283.8777291756925
Node 2402, 66.62921453525591
Node 7203, 222.65783186796472
Node 6866, 208.8417120408993
Node 5137, 200.06869999393697
Node 3007, 95.64996091608516
Node 3024, 96.33907444055524
Node 2650, 78.04156860922885
Node 6746, 207.0310975076488
Node 5346, 200.29635807379313
Node 2163, 53.674298527629645
Node 4556, 171.94877924541035
Node 4309, 159.7419297821089
Node 2553, 73.44249486152214
Node 1321, 9.462649145083592
Node 1688, 30.724212720425417
Node 1273, 6.429921649694302
Node 1225, 1.4186868176492669
Node 6621, 205.27380253647118
Node 6045, 201.75307080124367
Node 6397, 203.4627678078185
Node 7161, 219.1072710177453
Node 4767, 182.60722134207347
Node 1695, 31.149985059437636
Node 2706, 80.96512179921938
Node 7682, 469.76286514434594
Node 7490, 280.3883050904441
Node 7270, 229.91192037042705
Node 7123, 217.26440247031093
Node 6804, 207.9392748878465
Node 6442, 203.72506502058147
Node 5794, 201.0795064872906
Node 5265, 200.1992422511668
Node 1573, 24.62855943586088
Node 6035, 201.70905357014118
Node 1523, 21.682010628782123
Node 1415, 15.262717611512418
Node 3543, 120.55475746036137
Node 1333, 10.112291022691311
Node 7225, 224.864595133486
Node 4646, 176.13914013180528
Node 3346, 111.5992267528197
Node 6526, 204.3665855550407
Node 6189, 202.33519558456487
Node 5565, 200.60548677591206
Node 5557, 200.58744073903588
Node 2201, 55.42185674466791
Node 2704, 80.94464507959897
Node 6320, 202.96383378536183
Node 5647, 200.76224160955059
Node 7436, 259.13809466669824
Node 6558, 204.6004082987536
Node 6449, 203.76133570947704
Node 3150, 101.91053468360772
Node 3201, 104.46223704615753
Node 7400, 250.22529299532803
Node 7228, 225.04753169472426
Node 4104, 149.30921761066446
Node 7197, 222.19445116269983
Node 3930, 140.22762740816333
Node 3385, 113.32930001016793
Node 7029, 212.75002649269248
Node 3259, 107.32827216210404
Node 2589, 75.02680575812165
Node 1948, 43.67412723370619
Node 2891, 90.49251024706915
Node 1487, 19.20678706491187
Node 1324, 9.680150468224154
Node 6867, 208.8579094524787
Node 6339, 203.08012115033932
Node 4393, 164.06944789607633
Node 6660, 205.74922320715854
Node 2541, 72.95729553045585
Node 4735, 181.08930922877752
Node 2893, 90.60742151925356
Node 7363, 243.71970660107306
Node 6702, 206.17898910553419
Node 3234, 106.11089944480743
Node 1549, 23.421289831132817
Node 6440, 203.71656893472135
Node 2572, 74.49715861658056
Node 2551, 73.33280168850594
Node 5868, 201.26011378545215
Node 3349, 111.81383611501552
Node 2219, 56.4425623081699
Node 4337, 161.47467783518687
Node 7331, 238.43693030979998
Node 7131, 217.54087741013228
Node 6349, 203.19146931048505
Node 4013, 145.4833569306066
Node 2616, 76.62114915433482
Node 1562, 24.065052339898525
Node 2653, 78.15904795359249
Node 5943, 201.46411168748185
Node 1617, 27.271341013258205
Node 4620, 174.80143604979244
Node 2964, 93.2033506684666
Node 1840, 39.067840099666256
Node 7075, 214.81001021627344
Node 5617, 200.7026658497831
Node 7038, 213.2222033383817
Node 6766, 207.2709217821622
Node 2568, 74.36969727192569
Node 5988, 201.58188343762282
Node 2783, 84.88335827657556
Node 1371, 12.27328993691298
Node 1876, 40.456285872281704
Node 6827, 208.16530987210143
Node 5131, 200.06311664911206
Node 4223, 155.93037456282494
Node 2133, 52.599008783952065
Node 6803, 207.9382989744718
Node 1965, 44.42484770070505
Node 6737, 206.85204682681905
Node 5315, 200.254501078696
Node 4860, 187.85328326465472
Node 1675, 30.049857029710473
Node 1509, 20.620245177751407
Node 2439, 68.4557166777693
Node 6477, 203.97459208192294
Node 5907, 201.37080303749258
Node 6248, 202.5872659124474
Node 5889, 201.3018830605253
Node 3505, 118.70084363893359
Node 1540, 22.755255900003164
Node 7198, 222.22336424921414
Node 6314, 202.94006984592238
Node 4812, 185.22246010757448
Node 6947, 210.62258354358127
Node 6725, 206.63397392963293
Node 6404, 203.49707604973065
Node 2154, 53.39835581305682
Node 6552, 204.55457959061457
Node 5888, 201.30134762740266
Node 1981, 45.22851635786258
Node 5059, 199.0009451458974
Node 2316, 62.17879888493093
Node 1385, 13.17050720722282
Node 7643, 405.2176346906124
Node 7547, 316.63833821196766
Node 7485, 278.8567200046076
Node 7048, 213.51376735003328
Node 6463, 203.8915045861417
Node 6372, 203.31888287051444
Node 6157, 202.1793317211109
Node 5857, 201.24307808322226
Node 1316, 9.12931864802543
Node 2832, 87.31170146002722
Node 6121, 202.02160998415096
Node 3453, 116.60734622559676
Node 1475, 18.59152417419376
Node 1220, 0.34890268527499935
Node 6829, 208.18809467833415
Node 2510, 71.55235269982475
Node 5580, 200.63892704678244
Node 1407, 14.493993249064403
Node 1847, 39.44232508724639
Node 7267, 229.34233307265677
Node 5659, 200.7832466686791
Node 7148, 218.56652229428352
Node 6516, 204.2384620895898
Node 6131, 202.06225550560833
Node 4470, 167.50951969193937
Node 4105, 149.3499991777289
Node 2244, 57.73264038267146
Node 1646, 28.70011144218161
Node 2711, 81.21135448652079
Node 1459, 17.7658455868585
Node 6394, 203.4345672682448
Node 3009, 95.73871183988815
Node 1676, 30.12246343386811
Node 1527, 21.930347065012164
Node 2194, 55.128139227550896
Node 1801, 37.42172733680997
Node 2155, 53.4475778982609
Node 1662, 29.466090270956318
Node 1319, 9.376924572848633
Node 5367, 200.3240192908478
Node 2926, 91.62220381338452
Node 1951, 43.75264715203839
Node 3439, 115.89890861719945
Node 6708, 206.22325103497903
Node 2898, 90.67353855664163
Node 1524, 21.773508037771563
Node 7536, 306.00822342574867
Node 6988, 211.46368447110885
Node 6704, 206.1813063762762
Node 6211, 202.42819674962865
Node 2127, 52.340382568669376
Node 1511, 20.700503115687244
Node 4747, 181.71438239423762
Node 3501, 118.33834270293222
Node 1374, 12.498327108008535
Node 3015, 95.94896777574421
Node 1995, 46.028034191541245
Node 1221, 0.8762792560889237
Node 7394, 249.06379395850982
Node 7255, 227.59334100093267
Node 6806, 207.96852888725968
Node 6904, 209.55517169089148
Node 6286, 202.75616824718236
Node 5933, 201.43974178022833
Node 1525, 21.86350825689887
Node 6285, 202.75303394480173
Node 3256, 107.12785203190634
Node 1426, 15.988792042482192
Node 6269, 202.65624931640076
Node 4613, 174.41860911856065
Node 3959, 142.59262298334616
Node 2488, 70.5388007923621
Node 2796, 85.55095308507772
Node 4551, 171.6588532405958
Node 1430, 16.3934156185972
Node 5709, 200.87548347434827
Node 2458, 69.30685557686932
Node 3287, 108.70693416605208
Node 2249, 58.048585592607814
Node 6548, 204.47999531185906
Node 1457, 17.686174649729164
Node 5904, 201.36838613933878
Node 4274, 158.1629897916433
Node 2272, 59.34756444264886
Node 3446, 116.19252657741411
Node 1745, 34.33476424506399
Node 5461, 200.45139018397543
Node 7259, 228.36535751545614
Node 6376, 203.3381335163069
Node 4681, 178.38833924467042
Node 5975, 201.53585568553484
Node 5582, 200.64030357273805
Node 4502, 169.48361857410927
Node 1952, 43.77691790290524
Node 7163, 219.33476125994477
Node 6014, 201.65662544263458
Node 3995, 144.58332602617378
Node 1989, 45.72064932090399
Node 1810, 37.81605499657329
Node 3307, 109.85990444785092
Node 4120, 150.12645821150252
Node 1244, 3.5481057959202826
Node 7065, 214.1227540331848
Node 2207, 55.69874119455631
Node 1287, 7.99246072426074
Node 2619, 76.66761030333569
Node 1267, 5.6343929339013155
Node 1902, 41.65816658382554
Node 7593, 342.6675339099109
Node 7437, 259.7654266661978
Node 7239, 226.21932624825476
Node 6891, 209.3253736536299
Node 3221, 105.34966077489521
Node 7209, 223.1966368176475
Node 1538, 22.709492326334818
Node 6934, 210.18514129768712
Node 5936, 201.44326079394028
Node 1749, 34.546089527282724
Node 7251, 227.13852636928118
Node 1357, 11.426196311703537
Node 6964, 210.87991974515816
Node 6778, 207.47294249444263
Node 6721, 206.42765239206764
Node 4044, 146.90734755239689
Node 1849, 39.509276545923775
Node 3382, 113.18126200933641
Node 2373, 65.09287405257584
Node 6739, 206.88347781193414
Node 6292, 202.79836645377227
Node 6251, 202.5962907767025
Node 4152, 151.64416824785343
Node 2485, 70.46827915309301
Node 5070, 199.6218818960609
Node 6665, 205.77214293893766
Node 7552, 317.7508855851511
Node 7334, 238.72681097757956
Node 4403, 164.53346605642653
Node 7312, 235.48401804110784
Node 6984, 211.40081597024627
Node 5978, 201.54117194842812
Node 2696, 80.45756708265446
Node 6647, 205.5989828252134
Node 5310, 200.25170722584303
Node 3366, 112.4102953834102
Node 4524, 170.49602757258538
Node 3737, 130.25202854613136
Node 6438, 203.70386429415058
Node 3834, 134.65844491400534
Node 1336, 10.186603038627348
Node 4984, 194.4465226750214
Node 4076, 148.01668511701087
Node 7200, 222.40097831982254
Node 6826, 208.15360408996426
Node 1271, 6.26182872476904
Node 7171, 219.95807681300622
Node 4874, 188.45511761608375
Node 2306, 61.47419733766176
Node 6080, 201.87442572377296
Node 5716, 200.89043602046368
Node 1339, 10.350127468657286
Node 4058, 147.2835539416816
Node 3724, 129.3201318629593
Node 7525, 297.8606419699474
Node 4997, 195.2814280946014
Node 2453, 69.16877448602797
Node 1274, 6.578442984547409
Node 6076, 201.84583132731817
Node 4834, 186.74449267740624
Node 3992, 144.3880481653717
Node 2425, 67.76558591785427
Node 4159, 152.02225506490132
Node 7806, 932.9517524545449
Node 7728, 564.6105641606528
Node 7537, 307.4210397056527
Node 7279, 231.05675943381792
Node 6846, 208.55201748906572
Node 2014, 46.83848133161518
Node 4074, 147.95722011349827
Node 1680, 30.17917214929972
Node 1839, 39.056799737277316
Node 7435, 259.098699318303
Node 6531, 204.3858944599369
Node 6506, 204.15588662494085
Node 6536, 204.40639946508898
Node 1376, 12.722908806867032
Node 7610, 357.1688556338993
Node 7340, 239.8631165903872
Node 7313, 235.67187341135798
Node 6757, 207.16486107994555
Node 1395, 13.750376911048948
Node 2604, 75.83143742744511
Node 1226, 1.6273253135475427
Node 7293, 232.36497192096652
Node 7134, 217.63563442139193
Node 3319, 110.50573795172815
Node 2656, 78.23699439473327
Node 2192, 55.032053676791996
Node 1369, 12.121825790515805
Node 1253, 4.548988697116492
Node 1286, 7.95351260619417
Node 2788, 85.0910996915257
Node 1678, 30.15083799505905
Node 1596, 26.354827938839378
Node 6742, 206.93022490951662
Node 3859, 136.30028715555056
Node 1900, 41.55470522020528
Node 1353, 11.15953735134345
Node 1259, 4.963948308162309
Node 7234, 225.5427545640323
Node 4017, 145.6211124969661
Node 1304, 8.666942739469329
Node 7574, 330.79411521923595
Node 7196, 222.09749921571435
Node 6795, 207.7477184462492
Node 3810, 133.21827059201308
Node 6876, 209.03251098769167
Node 5490, 200.49360412567313
Node 4086, 148.52979725455208
Node 3908, 138.81487585692682
Node 6489, 204.07311766932241
Node 6069, 201.82820126992152
Node 2878, 89.99895477718192
Node 7487, 279.0373128819102
Node 7265, 228.9718605225038
Node 5918, 201.3903433091188
Node 1302, 8.595244412228755
Node 6689, 206.02940798701994
Node 1694, 31.0545805545949
Node 6126, 202.03632654237563
Node 1699, 31.450119526026604
Node 7382, 246.77649811115685
Node 6454, 203.81301491586615
Node 3678, 127.32818180851498
Node 5992, 201.5960356845899
Node 4765, 182.46538226847304
Node 5125, 200.0566905661442
Node 7276, 230.57561308966297
Node 7174, 220.22060337300005
Node 7024, 212.5048873996217
Node 6275, 202.70766729170722
Node 3876, 137.15124285061603
Node 1262, 5.293063300609019
Node 1499, 19.734103498328757
Node 6875, 208.97701060885043
Node 6154, 202.1678008384293
Node 4548, 171.51673464327624
Node 7037, 213.1333448635328
Node 5107, 200.03434332943303
Node 4123, 150.26770854090842
Node 1593, 26.145049876165505
Node 1439, 16.65357281218306
Node 4179, 153.13002941662072
Node 1507, 20.336345274467817
Node 1315, 9.00068346878303
Node 4054, 147.19359063461673
Node 6562, 204.6259868964038
Node 2040, 48.03382556631383
Node 6510, 204.2090811118846
Node 3979, 143.59661942757094
Node 7795, 866.0979725316461
Node 7429, 256.89874049698506
Node 7300, 233.42157449477455
Node 6944, 210.53553785276856
Node 6678, 205.9210464537277
Node 6872, 208.92808969624497
Node 6038, 201.7154845272388
Node 7274, 230.35998412459926
Node 6871, 208.90667887151398
Node 1431, 16.402318431692006
Node 6214, 202.43358072519712
Node 3732, 130.05061519490727
Node 3449, 116.42971936526098
Node 1889, 40.904436541259415
Node 1247, 3.6830200405033473
Node 3279, 108.19340683475956
Node 2682, 79.98483475570318
Node 3764, 131.407161437348
Node 2692, 80.2998488517601
Node 2594, 75.19576292254173
Node 2062, 49.08105985837405
Node 6959, 210.7748605595334
Node 2352, 64.20831056559503
Node 5806, 201.11245109062176
Node 7366, 244.0753185226238
Node 6963, 210.861860200451
Node 6648, 205.60041167271737
Node 6453, 203.80482489562002
Node 4788, 183.98340019364605
Node 2312, 61.932559700765374
Node 1442, 16.864426159429918
Node 1239, 3.3326787234388506
Node 1490, 19.366180285066875
Node 2403, 66.68918230946686
Node 1263, 5.325132112009653
Node 1932, 43.07954479533998
Node 5408, 200.36733759485418
Node 5393, 200.34875201462407
Node 3161, 102.3960849028146
Node 7686, 472.2950286129436
Node 7412, 252.15603111459106
Node 6469, 203.9216614060618
Node 5046, 198.26290249550192
Node 1612, 27.128321384069235
Node 1448, 17.001300692495274
Node 3809, 133.21186548030065
Node 7675, 461.47217185552677
Node 7310, 235.01852825515445
Node 7068, 214.23693711552457
Node 6747, 207.0429638011988
Node 3717, 129.07311304062546
Node 1686, 30.51558463621159
Node 1856, 39.824222058353705
Node 7058, 213.7485374312172
Node 6093, 201.91560008968818
Node 2379, 65.34165562371327
Node 3912, 139.03574881314626
Node 6998, 211.6949141552785
Node 4469, 167.38281960619537
Node 5733, 200.93613053838692
Node 4078, 148.14194411181165
Node 3062, 98.49900560353147
Node 2621, 76.82434290312591
Node 2166, 53.72143824010643
Node 1513, 20.920767262144537
Node 5449, 200.41928555329469
Node 7236, 225.95008138260036
Node 7158, 218.96168733231792
Node 7052, 213.60909240483332
Node 1924, 42.60983641319017
Node 7028, 212.72987986431013
Node 4305, 159.61025308442535
Node 1243, 3.485643967511363
Node 7104, 216.15799000851462
Node 6605, 205.05296705113278
Node 6573, 204.709403111584
Node 4157, 151.8382007352035
Node 3503, 118.5960188941383
Node 6965, 210.90658900802796
Node 2080, 49.89219041030083
Node 1264, 5.418429790395624
Node 5828, 201.15490911390054
Node 2193, 55.05461992601171
Node 7206, 222.7972532533028
Node 6931, 210.12315991887488
Node 1664, 29.5859859182405
Node 1338, 10.26713691701463
Node 6494, 204.10241855060863
Node 5856, 201.2421965605445
Node 3003, 95.46125944772777
Node 2868, 89.4798047065756
Node 1915, 42.288130892200826
Node 1794, 37.03681671826768
Node 2214, 56.08922373913279
Node 2925, 91.60043145103171
Node 1807, 37.682405419392865
Node 4975, 193.97303674267644
Node 7467, 270.5235287126251
Node 7124, 217.28077935428882
Node 6808, 207.98282731150098
Node 4354, 162.2412479820371
Node 1772, 35.97155481308951
Node 6982, 211.30726955945053
Node 3510, 118.82774251261257
Node 1401, 14.253656497873468
Node 7344, 240.23911890460334
Node 5229, 200.1486387460473
Node 2928, 91.73614105130109
Node 1823, 38.19502305918928
Node 1270, 6.003017358362853
Node 2804, 86.03293494699837
Node 1228, 1.9765648597475798
Node 2774, 84.50014881433377
Node 1451, 17.218505786491342
Node 4262, 157.53238102904328
Node 2504, 71.23944162945585
Node 1615, 27.186163260512046
Node 6983, 211.32794310818386
Node 4471, 167.56138697640404
Node 3721, 129.19984644480218
Node 1416, 15.369015843909464
Node 1276, 6.679703790351867
Node 5570, 200.61399026782811
Node 3160, 102.39127796832852
Node 5387, 200.34113827069106
