node_generations, branch_length
7709.050191155309, 19965.913760361334
294.57575166869645, 7414.474439486613
107.73408784577155, 186.8416638229249
0.0, 107.73408784577155
0.0, 107.73408784577155
131.126379900421, 163.44937176827545
102.94876763698295, 28.17761226343805
0.0, 102.94876763698295
0.0, 102.94876763698295
104.67141262974906, 26.454967270671943
0.0, 104.67141262974906
100.4616036208084, 4.209809008940653
0.0, 100.4616036208084
57.159218805269596, 43.30238481553881
0.0, 57.159218805269596
0.0, 57.159218805269596
5262.708599416289, 2446.3415917390203
510.257434373383, 4752.451165042906
243.73692315830232, 266.52051121508066
145.3054231678622, 98.43149999044013
121.15222192102343, 24.153201246838762
110.15026927498715, 11.001952646036273
0.0, 110.15026927498715
57.29685385821882, 52.853415416768335
0.0, 57.29685385821882
52.45573703991323, 4.841116818305586
0.0, 52.45573703991323
39.790734618775545, 12.665002421137686
0.0, 39.790734618775545
0.0, 39.790734618775545
114.76903200138784, 6.3831899196355835
100.07611514520683, 14.692916856181014
55.9835621972983, 44.09255294790853
0.0, 55.9835621972983
37.97249709559825, 18.011065101700048
0.0, 37.97249709559825
0.0, 37.97249709559825
65.89232426072374, 34.18379088448309
0.0, 65.89232426072374
26.232374077168448, 39.659950183555296
0.0, 26.232374077168448
0.0, 26.232374077168448
101.08650564272345, 13.68252635866439
0.0, 101.08650564272345
88.57884861171196, 12.50765703101149
0.0, 88.57884861171196
78.79548997562614, 9.783358636085822
0.0, 78.79548997562614
0.0, 78.79548997562614
142.07397865251482, 3.2314445153473628
0.0, 142.07397865251482
136.92093814957687, 5.153040502937955
111.69239161588054, 25.22854653369633
103.14558275729078, 8.546808858589756
0.0, 103.14558275729078
101.65833877069105, 1.4872439865997364
0.0, 101.65833877069105
65.07098992087724, 36.58734884981381
0.0, 65.07098992087724
0.0, 65.07098992087724
107.44922661301314, 4.2431650028674
0.0, 107.44922661301314
0.0, 107.44922661301314
124.81574101236438, 12.105197137212485
100.57947755406602, 24.236263458298367
53.4844145070767, 47.09506304698932
0.0, 53.4844145070767
0.0, 53.4844145070767
100.24155000914632, 0.3379275449196939
0.0, 100.24155000914632
52.473750092009325, 47.767799917137
0.0, 52.473750092009325
0.0, 52.473750092009325
104.02469833989856, 20.79104267246582
0.0, 104.02469833989856
100.17406488091937, 3.850633458979189
0.0, 100.17406488091937
47.64089735129608, 52.53316752962329
0.0, 47.64089735129608
0.0, 47.64089735129608
159.5261287021145, 84.21079445618781
115.67189510022945, 43.854233601885056
106.46736485496518, 9.204530245264266
0.0, 106.46736485496518
100.74605706427599, 5.721307790689195
0.0, 100.74605706427599
31.005670773112477, 69.7403862911635
0.0, 31.005670773112477
0.0, 31.005670773112477
110.646523126755, 5.025371973474449
103.71456061756332, 6.931962509191678
0.0, 103.71456061756332
102.0132115591884, 1.701349058374916
0.0, 102.0132115591884
0.0, 102.0132115591884
108.99344927767181, 1.653073849083185
61.8969645370007, 47.096484740671116
0.0, 61.8969645370007
0.0, 61.8969645370007
100.5583100637027, 8.435139213969109
0.0, 100.5583100637027
35.63893494958549, 64.91937511411722
0.0, 35.63893494958549
0.0, 35.63893494958549
134.95635183998422, 24.569776862130283
116.99901505410381, 17.957336785880415
102.37272161140177, 14.626293442702035
2.1178740342490734, 100.2548475771527
0.0, 2.1178740342490734
0.0, 2.1178740342490734
102.0199442753294, 0.3527773360723785
0.0, 102.0199442753294
89.91730434792204, 12.102639927407353
0.0, 89.91730434792204
89.54910256505892, 0.36820178286312455
0.0, 89.54910256505892
0.0, 89.54910256505892
107.91278428781128, 9.08623076629253
102.67705845539199, 5.235725832419291
0.0, 102.67705845539199
0.0, 102.67705845539199
104.96072282418706, 2.9520614636242186
0.0, 104.96072282418706
60.59103119916204, 44.36969162502502
0.0, 60.59103119916204
41.47555180192846, 19.115479397233578
0.0, 41.47555180192846
0.0, 41.47555180192846
132.00537623356107, 2.9509756064231567
117.82905145234632, 14.176324781214745
12.612049240714276, 105.21700221163205
0.0, 12.612049240714276
0.0, 12.612049240714276
110.6206786420318, 7.208372810314515
0.0, 110.6206786420318
91.71072839219336, 18.909950249838445
0.0, 91.71072839219336
0.0, 91.71072839219336
120.30706257250972, 11.698313661051344
109.72978313999357, 10.57727943251615
107.18312156518272, 2.546661574810855
102.06476284365593, 5.118358721526789
0.0, 102.06476284365593
42.66344942012398, 59.401313423531946
0.0, 42.66344942012398
2.2043519619061147, 40.45909745821787
0.0, 2.2043519619061147
0.0, 2.2043519619061147
106.1931776083728, 0.9899439568099098
0.0, 106.1931776083728
104.89722078098141, 1.295956827391393
0.0, 104.89722078098141
104.78529686897662, 0.1119239120047979
0.0, 104.78529686897662
104.53145089163274, 0.2538459773438717
0.0, 104.53145089163274
103.19676303058395, 1.334687861048792
0.0, 103.19676303058395
100.35146180307082, 2.845301227513133
0.0, 100.35146180307082
77.4175275777296, 22.93393422534122
6.405157864763203, 71.0123697129664
0.0, 6.405157864763203
0.0, 6.405157864763203
20.917641815921957, 56.49988576180765
0.0, 20.917641815921957
0.0, 20.917641815921957
107.8395933570531, 1.8901897829404675
0.0, 107.8395933570531
101.01433538520348, 6.825257971849624
55.08448362705824, 45.92985175814524
0.0, 55.08448362705824
0.0, 55.08448362705824
100.81726831577804, 0.19706706942544372
0.0, 100.81726831577804
87.11531415947293, 13.701954156305106
0.0, 87.11531415947293
0.0, 87.11531415947293
111.36711763705634, 8.939944935453383
100.88888110555452, 10.478236531501821
24.645561190561725, 76.2433199149928
0.0, 24.645561190561725
22.837884863624105, 1.8076763269376208
0.0, 22.837884863624105
0.0, 22.837884863624105
100.80567677596241, 0.08320432959210677
0.0, 100.80567677596241
0.0, 100.80567677596241
102.0328840552678, 9.334233581788538
0.0, 102.0328840552678
101.38647482331449, 0.6464092319533137
0.0, 101.38647482331449
93.11352214596349, 8.272952677351
0.0, 93.11352214596349
0.0, 93.11352214596349
296.5944293149019, 213.66300505848108
134.3250538623329, 162.269375452569
115.8185325395808, 18.506521322752107
102.78704312281727, 13.031489416763534
75.9330782343048, 26.853964888512465
0.0, 75.9330782343048
8.089458513455533, 67.84361972084926
0.0, 8.089458513455533
0.0, 8.089458513455533
101.11681857444887, 1.6702245483683953
0.0, 101.11681857444887
100.0046580191599, 1.1121605552889662
0.0, 100.0046580191599
31.606923944848557, 68.39773407431134
0.0, 31.606923944848557
17.425962304867546, 14.18096163998101
0.0, 17.425962304867546
0.0, 17.425962304867546
106.05485529091324, 9.763677248667562
100.81836103856376, 5.236494252349473
0.0, 100.81836103856376
0.0, 100.81836103856376
103.91502363161038, 2.139831659302857
49.01540613502554, 54.89961749658484
0.0, 49.01540613502554
1.7090565032688725, 47.30634963175667
0.0, 1.7090565032688725
0.0, 1.7090565032688725
100.13950495439013, 3.775518677220248
0.0, 100.13950495439013
0.0, 100.13950495439013
123.19299275592019, 11.13206110641272
110.32069656969406, 12.872296186226123
102.87484133093062, 7.445855238763443
0.0, 102.87484133093062
18.966186537151202, 83.90865479377942
0.0, 18.966186537151202
0.0, 18.966186537151202
107.10660422106467, 3.214092348629393
0.0, 107.10660422106467
106.21557885986113, 0.8910253612035461
103.33379905444455, 2.8817798054165706
11.612235799038606, 91.72156325540595
0.0, 11.612235799038606
0.0, 11.612235799038606
78.50168113505829, 24.832117919386263
31.313710138310864, 47.187970996747424
0.0, 31.313710138310864
0.0, 31.313710138310864
71.44016040964173, 7.061520725416557
0.0, 71.44016040964173
48.51726665266608, 22.922893756975654
0.0, 48.51726665266608
0.0, 48.51726665266608
104.5326036651025, 1.682975194758626
101.16503472369553, 3.3675689414069723
0.0, 101.16503472369553
21.179709416242762, 79.98532530745277
0.0, 21.179709416242762
0.0, 21.179709416242762
101.40210606151099, 3.1304976035915075
0.0, 101.40210606151099
101.23110228058201, 0.17100378092898438
10.710380747412527, 90.52072153316948
0.0, 10.710380747412527
0.0, 10.710380747412527
14.4689617125819, 86.7621405680001
0.0, 14.4689617125819
0.0, 14.4689617125819
113.25678196624025, 9.936210789679933
104.76141562757509, 8.495366338665164
0.0, 104.76141562757509
87.20517127463907, 17.55624435293602
0.0, 87.20517127463907
0.0, 87.20517127463907
106.33163019569791, 6.925151770542342
0.0, 106.33163019569791
24.574711468447557, 81.75691872725035
0.0, 24.574711468447557
0.0, 24.574711468447557
170.41728454645056, 126.17714476845134
136.41880804680534, 33.99847649964522
113.39635062283824, 23.022457423967097
102.3423571063899, 11.053993516448344
0.0, 102.3423571063899
0.0, 102.3423571063899
108.46167084783607, 4.9346797750021665
0.0, 108.46167084783607
37.42776405683772, 71.03390679099836
0.0, 37.42776405683772
0.0, 37.42776405683772
120.12908496334984, 16.2897230834555
106.07575843627482, 14.053326527075015
0.0, 106.07575843627482
101.39056025255634, 4.685198183718484
0.0, 101.39056025255634
7.130591923682203, 94.25996832887414
0.0, 7.130591923682203
0.0, 7.130591923682203
117.26560403169964, 2.8634809316502015
108.74508169911358, 8.520522332586054
104.12486611171754, 4.620215587396046
100.29884395073623, 3.82602216098131
0.0, 100.29884395073623
0.0, 100.29884395073623
103.54530781208686, 0.5795582996306763
0.0, 103.54530781208686
28.22836383016726, 75.3169439819196
0.0, 28.22836383016726
0.0, 28.22836383016726
108.31994925042689, 0.4251324486866963
0.0, 108.31994925042689
102.85433498699882, 5.4656142634280656
100.064336446124, 2.7899985408748194
0.0, 100.064336446124
40.67261798004733, 59.391718466076675
0.0, 40.67261798004733
31.97881470467675, 8.693803275370577
0.0, 31.97881470467675
0.0, 31.97881470467675
102.69055561081738, 0.1637793761814379
102.09906438800492, 0.5914912228124649
1.9888158419747537, 100.11024854603016
0.0, 1.9888158419747537
0.0, 1.9888158419747537
96.16109181707147, 5.937972570933454
0.0, 96.16109181707147
50.67352842022437, 45.487563396847094
0.0, 50.67352842022437
7.677917954215289, 42.99561046600908
0.0, 7.677917954215289
0.0, 7.677917954215289
102.19194787899531, 0.4986077318220765
36.4391158152003, 65.75283206379501
0.0, 36.4391158152003
0.0, 36.4391158152003
96.8280318415496, 5.363916037445705
0.0, 96.8280318415496
0.0, 96.8280318415496
108.98927821842537, 8.27632581327427
100.38280496913629, 8.606473249289081
0.0, 100.38280496913629
91.80497908174243, 8.577825887393857
0.0, 91.80497908174243
0.0, 91.80497908174243
106.88854702770088, 2.1007311907244883
2.773600264757642, 104.11494676294323
0.0, 2.773600264757642
0.0, 2.773600264757642
103.48611992426481, 3.402427103436068
0.0, 103.48611992426481
0.0, 103.48611992426481
144.11709724674654, 26.30018729970402
0.0, 144.11709724674654
144.0204056519403, 0.0966915948062308
108.14740757913097, 35.87299807280934
0.0, 108.14740757913097
100.7181618172659, 7.429245761865076
0.0, 100.7181618172659
0.0, 100.7181618172659
138.91570486309686, 5.104700788843445
90.25263035143615, 48.66307451166071
0.0, 90.25263035143615
0.0, 90.25263035143615
138.54046073673246, 0.3752441263644073
123.01792475365781, 15.522535983074647
101.1472575587349, 21.870667194922902
0.0, 101.1472575587349
0.0, 101.1472575587349
109.09092777300752, 13.926996980650287
102.49256620263772, 6.5983615703698035
0.0, 102.49256620263772
0.0, 102.49256620263772
106.02152531379049, 3.069402459217031
0.0, 106.02152531379049
64.67860869638916, 41.34291661740133
0.0, 64.67860869638916
0.0, 64.67860869638916
133.20095339052608, 5.339507346206375
125.04680524162757, 8.154148148898514
109.41899870557829, 15.627806536049277
0.0, 109.41899870557829
104.77644380626053, 4.6425548993177586
0.0, 104.77644380626053
0.0, 104.77644380626053
111.13829634529743, 13.908508896330133
100.16524427093164, 10.973052074365796
19.69267020809309, 80.47257406283855
0.0, 19.69267020809309
0.0, 19.69267020809309
31.325815134277295, 68.83942913665435
0.0, 31.325815134277295
0.0, 31.325815134277295
104.18640950407597, 6.951886841221466
100.14940116921537, 4.037008334860602
0.0, 100.14940116921537
0.0, 100.14940116921537
101.59628832557978, 2.59012117849619
47.191023314632005, 54.40526501094777
0.0, 47.191023314632005
0.0, 47.191023314632005
100.82083140135018, 0.7754569242296014
73.91081465345829, 26.910016747891888
0.0, 73.91081465345829
0.0, 73.91081465345829
80.77863424611621, 20.042197155233964
0.0, 80.77863424611621
0.0, 80.77863424611621
127.83689210914419, 5.364061281381893
108.84838227124085, 18.988509837903337
8.464025359318743, 100.38435691192211
0.0, 8.464025359318743
0.0, 8.464025359318743
49.394075950794296, 59.454306320446555
0.0, 49.394075950794296
7.948261022554754, 41.44581492823954
0.0, 7.948261022554754
7.743975058108204, 0.20428596444654978
0.0, 7.743975058108204
0.0, 7.743975058108204
126.69298606144793, 1.1439060476962624
0.0, 126.69298606144793
106.59565243180256, 20.097333629645362
102.25909827183153, 4.33655415997103
0.0, 102.25909827183153
8.561389312940484, 93.69770895889104
0.0, 8.561389312940484
8.557114927269083, 0.0042743856714011486
0.0, 8.557114927269083
0.0, 8.557114927269083
103.04735675269177, 3.548295679110794
0.0, 103.04735675269177
100.27998313549556, 2.7673736171962133
0.0, 100.27998313549556
4.105439963014496, 96.17454317248107
0.0, 4.105439963014496
0.0, 4.105439963014496
2545.0658803548295, 2717.6427190614595
1872.2780749838157, 672.7878053710137
245.55397881424156, 1626.724096169574
137.2119709474619, 108.34200786677965
125.56003216963937, 11.651938777822537
101.84143240164492, 23.718599767994448
100.69607295000654, 1.1453594516383845
0.0, 100.69607295000654
0.0, 100.69607295000654
100.8141118767313, 1.0273205249136197
0.0, 100.8141118767313
100.10176694949573, 0.7123449272355771
19.918701048048085, 80.18306590144763
0.0, 19.918701048048085
0.0, 19.918701048048085
20.21784848277113, 79.8839184667246
0.0, 20.21784848277113
0.0, 20.21784848277113
116.37218484958491, 9.187847320054459
0.0, 116.37218484958491
111.84673567374196, 4.525449175842951
91.42022654894716, 20.426509124794805
0.0, 91.42022654894716
0.0, 91.42022654894716
105.39771127803293, 6.449024395709031
0.0, 105.39771127803293
104.67094793780028, 0.726763340232651
30.927548336548988, 73.7433996012513
0.0, 30.927548336548988
0.0, 30.927548336548988
103.27575203119068, 1.395195906609601
35.80387810303051, 67.47187392816016
0.0, 35.80387810303051
0.0, 35.80387810303051
43.94384246578049, 59.331909565410186
0.0, 43.94384246578049
20.848534304736713, 23.09530816104378
0.0, 20.848534304736713
0.0, 20.848534304736713
133.33213697534487, 3.8798339721170407
126.0930547458637, 7.23908222948117
114.11545504891, 11.977599696953703
0.0, 114.11545504891
114.02073643930811, 0.09471860960188394
0.0, 114.02073643930811
56.81167166641578, 57.209064772892326
0.0, 56.81167166641578
0.0, 56.81167166641578
119.13730936439558, 6.95574538146812
100.23102663876152, 18.906282725634057
0.0, 100.23102663876152
58.116309583922714, 42.114717054838806
0.0, 58.116309583922714
0.0, 58.116309583922714
100.37159183319548, 18.765717531200096
0.0, 100.37159183319548
20.117585064104752, 80.25400676909072
0.0, 20.117585064104752
0.0, 20.117585064104752
128.751494224498, 4.580642750846863
109.64696919216001, 19.10452503233799
106.48852566831998, 3.1584435238400346
105.03461596770116, 1.4539097006188229
7.503513545557841, 97.53110242214332
0.0, 7.503513545557841
1.8701557850800128, 5.6333577604778275
0.0, 1.8701557850800128
0.0, 1.8701557850800128
104.81851176627154, 0.21610420142961573
43.3207113848725, 61.49780038139904
0.0, 43.3207113848725
0.0, 43.3207113848725
102.91413825838497, 1.9043735078865751
0.0, 102.91413825838497
66.71167346489169, 36.20246479349328
0.0, 66.71167346489169
0.0, 66.71167346489169
105.17993976538696, 1.308585902933018
101.00214394065871, 4.17779582472825
0.0, 101.00214394065871
100.17328601646024, 0.8288579241984735
0.0, 100.17328601646024
100.15735271284912, 0.015933303611120664
68.79731452298718, 31.36003818986194
0.0, 68.79731452298718
12.252306955146151, 56.545007567841026
0.0, 12.252306955146151
4.332464880604882, 7.919842074541269
0.0, 4.332464880604882
0.0, 4.332464880604882
69.3423738061948, 30.814978906654318
0.0, 69.3423738061948
67.86062589055055, 1.4817479156442488
0.0, 67.86062589055055
0.0, 67.86062589055055
104.2174094681772, 0.9625302972097671
0.0, 104.2174094681772
0.0, 104.2174094681772
108.56620168505016, 1.0807675071098544
106.16932935724049, 2.3968723278096746
71.627784684888, 34.54154467235249
0.0, 71.627784684888
0.0, 71.627784684888
103.57471275229248, 2.5946166049480013
0.0, 103.57471275229248
0.0, 103.57471275229248
107.10274992439267, 1.4634517606574917
8.192141616493018, 98.91060830789965
0.0, 8.192141616493018
0.0, 8.192141616493018
106.02154427828208, 1.0812056461105897
56.88876413321579, 49.13278014506629
0.0, 56.88876413321579
0.0, 56.88876413321579
103.17212876845419, 2.8494155098278924
0.0, 103.17212876845419
100.68487125506967, 2.4872575133845203
0.0, 100.68487125506967
75.76638651795497, 24.918484737114696
0.0, 75.76638651795497
0.0, 75.76638651795497
124.91051860254619, 3.840975621951813
113.26040364131367, 11.650114961232518
103.29450941956593, 9.965894221747746
57.4973867627558, 45.797122656810124
0.0, 57.4973867627558
12.867228123393417, 44.630158639362385
0.0, 12.867228123393417
0.0, 12.867228123393417
96.47540188383441, 6.8191075357315185
0.0, 96.47540188383441
0.0, 96.47540188383441
111.2533642587318, 2.0070393825818655
0.0, 111.2533642587318
107.72152481422314, 3.5318394445086625
103.87318843079463, 3.848336383428517
0.0, 103.87318843079463
101.02418513434827, 2.849003296446355
0.0, 101.02418513434827
37.035592668321804, 63.98859246602647
0.0, 37.035592668321804
0.0, 37.035592668321804
106.01606932241188, 1.7054554918112643
0.0, 106.01606932241188
105.86320183523154, 0.1528674871803446
101.2450384090493, 4.618163426182235
0.0, 101.2450384090493
23.633871033368887, 77.61116737568041
0.0, 23.633871033368887
0.0, 23.633871033368887
103.63968191098743, 2.2235199242441013
0.0, 103.63968191098743
102.70907403309933, 0.9306078778881073
0.0, 102.70907403309933
92.31626418898371, 10.392809844115618
22.390773477707548, 69.92549071127615
0.0, 22.390773477707548
0.0, 22.390773477707548
60.527452376372516, 31.788811812611193
0.0, 60.527452376372516
55.98711542255037, 4.540336953822148
0.0, 55.98711542255037
0.0, 55.98711542255037
122.62854777985095, 2.281970822695243
110.5262972974487, 12.10225048240224
81.83228582440621, 28.694011473042494
0.0, 81.83228582440621
0.0, 81.83228582440621
106.15115546180077, 4.375141835647938
0.0, 106.15115546180077
100.62502936096396, 5.526126100836805
0.0, 100.62502936096396
100.35287131826354, 0.27215804270042554
0.0, 100.35287131826354
7.773118360756088, 92.57975295750745
0.0, 7.773118360756088
0.0, 7.773118360756088
119.3043009021185, 3.324246877732449
102.11950527520524, 17.184795626913257
0.0, 102.11950527520524
96.38082519280579, 5.738680082399455
0.0, 96.38082519280579
0.0, 96.38082519280579
108.35203692263967, 10.952263979478829
100.58355992098427, 7.768477001655398
0.0, 100.58355992098427
21.127747284905386, 79.45581263607889
0.0, 21.127747284905386
0.0, 21.127747284905386
108.09127446332508, 0.2607624593145914
102.51876571009544, 5.572508753229641
61.152353480926614, 41.36641222916882
0.0, 61.152353480926614
0.0, 61.152353480926614
101.53085903355388, 0.9879066765415558
0.0, 101.53085903355388
16.648725639630655, 84.88213339392323
0.0, 16.648725639630655
0.0, 16.648725639630655
107.24632294594826, 0.8449515173768134
100.83268747944413, 6.413635466504132
0.0, 100.83268747944413
100.31068452833865, 0.5220029511054776
37.52009472316156, 62.79058980517709
0.0, 37.52009472316156
37.37697039617399, 0.14312432698757505
0.0, 37.37697039617399
0.0, 37.37697039617399
100.21617530976424, 0.09450921857441585
0.0, 100.21617530976424
49.84965613310427, 50.36651917665997
0.0, 49.84965613310427
26.766602609603456, 23.083053523500812
0.0, 26.766602609603456
0.0, 26.766602609603456
102.9080252386593, 4.338297707288959
0.0, 102.9080252386593
0.0, 102.9080252386593
236.01192188995057, 9.54205692429099
140.26073072584816, 95.75119116410241
111.68397909502117, 28.57675163082699
103.43913710048601, 8.244841994535165
0.0, 103.43913710048601
0.0, 103.43913710048601
104.00838307509599, 7.67559601992518
0.0, 104.00838307509599
80.10746266649281, 23.900920408603184
0.0, 80.10746266649281
32.485563515169126, 47.62189915132368
0.0, 32.485563515169126
0.0, 32.485563515169126
113.9585718345552, 26.30215889129296
27.586313204679907, 86.37225862987529
0.0, 27.586313204679907
0.0, 27.586313204679907
107.24756979457707, 6.711002039978126
104.82350437514549, 2.424065419431585
0.0, 104.82350437514549
100.6049772941021, 4.218527081043391
0.0, 100.6049772941021
24.049028192039206, 76.5559491020629
0.0, 24.049028192039206
9.593244467235444, 14.455783724803762
0.0, 9.593244467235444
0.0, 9.593244467235444
105.20056267541358, 2.0470071191634958
39.151138436092616, 66.04942423932096
0.0, 39.151138436092616
0.0, 39.151138436092616
98.50945630966311, 6.691106365750471
0.0, 98.50945630966311
0.0, 98.50945630966311
161.1170445353325, 74.89487735461807
140.08080346703568, 21.036241068296818
63.441311803493264, 76.63949166354242
0.0, 63.441311803493264
0.0, 63.441311803493264
101.48267320318817, 38.59813026384751
0.0, 101.48267320318817
21.796267949860294, 79.68640525332788
0.0, 21.796267949860294
4.63383484089029, 17.162433108970003
0.0, 4.63383484089029
0.0, 4.63383484089029
145.78509910775074, 15.331945427581758
0.0, 145.78509910775074
105.7695961596806, 40.015502948070136
49.14698469731641, 56.62261146236419
0.0, 49.14698469731641
0.0, 49.14698469731641
88.21507076836177, 17.554525391318833
0.0, 88.21507076836177
58.951567922103, 29.263502846258767
0.0, 58.951567922103
0.0, 58.951567922103
1368.4275999087613, 503.8504750750544
170.33567326077545, 1198.091926647986
148.41129943192695, 21.924373828848502
100.27131619042154, 48.139983241505405
0.0, 100.27131619042154
15.167968768304007, 85.10334742211754
0.0, 15.167968768304007
0.0, 15.167968768304007
125.09975808160475, 23.3115413503222
116.04193770910842, 9.057820372496323
101.22911482444022, 14.812822884668208
46.21940382739789, 55.009710997042326
21.06113482062891, 25.15826900676898
0.0, 21.06113482062891
0.0, 21.06113482062891
21.34846577132225, 24.87093805607564
0.0, 21.34846577132225
0.0, 21.34846577132225
100.36123866982496, 0.86787615461526
0.0, 100.36123866982496
68.46263945429831, 31.898599215526644
0.0, 68.46263945429831
0.0, 68.46263945429831
108.65853106508094, 7.383406644027488
54.29740444993215, 54.361126615148784
0.0, 54.29740444993215
19.931485412880214, 34.36591903705194
0.0, 19.931485412880214
0.0, 19.931485412880214
103.17875859845391, 5.4797724666270256
0.0, 103.17875859845391
22.326281767223232, 80.85247683123067
0.0, 22.326281767223232
13.152341158043605, 9.173940609179628
0.0, 13.152341158043605
0.0, 13.152341158043605
118.45470780758531, 6.6450502740194395
111.58882511283844, 6.8658826947468725
0.0, 111.58882511283844
103.66106980956947, 7.927755303268967
0.0, 103.66106980956947
100.80396415401954, 2.8571056555499297
0.0, 100.80396415401954
0.0, 100.80396415401954
112.02796579200763, 6.426742015577673
63.03343514143392, 48.994530650573715
0.0, 63.03343514143392
0.0, 63.03343514143392
101.38414583545568, 10.643819956551951
0.0, 101.38414583545568
100.60421721188376, 0.7799286235719194
0.0, 100.60421721188376
0.0, 100.60421721188376
157.95739785235773, 12.378275408417721
122.8274273877626, 35.12997046459513
100.05945217543761, 22.767975212324984
0.0, 100.05945217543761
0.0, 100.05945217543761
122.52637746071062, 0.3010499270519773
0.0, 122.52637746071062
115.97568393035523, 6.550693530355389
106.02442902167634, 9.95125490867889
103.66278365084504, 2.3616453708312974
101.52161387230602, 2.141169778539023
72.76120447068165, 28.760409401624372
0.0, 72.76120447068165
0.0, 72.76120447068165
82.12613456400149, 19.39547930830453
0.0, 82.12613456400149
37.7807256443145, 44.34540891968699
0.0, 37.7807256443145
16.048987461923858, 21.731738182390643
0.0, 16.048987461923858
0.0, 16.048987461923858
103.42975686054139, 0.23302679030365425
0.0, 103.42975686054139
101.70853657072992, 1.7212202898114697
0.0, 101.70853657072992
101.17283632728152, 0.5357002434484031
1.959902932039114, 99.2129333952424
0.0, 1.959902932039114
0.0, 1.959902932039114
23.22964196181125, 77.94319436547026
0.0, 23.22964196181125
0.0, 23.22964196181125
105.63778574468292, 0.38664327699342493
0.0, 105.63778574468292
102.68611876025089, 2.9516669844320234
0.0, 102.68611876025089
78.38937414146295, 24.29674461878794
0.0, 78.38937414146295
0.0, 78.38937414146295
110.7601165789433, 5.215567351411934
101.47252050205222, 9.287596076891077
0.0, 101.47252050205222
100.34183058564211, 1.1306899164101054
0.0, 100.34183058564211
99.31717485714647, 1.0246557284956452
12.859321496205997, 86.45785336094048
0.0, 12.859321496205997
0.0, 12.859321496205997
36.98681505284545, 62.33035980430102
0.0, 36.98681505284545
0.0, 36.98681505284545
108.49732521247999, 2.262791366463304
0.0, 108.49732521247999
102.37840823422123, 6.118916978258767
0.0, 102.37840823422123
101.72820649125099, 0.6502017429702391
0.0, 101.72820649125099
28.242160448335717, 73.48604604291526
0.0, 28.242160448335717
0.0, 28.242160448335717
152.59159773685496, 5.365800115502765
72.96879083665516, 79.6228069001998
0.0, 72.96879083665516
60.91300574046215, 12.055785096193013
0.0, 60.91300574046215
0.0, 60.91300574046215
138.63941272365213, 13.952185013202836
120.49534533807397, 18.144067385578154
108.3815069289421, 12.113838409131873
106.43790699851404, 1.9435999304280642
0.0, 106.43790699851404
101.09735574285713, 5.340551255656905
0.0, 101.09735574285713
100.29571730672852, 0.8016384361286129
0.0, 100.29571730672852
0.0, 100.29571730672852
107.39141194506831, 0.9900949838737887
104.27242146630691, 3.118990478761404
101.48909942441216, 2.783322041894749
0.0, 101.48909942441216
0.0, 101.48909942441216
103.78795757086687, 0.48446389544004376
0.0, 103.78795757086687
103.6942899858719, 0.09366758499496086
0.0, 103.6942899858719
39.31222556661563, 64.38206441925627
0.0, 39.31222556661563
0.0, 39.31222556661563
105.8881800921782, 1.50323185289011
28.7895330236859, 77.0986470684923
0.0, 28.7895330236859
0.0, 28.7895330236859
47.09971587474849, 58.78846421742971
0.0, 47.09971587474849
0.0, 47.09971587474849
108.71678686116367, 11.778558476910305
100.54409551317234, 8.172691347991332
0.0, 100.54409551317234
49.55283938942664, 50.9912561237457
0.0, 49.55283938942664
0.0, 49.55283938942664
104.1327321912434, 4.584054669920263
24.206274634481463, 79.92645755676195
0.0, 24.206274634481463
0.0, 24.206274634481463
101.96823459518285, 2.1644975960605564
0.0, 101.96823459518285
0.0, 101.96823459518285
138.43238858734188, 0.20702413631025252
100.53090724228804, 37.90148134505384
0.0, 100.53090724228804
100.04125646474323, 0.48965077754481
11.26600434211194, 88.77525212263129
0.0, 11.26600434211194
0.0, 11.26600434211194
55.84486049984713, 44.1963959648961
0.0, 55.84486049984713
55.7509898050446, 0.09387069480253274
0.0, 55.7509898050446
47.096714352810345, 8.654275452234252
0.0, 47.096714352810345
5.446913386115689, 41.649800966694656
0.0, 5.446913386115689
0.0, 5.446913386115689
111.61199021689183, 26.82039837045005
109.79021738147789, 1.8217728354139382
105.50363034750445, 4.286587033973433
101.7723337897529, 3.7312965577515484
0.0, 101.7723337897529
26.24211516988064, 75.53021861987227
0.0, 26.24211516988064
0.0, 26.24211516988064
105.43003166546616, 0.07359868203829478
0.0, 105.43003166546616
105.30005068307237, 0.1299809823937892
102.79405875604412, 2.505991927028248
0.0, 102.79405875604412
32.28985914808299, 70.50419960796114
0.0, 32.28985914808299
0.0, 32.28985914808299
103.86575153622546, 1.4342991468469108
0.0, 103.86575153622546
101.66388307156349, 2.2018684646619704
100.93462423496771, 0.7292588365957755
0.0, 100.93462423496771
84.96650810849354, 15.968116126474172
0.0, 84.96650810849354
0.0, 84.96650810849354
100.96082326982338, 0.7030598017401104
0.0, 100.96082326982338
50.46585159082944, 50.49497167899394
0.0, 50.46585159082944
9.01925153782888, 41.44660005300056
0.0, 9.01925153782888
0.0, 9.01925153782888
109.5950749069106, 0.19514247456729095
0.0, 109.5950749069106
109.5248571920253, 0.07021771488530248
103.5535236868465, 5.971333505178791
15.406437944265033, 88.14708574258147
0.0, 15.406437944265033
0.0, 15.406437944265033
100.15420201664227, 3.3993216702042304
0.0, 100.15420201664227
57.04666019279567, 43.1075418238466
0.0, 57.04666019279567
20.594395236506397, 36.45226495628927
0.0, 20.594395236506397
0.0, 20.594395236506397
104.49282485755091, 5.03203233447438
0.0, 104.49282485755091
102.24597939783077, 2.2468454597201486
0.0, 102.24597939783077
40.53468029060455, 61.71129910722622
0.0, 40.53468029060455
0.0, 40.53468029060455
110.82540761034456, 0.7865826065472703
0.0, 110.82540761034456
101.2169796032244, 9.608428007120153
0.0, 101.2169796032244
100.31302383650987, 0.9039557667145317
0.0, 100.31302383650987
51.48676850170909, 48.82625533480078
0.0, 51.48676850170909
0.0, 51.48676850170909
638.1484788594311, 730.2791210493302
256.61412929568183, 381.53434956374923
215.1054440021351, 41.50868529354673
157.44860748141645, 57.656836520718656
114.09788936103037, 43.35071812038608
0.0, 114.09788936103037
100.24430286129962, 13.853586499730753
0.0, 100.24430286129962
0.0, 100.24430286129962
130.25796830360315, 27.190639177813296
103.25270838774837, 27.00525991585478
0.0, 103.25270838774837
100.28722766072566, 2.965480727022708
0.0, 100.28722766072566
50.39566029874153, 49.89156736198413
1.880977017525127, 48.514683281216406
0.0, 1.880977017525127
0.0, 1.880977017525127
32.32597610612075, 18.069684192620784
0.0, 32.32597610612075
15.3509057063919, 16.97507039972885
0.0, 15.3509057063919
8.718079986753605, 6.632825719638296
0.0, 8.718079986753605
0.0, 8.718079986753605
122.76238875589617, 7.495579547706981
106.30754723091262, 16.45484152498355
0.0, 106.30754723091262
100.62065249273948, 5.686894738173137
46.58892693089324, 54.031725561846244
0.0, 46.58892693089324
46.49331651658004, 0.0956104143131995
0.0, 46.49331651658004
0.0, 46.49331651658004
89.42249457186699, 11.19815792087249
0.0, 89.42249457186699
43.69354664091541, 45.728947930951584
0.0, 43.69354664091541
0.0, 43.69354664091541
112.31938616950896, 10.443002586387209
68.90514820681224, 43.41423796269672
0.0, 68.90514820681224
0.0, 68.90514820681224
108.76420082408549, 3.5551853454234674
104.47241345858822, 4.291787365497271
0.0, 104.47241345858822
103.00265582389748, 1.4697576346907368
30.916644912844614, 72.08601091105287
0.0, 30.916644912844614
0.0, 30.916644912844614
56.93425047801581, 46.06840534588167
0.0, 56.93425047801581
0.0, 56.93425047801581
107.78672346991668, 0.977477354168812
0.0, 107.78672346991668
101.80784738757002, 5.978876082346659
0.0, 101.80784738757002
100.00159871081034, 1.8062486767596795
0.0, 100.00159871081034
68.69506822817323, 31.306530482637115
0.0, 68.69506822817323
0.0, 68.69506822817323
192.71642056491513, 22.389023437219976
154.09246425663338, 38.62395630828175
133.64631391706786, 20.44615033956552
104.17005282542848, 29.476261091639373
35.46061512273706, 68.70943770269142
0.0, 35.46061512273706
0.0, 35.46061512273706
101.30895653851047, 2.8610962869180128
0.0, 101.30895653851047
0.0, 101.30895653851047
128.6487448917846, 4.997569025283269
111.0048395504507, 17.64390534133389
76.73142601691306, 34.273413533537635
0.0, 76.73142601691306
2.878485820354858, 73.85294019655821
0.0, 2.878485820354858
0.0, 2.878485820354858
107.75896891806039, 3.2458706323903073
36.34403375556761, 71.41493516249278
0.0, 36.34403375556761
0.0, 36.34403375556761
100.19075504034502, 7.568213877715365
0.0, 100.19075504034502
0.0, 100.19075504034502
117.27212304966353, 11.376621842121054
101.45198061068439, 15.820142438979147
0.0, 101.45198061068439
45.20856549728273, 56.24341511340166
0.0, 45.20856549728273
0.0, 45.20856549728273
102.6463925280083, 14.625730521655228
0.0, 102.6463925280083
84.60525367284593, 18.041138855162373
5.022921044133675, 79.58233262871227
0.0, 5.022921044133675
0.0, 5.022921044133675
22.762098006668978, 61.843155666176955
0.0, 22.762098006668978
0.0, 22.762098006668978
147.38347481328225, 6.708989443351129
112.9730428047596, 34.41043200852265
109.84071617755811, 3.1323266272014934
102.64567949581576, 7.1950366817423514
18.155730826846256, 84.4899486689695
0.0, 18.155730826846256
0.0, 18.155730826846256
47.222580383648655, 55.4230991121671
0.0, 47.222580383648655
23.698480419889595, 23.52409996375906
0.0, 23.698480419889595
0.0, 23.698480419889595
108.37094978323428, 1.4697663943238268
0.0, 108.37094978323428
1.5863621758798958, 106.78458760735438
0.0, 1.5863621758798958
0.0, 1.5863621758798958
110.68344727372141, 2.289595531038188
100.17380912648639, 10.509638147235023
0.0, 100.17380912648639
0.0, 100.17380912648639
109.81450480014867, 0.8689424735727442
102.82235198620683, 6.992152813941843
0.0, 102.82235198620683
49.40899703368506, 53.413354952521765
0.0, 49.40899703368506
0.0, 49.40899703368506
104.84233019457295, 4.9721746055757166
100.29141824931303, 4.5509119452599265
13.599111140223473, 86.69230710908955
0.0, 13.599111140223473
0.0, 13.599111140223473
68.94540850525036, 31.34600974406267
0.0, 68.94540850525036
50.91550479895898, 18.02990370629138
0.0, 50.91550479895898
19.39402750165366, 31.521477297305317
0.0, 19.39402750165366
0.0, 19.39402750165366
101.28800423350297, 3.554325961069978
0.0, 101.28800423350297
101.14831184571113, 0.13969238779183968
0.0, 101.14831184571113
85.12303635616185, 16.025275489549287
0.0, 85.12303635616185
0.0, 85.12303635616185
146.83855936989102, 0.5449154433912327
0.0, 146.83855936989102
0.0, 146.83855936989102
188.5348967111755, 4.181523853739634
103.87777768159113, 84.65711902958436
101.56642094955355, 2.3113567320375807
0.0, 101.56642094955355
0.0, 101.56642094955355
103.68442841459895, 0.19334926699217192
100.83496743369906, 2.8494609808998916
0.0, 100.83496743369906
71.90335925357861, 28.93160818012045
0.0, 71.90335925357861
0.0, 71.90335925357861
103.37359233527658, 0.310836079322371
0.0, 103.37359233527658
102.83756143079266, 0.5360309044839227
0.0, 102.83756143079266
101.91451558457148, 0.9230458462211857
0.0, 101.91451558457148
0.0, 101.91451558457148
154.93263451246779, 33.602262198707706
125.70283467441176, 29.229799838056024
120.32492305200148, 5.377911622410281
113.12218126516993, 7.202741786831552
104.02919458606141, 9.09298667910852
0.0, 104.02919458606141
100.77384437953064, 3.255350206530764
0.0, 100.77384437953064
100.14521863620885, 0.6286257433217912
0.0, 100.14521863620885
0.0, 100.14521863620885
106.41913536004684, 6.703045905123091
71.62974981431665, 34.789385545730184
0.0, 71.62974981431665
0.0, 71.62974981431665
101.31137711157503, 5.107758248471811
0.0, 101.31137711157503
0.0, 101.31137711157503
115.88688848798743, 4.438034564014046
15.966014344987471, 99.92087414299996
0.0, 15.966014344987471
12.291206981668996, 3.6748073633184752
0.0, 12.291206981668996
0.0, 12.291206981668996
100.31064215757137, 15.576246330416069
0.0, 100.31064215757137
0.0, 100.31064215757137
123.44613866582893, 2.2566960085828356
0.0, 123.44613866582893
121.96105444036026, 1.4850842254686683
87.71453904531262, 34.24651539504764
24.073188048415975, 63.64135099689665
0.0, 24.073188048415975
0.0, 24.073188048415975
73.5188106400506, 14.195728405262017
0.0, 73.5188106400506
0.0, 73.5188106400506
100.76886844649773, 21.192185993862523
0.0, 100.76886844649773
100.53922023891211, 0.2296482075856261
0.0, 100.53922023891211
0.0, 100.53922023891211
137.99838516179017, 16.934249350677618
100.36283787953951, 37.635547282250656
0.0, 100.36283787953951
89.72573357062228, 10.63710430891723
0.0, 89.72573357062228
12.006153119014199, 77.71958045160808
0.0, 12.006153119014199
0.0, 12.006153119014199
118.19614410024154, 19.802241061548628
0.0, 118.19614410024154
109.71328892195179, 8.482855178289753
102.63602140917898, 7.077267512772806
0.0, 102.63602140917898
22.652666957903072, 79.98335445127591
0.0, 22.652666957903072
13.901541135935982, 8.75112582196709
0.0, 13.901541135935982
0.0, 13.901541135935982
104.58509354840012, 5.128195373551662
0.0, 104.58509354840012
103.67881077122361, 0.9062827771765143
102.46944926769544, 1.2093615035281715
0.0, 102.46944926769544
102.10338390616009, 0.3660653615353482
0.0, 102.10338390616009
77.98531741707399, 24.118066489086104
0.5577087161699462, 77.42760870090405
0.0, 0.5577087161699462
0.0, 0.5577087161699462
21.25548250035741, 56.72983491671658
0.0, 21.25548250035741
9.623596932404924, 11.631885567952486
0.0, 9.623596932404924
4.3091425881290615, 5.3144543442758625
0.0, 4.3091425881290615
0.0, 4.3091425881290615
102.92648285089541, 0.7523279203281987
0.0, 102.92648285089541
101.89822278585844, 1.0282600650369744
49.79008284945038, 52.10813993640806
0.0, 49.79008284945038
0.0, 49.79008284945038
100.07501956982847, 1.8232032160299667
0.0, 100.07501956982847
2.8689361349480444, 97.20608343488043
0.0, 2.8689361349480444
0.0, 2.8689361349480444
250.48280191456627, 6.131327381115568
152.24468296730655, 98.23811894725972
110.31542856557999, 41.92925440172655
70.1675700209572, 40.14785854462279
0.0, 70.1675700209572
0.0, 70.1675700209572
100.60627194850211, 9.70915661707788
0.0, 100.60627194850211
11.587626918250496, 89.01864503025162
0.0, 11.587626918250496
0.0, 11.587626918250496
149.86096087116923, 2.383722096137319
104.15270095754484, 45.70825991362439
100.68978594526362, 3.462915012281215
0.0, 100.68978594526362
86.72038687704094, 13.969399068222685
0.0, 86.72038687704094
0.0, 86.72038687704094
102.75571090589911, 1.39699005164573
0.0, 102.75571090589911
0.0, 102.75571090589911
143.31653873588067, 6.544422135288556
33.450797205092286, 109.86574153078838
0.0, 33.450797205092286
0.0, 33.450797205092286
107.9333513044183, 35.383187431462375
62.626034547910095, 45.3073167565082
0.0, 62.626034547910095
13.447065500868886, 49.17896904704121
0.0, 13.447065500868886
0.0, 13.447065500868886
105.1287838233594, 2.8045674810588963
0.0, 105.1287838233594
100.2249324850146, 4.9038513383447935
0.0, 100.2249324850146
0.0, 100.2249324850146
166.482544489322, 84.00025742524426
105.8927044231342, 60.589840066187804
0.0, 105.8927044231342
103.92967607416755, 1.9630283489666596
0.0, 103.92967607416755
103.86409962391016, 0.06557645025738168
0.0, 103.86409962391016
101.99389394008844, 1.8702056838217231
0.0, 101.99389394008844
100.29815429553513, 1.6957396445533135
0.0, 100.29815429553513
79.53974450771749, 20.75840978781764
0.0, 79.53974450771749
70.60041560833521, 8.939328899382275
0.0, 70.60041560833521
66.02701121904575, 4.573404389289465
0.0, 66.02701121904575
59.41565598496797, 6.611355234077777
0.0, 59.41565598496797
0.0, 59.41565598496797
135.1042209144468, 31.378323574875196
112.1162555438121, 22.98796537063471
90.31170142554367, 21.804554118268427
5.8326556855575, 84.47904573998618
0.0, 5.8326556855575
0.0, 5.8326556855575
32.402624817657674, 57.909076607886
0.0, 32.402624817657674
16.89947751565331, 15.503147302004365
0.0, 16.89947751565331
0.0, 16.89947751565331
102.31930159494945, 9.796953948862651
0.0, 102.31930159494945
101.33482474386682, 0.9844768510826327
0.0, 101.33482474386682
100.93144005142153, 0.40338469244528596
0.0, 100.93144005142153
37.266814580772014, 63.66462547064952
0.0, 37.266814580772014
17.31660282998629, 19.950211750785723
0.0, 17.31660282998629
16.228955211947966, 1.087647618038325
0.0, 16.228955211947966
0.0, 16.228955211947966
133.434794060292, 1.669426854154807
117.94033318689988, 15.494460873392129
102.10872411053629, 15.831609076363591
75.5239822189396, 26.584741891596693
0.0, 75.5239822189396
34.02297448254091, 41.501007736398684
0.0, 34.02297448254091
0.0, 34.02297448254091
100.02344601823536, 2.085278092300925
0.0, 100.02344601823536
36.40174056077281, 63.621705457462554
0.0, 36.40174056077281
0.0, 36.40174056077281
102.83194534130443, 15.108387845595445
0.0, 102.83194534130443
0.0, 102.83194534130443
122.26265175572725, 11.172142304564758
104.27371215222585, 17.988939603501393
41.87889197036134, 62.39482018186452
0.0, 41.87889197036134
0.0, 41.87889197036134
48.75738341693529, 55.516328735290564
0.0, 48.75738341693529
47.69746404050981, 1.0599193764254835
0.0, 47.69746404050981
0.0, 47.69746404050981
120.20755826121332, 2.055093494513926
102.10405079913964, 18.10350746207368
0.0, 102.10405079913964
3.5464957058269615, 98.55755509331269
0.0, 3.5464957058269615
0.0, 3.5464957058269615
119.15169598465287, 1.0558622765604468
0.0, 119.15169598465287
111.22577650230495, 7.925919482347922
0.0, 111.22577650230495
103.9414866963314, 7.2842898059735575
0.0, 103.9414866963314
17.76555192276532, 86.17593477356607
0.0, 17.76555192276532
0.0, 17.76555192276532
417.7306023907586, 220.4178764686725
124.21981120904984, 293.5107911817087
102.84869189555845, 21.37111931349139
100.79404635169668, 2.054645543861767
0.0, 100.79404635169668
81.96363443542265, 18.83041191627403
0.0, 81.96363443542265
0.0, 81.96363443542265
101.48049676874986, 1.3681951268085868
0.0, 101.48049676874986
7.4856975843271005, 93.99479918442276
0.0, 7.4856975843271005
0.0, 7.4856975843271005
108.79125814127012, 15.428553067779717
0.0, 108.79125814127012
103.86126497386019, 4.929993167409933
0.0, 103.86126497386019
100.1893136709942, 3.671951302865992
0.0, 100.1893136709942
0.0, 100.1893136709942
270.92741283444286, 146.80318955631571
184.75932979816747, 86.16808303627539
122.99907467261309, 61.76025512555438
0.0, 122.99907467261309
105.28207383373804, 17.71700083887505
0.0, 105.28207383373804
105.15566969163719, 0.12640414210085282
100.94241957551294, 4.213250116124243
0.0, 100.94241957551294
16.6349521452154, 84.30746743029755
0.0, 16.6349521452154
0.0, 16.6349521452154
101.64657733745935, 3.509092354177838
0.0, 101.64657733745935
46.87108538709331, 54.77549195036604
0.0, 46.87108538709331
0.0, 46.87108538709331
168.54910626474916, 16.210223533418315
101.06063416663802, 67.48847209811113
0.0, 101.06063416663802
0.0, 101.06063416663802
113.2315317143793, 55.317574550369855
101.44412143414937, 11.787410280229935
0.0, 101.44412143414937
0.0, 101.44412143414937
110.18836293229475, 3.0431687820845497
20.14772567994084, 90.04063725235392
0.0, 20.14772567994084
0.0, 20.14772567994084
76.54749555673479, 33.640867375559964
0.0, 76.54749555673479
0.0, 76.54749555673479
236.66583650278318, 34.26157633165968
209.74702729473654, 26.91880920804664
0.0, 209.74702729473654
156.0116261891435, 53.73540110559304
109.07802502605406, 46.933601163089435
0.0, 109.07802502605406
101.67234359642835, 7.405681429625716
73.46122791650559, 28.211115679922756
0.0, 73.46122791650559
29.289042001721416, 44.17218591478418
0.0, 29.289042001721416
0.0, 29.289042001721416
79.44224024198962, 22.230103354438725
1.7603803883407363, 77.68185985364889
0.0, 1.7603803883407363
0.0, 1.7603803883407363
12.043514941534037, 67.39872530045558
0.0, 12.043514941534037
0.0, 12.043514941534037
145.2817037704874, 10.729922418656088
101.12298283818099, 44.15872093230642
44.679980978487336, 56.44300185969365
0.0, 44.679980978487336
0.0, 44.679980978487336
94.47958593690322, 6.643396901277768
0.0, 94.47958593690322
33.870736084068994, 60.608849852834226
6.4552989434276125, 27.41543714064138
0.0, 6.4552989434276125
0.0, 6.4552989434276125
27.01914333272081, 6.851592751348186
0.0, 27.01914333272081
0.0, 27.01914333272081
112.85883459970712, 32.42286917078029
0.0, 112.85883459970712
0.0, 112.85883459970712
227.71284371336455, 8.95299278941863
103.49158664352724, 124.2212570698373
0.0, 103.49158664352724
100.0635552068565, 3.428031436670736
0.0, 100.0635552068565
62.892931421909644, 37.17062378494686
8.246682137025278, 54.64624928488436
0.0, 8.246682137025278
0.0, 8.246682137025278
32.94775060284256, 29.945180819067083
0.0, 32.94775060284256
28.864841244462504, 4.082909358380057
0.0, 28.864841244462504
0.0, 28.864841244462504
171.4476739845104, 56.26516972885415
106.00388030858605, 65.44379367592435
0.0, 106.00388030858605
100.69252701414727, 5.311353294438774
0.0, 100.69252701414727
100.23250844539783, 0.46001856874944735
0.0, 100.23250844539783
92.68932080371309, 7.543187641684739
0.0, 92.68932080371309
65.61130499411007, 27.078015809603016
0.0, 65.61130499411007
0.0, 65.61130499411007
109.27824853398032, 62.169425450530085
56.79962220555078, 52.478626328429534
3.804148771003656, 52.99547343454713
0.0, 3.804148771003656
0.0, 3.804148771003656
36.52939864461556, 20.27022356093522
0.0, 36.52939864461556
29.431287435252877, 7.098111209362685
0.0, 29.431287435252877
0.0, 29.431287435252877
79.33583123289235, 29.94241730108797
0.0, 79.33583123289235
0.0, 79.33583123289235
2315.391501352021, 229.67437900280856
137.98005067372594, 2177.411450678295
117.47824016630996, 20.501810507415982
0.0, 117.47824016630996
104.34321856751497, 13.135021598794992
46.45034664287754, 57.892871924637426
0.0, 46.45034664287754
10.280239715825733, 36.170106927051805
0.0, 10.280239715825733
0.0, 10.280239715825733
103.05814398342527, 1.285074584089699
0.0, 103.05814398342527
0.0, 103.05814398342527
124.68987829367926, 13.290172380046684
107.52048119701661, 17.16939709666265
0.0, 107.52048119701661
104.68521117743373, 2.835270019582879
0.0, 104.68521117743373
64.62444655626358, 40.06076462117015
0.0, 64.62444655626358
0.0, 64.62444655626358
111.80718822393663, 12.882690069742623
106.84292499249878, 4.9642632314378545
0.0, 106.84292499249878
104.83970670482164, 2.003218287677143
101.65363722713155, 3.186069477690083
0.0, 101.65363722713155
51.81235899960139, 49.84127822753016
0.0, 51.81235899960139
0.0, 51.81235899960139
104.36736809394868, 0.4723386108729528
0.0, 104.36736809394868
36.00630547176446, 68.36106262218422
0.0, 36.00630547176446
0.0, 36.00630547176446
108.77013481260212, 3.0370534113345116
103.50794644629389, 5.262188366308237
0.0, 103.50794644629389
101.28051773835337, 2.2274287079405184
0.0, 101.28051773835337
100.7797849677781, 0.5007327705752687
0.0, 100.7797849677781
0.0, 100.7797849677781
108.12668079529494, 0.6434540173071781
105.03947044757568, 3.087210347719264
7.4789538984815245, 97.56051654909416
0.0, 7.4789538984815245
0.0, 7.4789538984815245
103.29577346985917, 1.7436969777165103
38.91453308402471, 64.38124038583446
0.0, 38.91453308402471
0.0, 38.91453308402471
47.74863580764845, 55.54713766221072
0.0, 47.74863580764845
17.629445395734113, 30.119190411914335
0.0, 17.629445395734113
17.156380691477697, 0.4730647042564158
0.0, 17.156380691477697
0.0, 17.156380691477697
106.7641835307217, 1.3624972645732498
104.24669335401039, 2.5174901767113056
100.52020550750139, 3.726487846509002
0.0, 100.52020550750139
63.71624026606331, 36.80396524143808
0.0, 63.71624026606331
0.0, 63.71624026606331
100.66236385074427, 3.584329503266119
0.0, 100.66236385074427
0.0, 100.66236385074427
105.74497914416689, 1.0192043865548044
0.0, 105.74497914416689
0.0, 105.74497914416689
290.8746842218756, 2024.5168171301452
196.2018759024301, 94.67280831944552
122.92145171576888, 73.28042418666121
109.13907156337923, 13.78238015238965
0.0, 109.13907156337923
0.0, 109.13907156337923
112.14806913381697, 10.773382581951907
105.29359723405153, 6.854471899765443
0.0, 105.29359723405153
43.16776574417265, 62.125831489878884
0.0, 43.16776574417265
0.0, 43.16776574417265
105.62090197544578, 6.527167158371199
0.0, 105.62090197544578
105.03139009425739, 0.5895118811883862
0.0, 105.03139009425739
101.64946503564981, 3.381925058607578
0.0, 101.64946503564981
25.66231689727155, 75.98714813837826
0.0, 25.66231689727155
0.0, 25.66231689727155
153.93456802656505, 42.26730787586504
128.81378945656678, 25.120778569998265
103.74959589361309, 25.06419356295369
0.0, 103.74959589361309
0.0, 103.74959589361309
107.42641086753012, 21.387378589036658
100.68887799261012, 6.7375328749200065
0.0, 100.68887799261012
0.0, 100.68887799261012
101.20294625199688, 6.223464615533246
27.271549514707672, 73.9313967372892
0.0, 27.271549514707672
0.0, 27.271549514707672
100.15409953388296, 1.0488467181139214
0.0, 100.15409953388296
0.0, 100.15409953388296
134.03462319427754, 19.899944832287503
105.12285545666501, 28.911767737612536
30.32886839750843, 74.79398705915658
0.0, 30.32886839750843
0.0, 30.32886839750843
104.76670264432819, 0.3561528123368163
0.0, 104.76670264432819
102.10149446873969, 2.6652081755885035
0.0, 102.10149446873969
0.0, 102.10149446873969
115.45278921628814, 18.581833977989405
35.92385863328344, 79.5289305830047
0.0, 35.92385863328344
2.819237749096673, 33.104620884186765
0.0, 2.819237749096673
0.0, 2.819237749096673
114.18998076103522, 1.262808455252923
109.0886515792287, 5.10132918180652
103.48613357363216, 5.6025180055965365
100.95720910255379, 2.528924471078369
0.0, 100.95720910255379
0.0, 100.95720910255379
101.45198351789249, 2.034150055739673
40.58078397565241, 60.87119954224008
0.0, 40.58078397565241
0.0, 40.58078397565241
101.40500316983416, 0.046980348058326626
0.0, 101.40500316983416
100.8272296491299, 0.5777735207042554
0.0, 100.8272296491299
100.19785662889898, 0.6293730202309291
39.50482497743022, 60.69303165146876
0.0, 39.50482497743022
0.0, 39.50482497743022
58.72413015206253, 41.47372647683645
0.0, 58.72413015206253
7.134073116039019, 51.59005703602351
0.0, 7.134073116039019
3.263444768953162, 3.8706283470858573
0.0, 3.263444768953162
0.0, 3.263444768953162
108.04256892998082, 1.0460826492478787
0.0, 108.04256892998082
0.0, 108.04256892998082
110.81307149478117, 3.376909266254046
0.0, 110.81307149478117
0.0, 110.81307149478117
268.38435488394344, 22.490329337932167
139.79434432499033, 128.5900105589531
101.25971964759567, 38.53462467739466
0.0, 101.25971964759567
55.286732821776454, 45.97298682581922
0.0, 55.286732821776454
9.780327897303673, 45.50640492447278
0.0, 9.780327897303673
5.427831122494679, 4.352496774808994
0.0, 5.427831122494679
0.0, 5.427831122494679
127.02394606462288, 12.770398260367458
107.02021168331763, 20.00373438130525
100.42957603285444, 6.5906356504631844
0.0, 100.42957603285444
52.123264784134015, 48.30631124872043
0.0, 52.123264784134015
0.0, 52.123264784134015
105.48025504832512, 1.5399566349925067
101.78179620741965, 3.6984588409054737
0.0, 101.78179620741965
101.54552203904849, 0.23627416837115334
38.333166088427795, 63.2123559506207
0.0, 38.333166088427795
0.0, 38.333166088427795
54.723112908073176, 46.822409130975316
0.42601571737373367, 54.29709719069944
0.0, 0.42601571737373367
0.0, 0.42601571737373367
30.17890586249695, 24.544207045576226
0.0, 30.17890586249695
0.0, 30.17890586249695
103.40644770084553, 2.073807347479587
6.4929837484590305, 96.91346395238651
0.0, 6.4929837484590305
0.0, 6.4929837484590305
101.81766326657221, 1.5887844342733217
0.0, 101.81766326657221
83.62801225635887, 18.18965101021334
5.307305470514767e-05, 83.62795918330417
0.0, 5.307305470514767e-05
0.0, 5.307305470514767e-05
59.203397640371165, 24.424614615987707
0.0, 59.203397640371165
0.0, 59.203397640371165
115.1941626294899, 11.829783435132981
0.0, 115.1941626294899
100.65828671254272, 14.535875916947177
0.0, 100.65828671254272
19.822079963048544, 80.83620674949418
0.0, 19.822079963048544
16.033599528586652, 3.788480434461892
0.0, 16.033599528586652
0.0, 16.033599528586652
226.26030744727973, 42.124047436663716
56.4931401386155, 169.76716730866423
0.0, 56.4931401386155
29.87589428530605, 26.617245853309452
0.0, 29.87589428530605
0.0, 29.87589428530605
168.4260933060883, 57.83421414119144
108.27232749996449, 60.1537658061238
0.0, 108.27232749996449
101.65975535532647, 6.612572144638023
0.0, 101.65975535532647
90.38172538761191, 11.27802996771456
0.0, 90.38172538761191
0.0, 90.38172538761191
115.59673873593994, 52.829354570148354
107.8555742179715, 7.741164517968443
0.0, 107.8555742179715
107.1294036366035, 0.7261705813679953
100.2962163549957, 6.833187281607792
0.0, 100.2962163549957
28.588800687428698, 71.707415667567
0.0, 28.588800687428698
0.0, 28.588800687428698
105.0992147588392, 2.030188877764303
0.0, 105.0992147588392
0.89113367898186, 104.20808107985734
0.0, 0.89113367898186
0.0, 0.89113367898186
110.35470021680358, 5.242038519136358
103.45523370097177, 6.899466515831804
11.945555849639858, 91.50967785133192
0.0, 11.945555849639858
0.0, 11.945555849639858
21.868444267238385, 81.58678943373339
0.0, 21.868444267238385
0.0, 21.868444267238385
110.31829894905492, 0.036401267748658483
0.0, 110.31829894905492
0.0, 110.31829894905492
10954.810759696642, 16720.153191819998
1676.93171112958, 9277.879048567062
214.4419287349573, 1462.4897823946226
101.9096888561838, 112.53223987877348
0.0, 101.9096888561838
81.02523613536233, 20.88445272082147
0.0, 81.02523613536233
0.0, 81.02523613536233
145.78302662045044, 68.65890211450684
101.30653591789775, 44.476490702552695
0.0, 101.30653591789775
100.07772894686421, 1.228806971033535
0.0, 100.07772894686421
17.64294591205098, 82.43478303481324
0.0, 17.64294591205098
1.8185898724316356, 15.824356039619344
0.0, 1.8185898724316356
0.0, 1.8185898724316356
134.21492307869138, 11.568103541759058
103.60021205448042, 30.614711024210962
12.250806368781872, 91.34940568569856
0.0, 12.250806368781872
0.0, 12.250806368781872
100.47486149730972, 3.125350557170705
0.0, 100.47486149730972
0.0, 100.47486149730972
128.30438950498103, 5.910533573710353
0.0, 128.30438950498103
103.28125763751572, 25.02313186746531
0.0, 103.28125763751572
94.99149594838234, 8.289761689133385
0.0, 94.99149594838234
87.71642866225481, 7.275067286127523
42.558741760970435, 45.15768690128438
0.0, 42.558741760970435
0.0, 42.558741760970435
53.62944757290079, 34.086981089354026
0.0, 53.62944757290079
0.0, 53.62944757290079
1199.1139976195907, 477.8177135099893
201.99694590130005, 997.1170517182907
133.21714031940033, 68.77980558189972
101.25370729280155, 31.96343302659878
0.0, 101.25370729280155
43.520346291727634, 57.733361001073916
0.0, 43.520346291727634
0.0, 43.520346291727634
123.00943306050014, 10.207707258900186
15.330633323595505, 107.67879973690464
0.0, 15.330633323595505
0.0, 15.330633323595505
120.33545379197992, 2.6739792685202275
0.0, 120.33545379197992
0.0, 120.33545379197992
189.97772451365938, 12.01922138764067
131.11993747360282, 58.857787040056564
113.1691218936275, 17.950815579975313
103.18095141088834, 9.988170482739164
0.0, 103.18095141088834
41.29642545392706, 61.884525956961284
0.0, 41.29642545392706
0.0, 41.29642545392706
106.74521742055647, 6.423904473071033
0.0, 106.74521742055647
105.16307661422918, 1.5821408063272884
0.0, 105.16307661422918
68.14211153152532, 37.02096508270387
0.0, 68.14211153152532
0.0, 68.14211153152532
127.75103219905114, 3.368905274551679
105.4543339381977, 22.296698260853432
0.0, 105.4543339381977
0.0, 105.4543339381977
120.35208532896701, 7.398946870084131
0.0, 120.35208532896701
106.15253767287473, 14.199547656092278
102.8093095323096, 3.343228140565131
100.56859188713653, 2.2407176451730635
0.0, 100.56859188713653
100.51989311293, 0.04869877420652813
0.0, 100.51989311293
18.407008360512368, 82.11288475241764
0.0, 18.407008360512368
6.378098616982986, 12.028909743529383
0.0, 6.378098616982986
0.0, 6.378098616982986
102.77104496985397, 0.03826456245562326
0.0, 102.77104496985397
101.31631387327245, 1.4547310965815257
0.0, 101.31631387327245
0.0, 101.31631387327245
106.13473848995591, 0.017799182918821543
100.24973893241396, 5.884999557541946
0.0, 100.24973893241396
49.53567299147619, 50.71406594093777
0.0, 49.53567299147619
38.75121524476215, 10.78445774671404
0.0, 38.75121524476215
0.0, 38.75121524476215
105.74176238893646, 0.3929761010194426
100.3797647274533, 5.361997661483159
3.6561192500970425, 96.72364547735626
0.0, 3.6561192500970425
0.0, 3.6561192500970425
78.75613817752455, 21.62362654992876
0.0, 78.75613817752455
0.0, 78.75613817752455
100.92415787944688, 4.817604509489584
0.0, 100.92415787944688
0.0, 100.92415787944688
162.35820769454176, 27.61951681911762
129.78527481149058, 32.57293288305118
30.287069253933257, 99.49820555755733
0.0, 30.287069253933257
0.0, 30.287069253933257
113.41531153620537, 16.369963275285215
51.174779673225146, 62.24053186298022
0.0, 51.174779673225146
0.0, 51.174779673225146
105.63530028731506, 7.780011248890304
13.917067387909245, 91.71823289940582
0.0, 13.917067387909245
6.745417841687666, 7.1716495462215795
0.0, 6.745417841687666
0.0, 6.745417841687666
101.69301790632771, 3.9422823809873506
0.0, 101.69301790632771
101.43536076400171, 0.25765714232599635
11.718414162536659, 89.71694660146505
0.0, 11.718414162536659
0.0, 11.718414162536659
51.1568057031071, 50.27855506089461
0.0, 51.1568057031071
33.205515316315605, 17.9512903867915
0.0, 33.205515316315605
31.5227163287494, 1.6827989875662048
0.0, 31.5227163287494
0.0, 31.5227163287494
140.93480586913938, 21.42340182540238
113.00021729983193, 27.93458856930745
103.44277723123854, 9.557440068593394
100.45656148883513, 2.9862157424034024
0.0, 100.45656148883513
0.0, 100.45656148883513
102.31958162184762, 1.123195609390919
101.51349409404621, 0.8060875278014095
0.0, 101.51349409404621
19.146981099578593, 82.36651299446761
0.0, 19.146981099578593
0.0, 19.146981099578593
102.258621023748, 0.060960598099612184
0.0, 102.258621023748
28.644651313209863, 73.61396971053814
0.0, 28.644651313209863
18.392618374607423, 10.25203293860244
0.0, 18.392618374607423
15.86784737976473, 2.5247709948426937
0.0, 15.86784737976473
0.0, 15.86784737976473
110.91582101322155, 2.084396286610385
0.0, 110.91582101322155
110.43262240803361, 0.4831986051879369
18.539529650759174, 91.89309275727443
0.0, 18.539529650759174
0.0, 18.539529650759174
107.78536736985318, 2.6472550381804325
59.845340275644595, 47.94002709420858
0.0, 59.845340275644595
17.606764811299684, 42.23857546434491
0.0, 17.606764811299684
0.0, 17.606764811299684
103.44549719309286, 4.339870176760314
0.0, 103.44549719309286
0.0, 103.44549719309286
118.73960458932254, 22.195201279816843
107.12682351901813, 11.612781070304408
0.0, 107.12682351901813
102.2886330602759, 4.838190458742233
0.0, 102.2886330602759
0.0, 102.2886330602759
118.59939876164826, 0.14020582767427925
0.0, 118.59939876164826
104.12971997169939, 14.469678789948873
102.53376211094874, 1.5959578607506444
0.0, 102.53376211094874
80.65201716957453, 21.88174494137421
0.0, 80.65201716957453
0.0, 80.65201716957453
103.4982142184421, 0.6315057532572865
0.0, 103.4982142184421
103.15917430076074, 0.33903991768136166
0.0, 103.15917430076074
27.07333981174886, 76.08583448901189
0.0, 27.07333981174886
5.440304379732453, 21.633035432016406
0.0, 5.440304379732453
0.0, 5.440304379732453
230.75384536501664, 968.360152254574
156.30019037778794, 74.4536549872287
135.94929464050009, 20.350895737287857
73.38493060890876, 62.564364031591325
0.0, 73.38493060890876
60.74303580440461, 12.641894804504147
0.0, 60.74303580440461
0.5013056160869895, 60.241730188317625
0.0, 0.5013056160869895
0.0, 0.5013056160869895
110.40511463780972, 25.544180002690368
0.0, 110.40511463780972
106.64800446932794, 3.7571101684817734
0.0, 106.64800446932794
101.84551776477626, 4.802486704551683
0.0, 101.84551776477626
0.0, 101.84551776477626
138.29496211433175, 18.00522826345619
114.68853465987294, 23.60642745445881
101.2902745759185, 13.39826008395444
15.468250321609027, 85.82202425430947
0.0, 15.468250321609027
0.0, 15.468250321609027
46.053713817912126, 55.23656075800638
0.0, 46.053713817912126
0.0, 46.053713817912126
113.86307796277762, 0.8254566970953192
0.0, 113.86307796277762
103.99841656371358, 9.864661399064047
0.0, 103.99841656371358
101.57917835370507, 2.4192382100085013
0.0, 101.57917835370507
16.578297242487928, 85.00088111121715
0.0, 16.578297242487928
7.495842486447813, 9.082454756040114
0.0, 7.495842486447813
0.0, 7.495842486447813
118.43315881620846, 19.86180329812329
108.14634500315591, 10.286813813052547
102.42474650276787, 5.7215985003880405
23.17681564884664, 79.24793085392123
0.0, 23.17681564884664
0.0, 23.17681564884664
102.27632357461542, 0.14842292815245628
100.3198008939087, 1.956522680706712
10.678541214250851, 89.64125967965785
0.0, 10.678541214250851
0.0, 10.678541214250851
26.156420708169666, 74.16338018573904
0.0, 26.156420708169666
20.666136053670005, 5.490284654499661
0.0, 20.666136053670005
0.0, 20.666136053670005
100.62384709575612, 1.652476478859299
0.0, 100.62384709575612
0.0, 100.62384709575612
107.31510827786039, 0.8312367252955255
0.0, 107.31510827786039
102.23266289182929, 5.082445386031097
0.0, 102.23266289182929
101.49399367190246, 0.7386692199268339
63.838630413972055, 37.655363257930404
0.0, 63.838630413972055
0.0, 63.838630413972055
63.84361600442997, 37.65037766747249
0.0, 63.84361600442997
52.823314190768535, 11.020301813661433
0.0, 52.823314190768535
0.0, 52.823314190768535
111.43796338193235, 6.995195434276113
101.47004175860734, 9.967921623325012
100.0254280513537, 1.4446137072536374
0.0, 100.0254280513537
63.01292745828766, 37.01250059306604
0.0, 63.01292745828766
57.376062988710004, 5.6368644695776595
0.0, 57.376062988710004
17.93619529847426, 39.439867690235744
0.0, 17.93619529847426
0.0, 17.93619529847426
100.93955519659225, 0.5304865620150849
0.0, 100.93955519659225
19.26862303030073, 81.67093216629152
0.0, 19.26862303030073
17.587166954455338, 1.681456075845393
0.0, 17.587166954455338
0.0, 17.587166954455338
110.6656549847772, 0.7723083971551432
100.10925535250588, 10.556399632271322
0.0, 100.10925535250588
0.014684549306685665, 100.0945708031992
0.0, 0.014684549306685665
0.0, 0.014684549306685665
103.61163082000333, 7.054024164773878
100.8264333132757, 2.785197506727627
19.189971959936404, 81.6364613533393
0.0, 19.189971959936404
0.0, 19.189971959936404
100.3066089145044, 0.5198243987713056
18.023287655550778, 82.28332125895362
0.0, 18.023287655550778
0.0, 18.023287655550778
23.427642188759343, 76.87896672574504
0.0, 23.427642188759343
0.0, 23.427642188759343
101.4376181464787, 2.1740126735246292
0.0, 101.4376181464787
91.68672393924393, 9.750894207234765
0.0, 91.68672393924393
30.243344507630308, 61.44337943161362
0.0, 30.243344507630308
0.0, 30.243344507630308
158.9884211479513, 71.76542421706534
111.86691991338871, 47.12150123456259
110.45254018149, 1.4143797318987197
107.75165483139345, 2.7008853500965415
32.158461586823435, 75.59319324457002
0.0, 32.158461586823435
2.657132737975983, 29.501328848847454
0.0, 2.657132737975983
0.0, 2.657132737975983
106.06347075337966, 1.6881840780137907
102.06309820704195, 4.000372546337715
31.31551347996681, 70.74758472707514
0.0, 31.31551347996681
0.0, 31.31551347996681
101.11354327511839, 0.9495549319235579
65.13492041542686, 35.97862285969153
0.0, 65.13492041542686
0.0, 65.13492041542686
69.4649123513034, 31.64863092381499
0.0, 69.4649123513034
0.0, 69.4649123513034
102.70303409592509, 3.3604366574545708
0.0, 102.70303409592509
100.83244603649293, 1.8705880594321656
0.0, 100.83244603649293
0.0, 100.83244603649293
108.3327045570142, 2.1198356244757974
100.97785732615334, 7.354847230860855
10.504885558820064, 90.47297176733328
0.0, 10.504885558820064
0.0, 10.504885558820064
84.78413415203065, 16.193723174122695
0.0, 84.78413415203065
0.0, 84.78413415203065
104.40010510489894, 3.932599452115255
0.0, 104.40010510489894
0.0, 104.40010510489894
111.38036436181919, 0.48655555156952346
6.3855038854093955, 104.9948604764098
0.0, 6.3855038854093955
0.0, 6.3855038854093955
101.40031109887627, 9.980053262942917
0.0, 101.40031109887627
101.39774224351453, 0.0025688553617442267
0.0, 101.39774224351453
5.727870744486331, 95.6698714990282
0.0, 5.727870744486331
0.0, 5.727870744486331
121.16901121764049, 37.81940993031081
111.95156720236199, 9.217444015278502
37.13433368331619, 74.8172335190458
0.0, 37.13433368331619
0.0, 37.13433368331619
103.3042194234007, 8.64734777896129
0.0, 103.3042194234007
103.20500702887821, 0.09921239452248187
41.280083782366084, 61.92492324651213
0.0, 41.280083782366084
0.0, 41.280083782366084
43.39335765509042, 59.811649373787795
0.0, 43.39335765509042
28.1772766018657, 15.21608105322472
0.0, 28.1772766018657
26.485330222062082, 1.6919463798036176
0.0, 26.485330222062082
17.91931752921453, 8.56601269284755
0.0, 17.91931752921453
0.0, 17.91931752921453
115.11112180912582, 6.057889408514669
0.0, 115.11112180912582
108.86920284397453, 6.241918965151285
0.0, 108.86920284397453
106.50052656025109, 2.3686762837234454
101.93805361243184, 4.562472947819245
0.0, 101.93805361243184
10.315795869841088, 91.62225774259076
0.0, 10.315795869841088
0.0, 10.315795869841088
106.47015709559363, 0.03036946465745416
0.0, 106.47015709559363
101.63208512880499, 4.838071966788647
0.0, 101.63208512880499
28.736365242328517, 72.89571988647647
0.0, 28.736365242328517
0.0, 28.736365242328517
3562.1465372800185, 7392.6642224166235
386.9798336205327, 3175.166703659486
148.4513326342235, 238.5285009863092
82.1407715941406, 66.31056104008289
0.0, 82.1407715941406
10.828441648182356, 71.31232994595825
0.0, 10.828441648182356
0.0, 10.828441648182356
118.3905294638985, 30.060803170324988
0.0, 118.3905294638985
104.45924488919599, 13.931284574702516
0.0, 104.45924488919599
104.25122686714214, 0.20801802205384945
100.1739177453127, 4.07730912182943
0.0, 100.1739177453127
3.5311302147797217, 96.64278753053298
0.0, 3.5311302147797217
0.0, 3.5311302147797217
101.93210411793973, 2.319122749202407
0.0, 101.93210411793973
94.62760710931647, 7.304497008623258
0.0, 94.62760710931647
18.470541511335714, 76.15706559798076
0.0, 18.470541511335714
0.0, 18.470541511335714
153.72696034430575, 233.25287327622695
0.0, 153.72696034430575
152.36561218357414, 1.361348160731609
104.52310028330113, 47.84251190027301
100.68028081329528, 3.84281947000585
0.0, 100.68028081329528
0.0, 100.68028081329528
102.80057836693949, 1.722521916361643
0.0, 102.80057836693949
102.79003246300302, 0.010545903936474588
0.0, 102.79003246300302
102.60003473037298, 0.18999773263003306
0.0, 102.60003473037298
36.058988342743355, 66.54104638762962
0.0, 36.058988342743355
0.0, 36.058988342743355
124.0565702798163, 28.309041903757844
0.0, 124.0565702798163
1.5715310548286805, 122.48503922498762
0.0, 1.5715310548286805
0.0, 1.5715310548286805
3183.977539453149, 378.1689978268696
201.2892872748608, 2982.688252178288
156.76620120081688, 44.52308607404393
124.03517542318099, 32.73102577763589
113.19895601979785, 10.83621940338314
100.30397403585445, 12.894981983943396
0.0, 100.30397403585445
0.0, 100.30397403585445
110.40581573817693, 2.7931402816209214
0.0, 110.40581573817693
107.88130596644434, 2.524509771732582
0.0, 107.88130596644434
101.1431574253354, 6.7381485411089415
0.0, 101.1431574253354
101.00908837682807, 0.13406904850732815
0.0, 101.00908837682807
100.9032407896898, 0.10584758713827114
0.0, 100.9032407896898
0.0, 100.9032407896898
113.62098104244156, 10.414194380739431
0.0, 113.62098104244156
112.33644332823994, 1.284537714201619
45.60144695392462, 66.73499637431532
0.0, 45.60144695392462
40.68567805773927, 4.915768896185355
0.0, 40.68567805773927
0.0, 40.68567805773927
101.18083055242971, 11.155612775810226
0.0, 101.18083055242971
68.08729324013544, 33.09353731229427
0.0, 68.08729324013544
0.0, 68.08729324013544
127.6646241356681, 29.101577065148774
104.4985760858044, 23.166048049863704
0.0, 104.4985760858044
18.72670272861521, 85.7718733571892
0.0, 18.72670272861521
0.0, 18.72670272861521
104.73646295226273, 22.92816118340538
101.15523245333041, 3.581230498932314
100.43798750112241, 0.7172449522080058
0.0, 100.43798750112241
0.0, 100.43798750112241
100.83832457127296, 0.3169078820574498
0.0, 100.83832457127296
8.919196153750866, 91.9191284175221
0.0, 8.919196153750866
0.0, 8.919196153750866
104.2524104732462, 0.48405247901652615
17.319873069892584, 86.93253740335362
0.0, 17.319873069892584
0.8897949821050057, 16.430078087787578
0.0, 0.8897949821050057
0.0, 0.8897949821050057
101.21864416418913, 3.0337663090570715
0.0, 101.21864416418913
0.0, 101.21864416418913
197.78608595770754, 3.5032013171532697
102.5023105435005, 95.28377541420704
0.0, 102.5023105435005
73.69954340230427, 28.802767141196227
0.0, 73.69954340230427
0.0, 73.69954340230427
150.57873595797707, 47.20734999973047
0.0, 150.57873595797707
102.74573815879675, 47.83299779918032
0.0, 102.74573815879675
13.946233813425245, 88.7995043453715
0.0, 13.946233813425245
0.0, 13.946233813425245
2903.2276995400925, 280.74983991305635
292.2434340040705, 2610.984265536022
0.0, 292.2434340040705
169.2607634236439, 122.98267058042657
107.91973286602436, 61.34103055761955
1.937583943710786, 105.98214892231357
0.0, 1.937583943710786
0.0, 1.937583943710786
106.68122456251554, 1.238508303508823
100.42047456500947, 6.260749997506068
0.0, 100.42047456500947
0.0, 100.42047456500947
102.33346064671106, 4.347763915804478
0.0, 102.33346064671106
0.0, 102.33346064671106
165.66091706582733, 3.599846357816574
119.32061390462349, 46.34030316120385
112.35268749049678, 6.967926414126708
100.68935339061208, 11.663334099884693
0.0, 100.68935339061208
59.776374842355814, 40.91297854825627
0.0, 59.776374842355814
25.155930291050637, 34.62044455130518
0.0, 25.155930291050637
16.376825842714663, 8.779104448335975
0.0, 16.376825842714663
0.0, 16.376825842714663
105.71900974541659, 6.633677745080192
105.33033203308078, 0.38867771233580584
100.67049158968695, 4.659840443393833
0.0, 100.67049158968695
0.0, 100.67049158968695
102.03073330291687, 3.2995987301639076
45.13340419961843, 56.89732910329844
0.0, 45.13340419961843
0.0, 45.13340419961843
101.14393848640808, 0.8867948165087967
69.53396456595618, 31.609973920451893
0.0, 69.53396456595618
0.0, 69.53396456595618
100.70148141213102, 0.4424570742770584
0.0, 100.70148141213102
0.0, 100.70148141213102
105.64190852819911, 0.07710121721747498
40.78417839589822, 64.85773013230089
0.0, 40.78417839589822
2.3626266535946336, 38.42155174230359
0.0, 2.3626266535946336
0.0, 2.3626266535946336
100.6674600747078, 4.974448453491306
0.0, 100.6674600747078
0.0, 100.6674600747078
113.26008536094959, 6.060528543673897
0.0, 113.26008536094959
101.63081604773016, 11.629269313219424
0.0, 101.63081604773016
75.04030505857045, 26.59051098915971
0.0, 75.04030505857045
30.69817557430319, 44.34212948426726
0.0, 30.69817557430319
0.0, 30.69817557430319
155.22688517300958, 10.434031892817757
125.57067425493705, 29.65621091807253
101.83559112392798, 23.735083131009063
61.70741621863432, 40.12817490529366
0.0, 61.70741621863432
58.9445844604879, 2.762831758146419
18.440212575773636, 40.50437188471427
0.0, 18.440212575773636
0.0, 18.440212575773636
28.06907717097736, 30.875507289510544
9.376328243695655, 18.692748927281706
0.0, 9.376328243695655
0.0, 9.376328243695655
13.388846741016811, 14.680230429960547
0.0, 13.388846741016811
0.0, 13.388846741016811
62.4564501129939, 39.379141010934084
0.0, 62.4564501129939
56.343640363326635, 6.112809749667264
0.0, 56.343640363326635
0.0, 56.343640363326635
110.90856480753182, 14.662109447405228
0.0, 110.90856480753182
106.63617995440933, 4.272384853122489
0.0, 106.63617995440933
100.27419948484079, 6.361980469568536
0.0, 100.27419948484079
0.0, 100.27419948484079
141.3605371902259, 13.86634798278368
117.2872043813511, 24.073332808874795
101.860510650595, 15.4266937307561
44.97786246002181, 56.88264819057319
0.0, 44.97786246002181
38.208955962055015, 6.768906497966796
0.0, 38.208955962055015
14.338686646471894, 23.870269315583123
0.0, 14.338686646471894
8.817608403378516, 5.521078243093378
0.0, 8.817608403378516
0.0, 8.817608403378516
101.68462888240614, 0.1758817681888587
70.04705848070532, 31.637570401700827
3.7264011044033736, 66.32065737630194
0.0, 3.7264011044033736
0.0, 3.7264011044033736
21.17044487789624, 48.87661360280907
0.0, 21.17044487789624
0.0, 21.17044487789624
101.11308438821587, 0.5715444941902774
51.1896017937378, 49.92348259447807
0.0, 51.1896017937378
0.0, 51.1896017937378
100.48636343736389, 0.6267209508519755
88.61002791756917, 11.876335519794722
0.0, 88.61002791756917
0.0, 88.61002791756917
100.1115891220596, 0.3747743153042933
85.29067097910745, 14.820918142952152
0.0, 85.29067097910745
19.246233852049038, 66.04443712705842
0.0, 19.246233852049038
0.0, 19.246233852049038
94.17949330073252, 5.932095821327081
0.0, 94.17949330073252
0.0, 94.17949330073252
103.11933086156148, 14.167873519789623
0.0, 103.11933086156148
100.17737364041709, 2.941957221144392
0.0, 100.17737364041709
0.0, 100.17737364041709
118.78196326738316, 22.578573922842736
100.18754284066104, 18.594420426722124
0.0, 100.18754284066104
100.07222018274332, 0.11532265791771579
0.0, 100.07222018274332
0.0, 100.07222018274332
105.64566699696171, 13.136296270421454
100.41765220933624, 5.228014787625469
0.0, 100.41765220933624
0.0, 100.41765220933624
101.6297450908958, 4.015921906065913
0.0, 101.6297450908958
100.40300280172438, 1.226742289171412
0.0, 100.40300280172438
70.30627164938646, 30.096731152337924
0.0, 70.30627164938646
0.0, 70.30627164938646
1609.606628918489, 1293.6210706216036
806.6832524108654, 802.9233765076235
0.0, 806.6832524108654
181.81940274860628, 624.8638496622591
109.89892200288645, 71.92048074571983
100.05965782815011, 9.839264174736343
0.0, 100.05965782815011
45.15624242266787, 54.903415405482235
5.204078152471967, 39.95216427019591
0.0, 5.204078152471967
0.0, 5.204078152471967
34.76369172403536, 10.392550698632512
0.0, 34.76369172403536
0.0, 34.76369172403536
106.30311720715098, 3.595804795735475
100.34555969342875, 5.957557513722222
0.0, 100.34555969342875
0.0, 100.34555969342875
102.68904339936337, 3.614073807787605
50.77337757562688, 51.91566582373649
0.0, 50.77337757562688
0.0, 50.77337757562688
100.84212414241352, 1.846919256949846
0.0, 100.84212414241352
100.58715753167378, 0.2549666107397428
0.0, 100.58715753167378
0.0, 100.58715753167378
144.20356915171152, 37.61583359689476
123.50772750622824, 20.695841645483284
108.53278119602778, 14.974946310200451
0.0, 108.53278119602778
100.34860969085577, 8.184171505172017
89.36117895378784, 10.987430737067925
0.0, 89.36117895378784
57.422548832785125, 31.938630121002717
0.0, 57.422548832785125
33.9466486020107, 23.475900230774428
0.0, 33.9466486020107
0.0, 33.9466486020107
99.0401955792151, 1.3084141116406727
0.0, 99.0401955792151
24.596199608987828, 74.44399597022726
0.0, 24.596199608987828
0.0, 24.596199608987828
118.448304089518, 5.059423416710231
114.56395599892143, 3.884348090596575
108.35583698482557, 6.208119014095857
106.1219027140756, 2.2339342707499696
0.0, 106.1219027140756
0.0, 106.1219027140756
107.75878371121227, 0.5970532736132981
0.0, 107.75878371121227
102.93560037912998, 4.823183332082294
0.0, 102.93560037912998
100.15127810139066, 2.784322277739321
0.0, 100.15127810139066
56.16812236947629, 43.983155731914366
0.0, 56.16812236947629
0.0, 56.16812236947629
110.82549688817593, 3.738459110745495
100.52645309132343, 10.299043796852501
0.0, 100.52645309132343
36.21515414930274, 64.3112989420207
0.0, 36.21515414930274
0.0, 36.21515414930274
104.23269196431232, 6.592804923863611
101.63240432019067, 2.60028764412165
0.0, 101.63240432019067
0.0, 101.63240432019067
102.6317676865462, 1.6009242777661257
33.779713777777054, 68.85205390876914
0.0, 33.779713777777054
0.0, 33.779713777777054
101.61876512419612, 1.0130025623500813
0.0, 101.61876512419612
100.77617488295917, 0.8425902412369481
0.0, 100.77617488295917
4.528584715046822, 96.24759016791235
0.0, 4.528584715046822
0.0, 4.528584715046822
115.99196184708782, 2.456342242430182
112.97585329031075, 3.01610855677707
0.0, 112.97585329031075
103.16423734709215, 9.811615943218598
101.09847329736586, 2.0657640497262975
0.0, 101.09847329736586
0.0, 101.09847329736586
101.92146473156255, 1.2427726155296028
40.64483488043334, 61.27662985112921
0.0, 40.64483488043334
0.0, 40.64483488043334
101.88982846702858, 0.03163626453397228
0.0, 101.88982846702858
0.0, 101.88982846702858
114.4420611750011, 1.5499006720867214
104.61982532358994, 9.822235851411165
0.0, 104.61982532358994
20.695585375492545, 83.9242399480974
0.0, 20.695585375492545
0.0, 20.695585375492545
107.11851723284008, 7.323543942161024
11.807620558652314, 95.31089667418776
0.0, 11.807620558652314
0.0, 11.807620558652314
48.70545720842252, 58.413060024417554
0.0, 48.70545720842252
0.0, 48.70545720842252
133.25076554046808, 10.95280361124344
116.31613396160382, 16.934631578864256
0.0, 116.31613396160382
115.27649214521423, 1.0396418163895902
0.0, 115.27649214521423
56.98892436231643, 58.2875677828978
0.0, 56.98892436231643
40.66570973847062, 16.323214623845814
0.0, 40.66570973847062
0.0, 40.66570973847062
121.06435042423044, 12.18641511623764
0.0, 121.06435042423044
109.65275987668889, 11.41159054754155
52.236977381744225, 57.415782494944665
0.0, 52.236977381744225
0.0, 52.236977381744225
95.86268265742966, 13.790077219259231
0.0, 95.86268265742966
0.0, 95.86268265742966
971.1562489343146, 638.4503799841743
135.7777744053723, 835.3784745289423
108.3109620053322, 27.466812400040098
0.0, 108.3109620053322
106.98962192508779, 1.3213400802444113
89.34774409127328, 17.641877833814505
0.0, 89.34774409127328
49.34795963535929, 39.999784455913996
0.0, 49.34795963535929
0.0, 49.34795963535929
101.05937513199918, 5.930246793088614
0.0, 101.05937513199918
100.49488529330071, 0.5644898386984636
0.0, 100.49488529330071
87.88964602294985, 12.605239270350864
0.0, 87.88964602294985
0.0, 87.88964602294985
123.29715560221423, 12.480618803158066
115.60045639583392, 7.696699206380316
65.16855673352907, 50.43189966230484
0.0, 65.16855673352907
0.0, 65.16855673352907
107.74329357366805, 7.857162822165861
0.0, 107.74329357366805
0.0, 107.74329357366805
122.30515584572353, 0.9919997564906993
105.63301898672081, 16.67213685900272
0.0, 105.63301898672081
0.0, 105.63301898672081
115.84036741648345, 6.4647884292400875
0.0, 115.84036741648345
106.90266806907653, 8.93769934740692
100.11302173521453, 6.789646333861995
0.0, 100.11302173521453
23.969749831536244, 76.14327190367828
0.0, 23.969749831536244
0.0, 23.969749831536244
103.09109852814585, 3.8115695409306767
80.79674213079078, 22.294356397355074
0.0, 80.79674213079078
0.0, 80.79674213079078
102.2004718383873, 0.8906266897585482
0.0, 102.2004718383873
0.0, 102.2004718383873
249.2261548471397, 721.9300940871749
105.64107218420492, 143.58508266293478
0.0, 105.64107218420492
100.71483130500894, 4.926240879195973
37.246198449474655, 63.46863285553429
0.0, 37.246198449474655
0.0, 37.246198449474655
100.21344171079402, 0.5013895942149276
0.0, 100.21344171079402
46.985186437054736, 53.22825527373928
0.0, 46.985186437054736
0.0, 46.985186437054736
106.16975347935762, 143.0564013677821
47.91457134048732, 58.2551821388703
0.0, 47.91457134048732
0.0, 47.91457134048732
105.85284713492436, 0.3169063444332636
17.450156463724955, 88.40269067119941
0.0, 17.450156463724955
6.895831887412252, 10.554324576312702
0.0, 6.895831887412252
0.0, 6.895831887412252
86.94890383639014, 18.903943298534216
0.0, 86.94890383639014
58.34452851886067, 28.604375317529474
0.0, 58.34452851886067
10.475951538412371, 47.868576980448296
0.0, 10.475951538412371
8.385043137339048, 2.0909084010733228
0.0, 8.385043137339048
0.0, 8.385043137339048
