node_generations, branch_length
1802.5918200038495, 4138.5219422366545
1197.5246614907865, 605.0671585130631
1020.7347296437622, 176.78993184702426
449.45565337441576, 571.2790762693464
10.480659299610117, 438.97499407480564
0.0, 10.480659299610117
0.0, 10.480659299610117
257.27826474120195, 192.1773886332138
11.944620597524922, 245.33364414367702
0.0, 11.944620597524922
0.0, 11.944620597524922
37.7853343640155, 219.49293037718644
0.0, 37.7853343640155
0.0, 37.7853343640155
540.9999647218922, 479.73476492187
133.10104115012814, 407.89892357176404
0.0, 133.10104115012814
26.93616468826089, 106.16487646186725
0.0, 26.93616468826089
0.0, 26.93616468826089
243.94334876117355, 297.05661596071866
0.0, 243.94334876117355
195.83902287501914, 48.10432588615441
0.0, 195.83902287501914
43.27279658773735, 152.56622628728178
0.0, 43.27279658773735
23.39033548564467, 19.882461102092684
0.0, 23.39033548564467
15.532775041352954, 7.857560444291716
0.0, 15.532775041352954
0.0, 15.532775041352954
1077.6710589158208, 119.85360257496563
136.26195394969284, 941.409104966128
32.85972509188176, 103.40222885781108
0.0, 32.85972509188176
0.0, 32.85972509188176
77.88307959975651, 58.378874349936325
0.0, 77.88307959975651
0.0, 77.88307959975651
1026.5236506020115, 51.147408313809365
1018.7872179449079, 7.736432657103592
0.0, 1018.7872179449079
531.3998470543785, 487.3873708905294
244.485587919396, 286.91425913498244
0.0, 244.485587919396
97.47630831768268, 147.00927960171333
0.0, 97.47630831768268
0.0, 97.47630831768268
476.3527099872888, 55.04713706708969
27.684483262799485, 448.66822672448933
0.0, 27.684483262799485
0.0, 27.684483262799485
316.46902458446385, 159.88368540282494
0.0, 316.46902458446385
41.27331226028216, 275.19571232418167
0.0, 41.27331226028216
11.769487306874579, 29.50382495340758
0.0, 11.769487306874579
5.9641334362127525, 5.805353870661826
0.0, 5.9641334362127525
0.0, 5.9641334362127525
1023.3801129377811, 3.1435376642303936
749.3060351573828, 274.0740777803983
0.0, 749.3060351573828
518.3946202469898, 230.91141491039298
220.0784790988575, 298.31614114813226
0.0, 220.0784790988575
114.3205279767365, 105.75795112212101
36.29522325422324, 78.02530472251325
0.0, 36.29522325422324
0.0, 36.29522325422324
67.18265493316721, 47.137873043569286
0.0, 67.18265493316721
0.0, 67.18265493316721
507.78342832998953, 10.61119191700027
0.0, 507.78342832998953
302.8089257759347, 204.97450255405482
11.009618620495646, 291.79930715543907
0.0, 11.009618620495646
0.0, 11.009618620495646
160.498570631852, 142.3103551440827
0.0, 160.498570631852
22.487230265401752, 138.01134036645024
0.0, 22.487230265401752
14.149801168894626, 8.337429096507126
0.0, 14.149801168894626
0.0, 14.149801168894626
1015.1217850365962, 8.258327901184884
1002.8398263398782, 12.281958696717993
209.61221816513282, 793.2276081747453
0.0, 209.61221816513282
0.0, 209.61221816513282
764.9321052881463, 237.90772105173187
385.5447455585977, 379.3873597295486
128.54774643645473, 256.99699912214294
0.0, 128.54774643645473
32.999036917235316, 95.54870951921941
0.0, 32.999036917235316
0.0, 32.999036917235316
162.5835526991955, 222.9611928594022
0.0, 162.5835526991955
17.22800155220749, 145.355551146988
0.0, 17.22800155220749
0.0, 17.22800155220749
390.81339012460813, 374.1187151635382
0.0, 390.81339012460813
18.24432294185769, 372.5690671827505
0.0, 18.24432294185769
0.0, 18.24432294185769
1013.3509845722871, 1.7708004643091044
431.0305334166318, 582.3204511556553
24.342463885601575, 406.68806953103024
0.0, 24.342463885601575
0.0, 24.342463885601575
290.3489925542345, 140.6815408623973
0.0, 290.3489925542345
208.04426883834972, 82.30472371588476
0.0, 208.04426883834972
23.416449402094898, 184.6278194362548
0.0, 23.416449402094898
0.0, 23.416449402094898
1012.3704715445983, 0.9805130276887439
0.0, 1012.3704715445983
355.03229397326203, 657.3381775713362
0.0, 355.03229397326203
58.11104913234548, 296.92124484091653
0.0, 58.11104913234548
0.0, 58.11104913234548
1460.8788538361264, 341.71296616772315
1153.546996941089, 307.3318568950374
1000.138165035195, 153.40883190589398
836.6217787226656, 163.51638631252945
0.0, 836.6217787226656
77.29131855677687, 759.3304601658887
0.0, 77.29131855677687
10.363293614063538, 66.92802494271334
0.0, 10.363293614063538
0.0, 10.363293614063538
997.0910713467207, 3.0470936884743196
830.0636079353596, 167.02746341136105
304.6099273550841, 525.4536805802755
0.0, 304.6099273550841
0.0, 304.6099273550841
612.4649973968702, 217.59861053848942
489.4169093380598, 123.04808805881044
0.0, 489.4169093380598
129.04213960459293, 360.37476973346685
40.467662636455664, 88.57447696813728
0.0, 40.467662636455664
0.0, 40.467662636455664
78.20823865941223, 50.8339009451807
0.0, 78.20823865941223
1.9511275992843005, 76.25711106012793
0.0, 1.9511275992843005
0.0, 1.9511275992843005
519.0653094862004, 93.39968791066985
68.82320667881883, 450.2421028073815
24.114637578603514, 44.70856910021532
0.0, 24.114637578603514
9.604180467645593, 14.51045711095792
0.0, 9.604180467645593
0.0, 9.604180467645593
27.248333300031504, 41.57487337878733
0.0, 27.248333300031504
25.48510904367819, 1.7632242563533147
0.0, 25.48510904367819
3.5098159379570837, 21.975293105721107
0.0, 3.5098159379570837
0.0, 3.5098159379570837
196.068189713715, 322.99711977248535
0.0, 196.068189713715
192.32870569834623, 3.7394840153687596
0.0, 192.32870569834623
133.14238717284007, 59.18631852550615
0.0, 133.14238717284007
8.244966395515876, 124.8974207773242
0.0, 8.244966395515876
0.0, 8.244966395515876
884.3501179744079, 112.74095337231279
296.8152258241548, 587.5348921502531
50.094311924419905, 246.7209138997349
0.0, 50.094311924419905
0.0, 50.094311924419905
201.64545720505134, 95.16976861910348
0.0, 201.64545720505134
122.5148334696584, 79.13062373539294
0.0, 122.5148334696584
0.0, 122.5148334696584
732.7432629381426, 151.6068550362653
63.57996371892243, 669.1632992192202
0.0, 63.57996371892243
0.0, 63.57996371892243
246.0051407653954, 486.73812217274724
0.0, 246.0051407653954
0.0, 246.0051407653954
1072.6663680125178, 80.88062892857124
1036.2803215359422, 36.38604647657553
497.8406469134968, 538.4396746224454
0.0, 497.8406469134968
31.25937782071063, 466.58126909278616
0.0, 31.25937782071063
0.0, 31.25937782071063
1029.4284409149784, 6.8518806209638115
1003.2898686661105, 26.138572248867945
454.9898829666935, 548.299985699417
27.518889265735183, 427.4709937009583
0.0, 27.518889265735183
0.0, 27.518889265735183
231.31136059468176, 223.6785223720117
0.0, 231.31136059468176
0.0, 231.31136059468176
1000.3414670204202, 2.9484016456902964
226.87103314965358, 773.4704338707666
0.0, 226.87103314965358
98.47968390349888, 128.3913492461547
0.0, 98.47968390349888
0.0, 98.47968390349888
717.7583956939623, 282.5830713264579
139.40004222626206, 578.3583534677002
0.0, 139.40004222626206
76.28992956988708, 63.11011265637498
37.3873015611629, 38.90262800872418
0.0, 37.3873015611629
0.0, 37.3873015611629
53.407377268042914, 22.882552301844164
0.0, 53.407377268042914
0.0, 53.407377268042914
324.0503516175804, 393.70804407638184
0.0, 324.0503516175804
0.0, 324.0503516175804
1005.6481727117464, 23.780268203232026
25.32893401229164, 980.3192386994548
0.0, 25.32893401229164
0.0, 25.32893401229164
171.79215287814088, 833.8560198336055
0.0, 171.79215287814088
142.74038607072757, 29.051766807413316
58.523029793303635, 84.21735627742393
0.0, 58.523029793303635
2.638913746692825, 55.884116046610814
0.0, 2.638913746692825
0.0, 2.638913746692825
114.8883622469408, 27.852023823786766
58.90760025387516, 55.98076199306564
0.0, 58.90760025387516
0.0, 58.90760025387516
78.97382291219083, 35.914539334749975
0.0, 78.97382291219083
0.0, 78.97382291219083
1063.571087176779, 9.095280835738777
109.64952344696123, 953.9215637298178
0.0, 109.64952344696123
105.36759433344741, 4.281929113513812
0.0, 105.36759433344741
0.0, 105.36759433344741
529.4460164917676, 534.1250706850113
171.53915481899097, 357.9068616727767
0.0, 171.53915481899097
134.87416604671807, 36.66498877227289
0.0, 134.87416604671807
25.90037375600995, 108.97379229070812
0.0, 25.90037375600995
0.0, 25.90037375600995
459.69415866165195, 69.75185783011568
229.06906578522967, 230.6250928764223
123.21946063530915, 105.84960514992052
0.0, 123.21946063530915
123.21161353547885, 0.007847099830300408
0.0, 123.21161353547885
0.0, 123.21161353547885
150.24128236802036, 78.8277834172093
12.76328815899378, 137.47799420902658
0.0, 12.76328815899378
0.0, 12.76328815899378
26.692177935770264, 123.5491044322501
0.0, 26.692177935770264
0.0, 26.692177935770264
264.5588601506903, 195.13529851096166
0.0, 264.5588601506903
0.0, 264.5588601506903
1301.255775564057, 159.62307827206928
1120.1115280735407, 181.14424749051636
96.82887579302633, 1023.2826522805144
0.0, 96.82887579302633
0.0, 96.82887579302633
1058.0971465900693, 62.014381483471425
1032.7154104336196, 25.381736156449733
1002.4757724196057, 30.23963801401385
158.19970118198987, 844.2760712376158
0.0, 158.19970118198987
0.0, 158.19970118198987
1000.1230065656206, 2.3527658539851473
0.0, 1000.1230065656206
110.67133352059528, 889.4516730450252
0.0, 110.67133352059528
0.0, 110.67133352059528
1015.4284009354985, 17.28700949812105
642.1160070088471, 373.31239392665145
95.61479703776183, 546.5012099710852
0.0, 95.61479703776183
16.666137827947143, 78.94865920981469
0.0, 16.666137827947143
0.0, 16.666137827947143
189.06176062380692, 453.0542463850402
0.0, 189.06176062380692
60.23961323855199, 128.82214738525494
0.0, 60.23961323855199
0.0, 60.23961323855199
1008.925669515914, 6.5027314195845065
0.0, 1008.925669515914
991.5346638517785, 17.39100566413549
361.54799610401244, 629.9866677477661
0.0, 361.54799610401244
0.0, 361.54799610401244
709.2696222434649, 282.2650416083136
0.0, 709.2696222434649
701.2083169442969, 8.061305299167998
59.13427597923654, 642.0740409650604
0.0, 59.13427597923654
0.0, 59.13427597923654
213.48299697728905, 487.72531996700786
0.0, 213.48299697728905
191.8333627471405, 21.649634230148536
0.0, 191.8333627471405
190.6325337919972, 1.2008289551433222
0.0, 190.6325337919972
71.26779385130607, 119.36473994069112
0.0, 71.26779385130607
0.0, 71.26779385130607
1034.8796483104593, 23.217498279610027
1011.8159010080639, 23.063747302395427
383.9687370786593, 627.8471639294046
0.0, 383.9687370786593
242.5592753002304, 141.40946177842886
69.38130466181148, 173.1779706384189
0.0, 69.38130466181148
5.400119363419369, 63.98118529839211
0.0, 5.400119363419369
0.0, 5.400119363419369
231.49917948728188, 11.060095812948532
162.5564251852034, 68.94275430207847
0.0, 162.5564251852034
139.57465714592539, 22.981768039278023
0.0, 139.57465714592539
130.34933655884012, 9.225320587085264
0.0, 130.34933655884012
50.93595431068919, 79.41338224815092
0.0, 50.93595431068919
0.0, 50.93595431068919
198.55233867003997, 32.946840817241906
0.0, 198.55233867003997
128.47028328340244, 70.08205538663753
0.0, 128.47028328340244
45.73915875283153, 82.73112453057091
0.0, 45.73915875283153
0.0, 45.73915875283153
1004.5901157445344, 7.225785263529474
442.61701189113506, 561.9731038533994
0.0, 442.61701189113506
184.18804611711477, 258.4289657740203
0.0, 184.18804611711477
110.3869873562442, 73.80105876087056
0.0, 110.3869873562442
82.40462388148089, 27.982363474763318
0.0, 82.40462388148089
0.0, 82.40462388148089
924.1824861398727, 80.40762960466168
153.8011079590863, 770.3813781807864
0.0, 153.8011079590863
151.88918511927213, 1.9119228398141672
55.3572549149049, 96.53193020436723
0.0, 55.3572549149049
0.0, 55.3572549149049
106.34586264904449, 45.543322470227636
0.0, 106.34586264904449
75.70342969873283, 30.642432950311658
0.0, 75.70342969873283
0.0, 75.70342969873283
800.2738704786038, 123.90861566126887
112.23901898299594, 688.0348514956079
0.0, 112.23901898299594
0.0, 112.23901898299594
665.3883396017691, 134.88553087683476
0.0, 665.3883396017691
275.7277188345534, 389.6606207672157
50.60654151068212, 225.12117732387128
0.0, 50.60654151068212
0.0, 50.60654151068212
252.7094335266203, 23.0182853079331
0.0, 252.7094335266203
73.39820606100939, 179.3112274656109
0.0, 73.39820606100939
0.0, 73.39820606100939
1033.8424941406938, 1.037154169765472
306.10639191479623, 727.7361022258976
187.12551973464358, 118.98087218015266
0.0, 187.12551973464358
0.0, 187.12551973464358
218.67762130551642, 87.42877060927981
0.0, 218.67762130551642
0.0, 218.67762130551642
726.7139085746416, 307.12858556605227
0.0, 726.7139085746416
0.0, 726.7139085746416
1215.8646380042544, 85.3911375598027
0.0, 1215.8646380042544
1170.2125945929388, 45.65204341131562
580.514504510886, 589.6980900820528
0.0, 580.514504510886
347.0147842550468, 233.49972025583924
0.0, 347.0147842550468
344.50916756947777, 2.5056166855690094
12.532181460062434, 331.97698610941535
0.0, 12.532181460062434
0.0, 12.532181460062434
227.6448513982115, 116.86431617126627
0.0, 227.6448513982115
0.0, 227.6448513982115
1042.3398906738946, 127.87270391904417
1010.0668388359287, 32.27305183796591
957.8734528948893, 52.19338594103942
357.0821857714486, 600.7912671234407
134.68579675839018, 222.39638901305844
0.0, 134.68579675839018
0.0, 134.68579675839018
172.03140707021876, 185.05077870122986
0.0, 172.03140707021876
0.0, 172.03140707021876
482.50094357761344, 475.37250931727584
0.0, 482.50094357761344
56.43118228765849, 426.06976128995495
0.0, 56.43118228765849
49.28903996794159, 7.142142319716896
0.0, 49.28903996794159
0.0, 49.28903996794159
1007.1893864569153, 2.877452379013448
0.0, 1007.1893864569153
1005.445222919999, 1.7441635369162896
0.0, 1005.445222919999
532.886730919735, 472.558492000264
268.73597194039314, 264.15075897934184
23.83496211930262, 244.90100982109053
0.0, 23.83496211930262
15.783391332671863, 8.051570786630757
0.0, 15.783391332671863
12.528069907779658, 3.2553214248922053
0.0, 12.528069907779658
0.0, 12.528069907779658
145.35639657409132, 123.37957536630182
0.0, 145.35639657409132
93.8811722323576, 51.47522434173372
0.0, 93.8811722323576
0.0, 93.8811722323576
393.28254440554, 139.60418651419496
0.0, 393.28254440554
0.0, 393.28254440554
1032.7469068474459, 9.592983826448744
955.2148619410302, 77.53204490641565
0.0, 955.2148619410302
507.97932161684946, 447.23554032418076
0.0, 507.97932161684946
168.51407346024467, 339.4652481566048
0.0, 168.51407346024467
105.6023744970099, 62.91169896323477
0.0, 105.6023744970099
0.0, 105.6023744970099
1012.5129131131149, 20.233993734330966
121.93016344489305, 890.5827496682218
0.0, 121.93016344489305
0.0, 121.93016344489305
395.80159706004264, 616.7113160530723
120.60024638428277, 275.20135067575984
0.0, 120.60024638428277
73.51936133265856, 47.08088505162421
0.0, 73.51936133265856
36.30016306341481, 37.219198269243755
0.0, 36.30016306341481
7.437284746218163, 28.862878317196646
0.0, 7.437284746218163
0.0, 7.437284746218163
181.8812721790652, 213.92032488097743
0.0, 181.8812721790652
0.0, 181.8812721790652
2535.799205556045, 3405.314556684459
1928.3505651115563, 607.4486404444885
1182.85594218143, 745.4946229301263
1082.516921792527, 100.33902038890301
1004.3101363673383, 78.20678542518874
131.17386068418432, 873.1362756831539
0.0, 131.17386068418432
0.0, 131.17386068418432
1000.6525907928798, 3.6575455744584815
389.15261275842494, 611.4999780344549
8.566772323456416, 380.58584043496853
0.0, 8.566772323456416
0.0, 8.566772323456416
33.29031519513273, 355.8622975632922
0.0, 33.29031519513273
0.0, 33.29031519513273
603.9201875152262, 396.7324032776536
0.0, 603.9201875152262
318.89306281696406, 285.0271246982621
0.0, 318.89306281696406
188.55899828351428, 130.33406453344978
0.0, 188.55899828351428
34.86568863665768, 153.69330964685662
0.0, 34.86568863665768
7.132181699712301, 27.73350693694538
0.0, 7.132181699712301
0.7721511533810921, 6.360030546331209
0.0, 0.7721511533810921
0.0, 0.7721511533810921
1031.1140487818732, 51.40287301065382
1002.8664459544051, 28.247602827468086
0.0, 1002.8664459544051
722.3514762038405, 280.51496975056455
323.13194105421707, 399.2195351496235
78.75242556037583, 244.37951549384124
0.0, 78.75242556037583
0.0, 78.75242556037583
254.3797665448388, 68.75217450937828
0.0, 254.3797665448388
33.99773598171414, 220.38203056312466
0.0, 33.99773598171414
0.0, 33.99773598171414
362.56679542586636, 359.7846807779742
186.73089371525947, 175.8359017106069
128.1327261739161, 58.59816754134337
0.0, 128.1327261739161
0.0, 128.1327261739161
133.59252277629508, 53.138370938964385
0.0, 133.59252277629508
72.23065435204865, 61.36186842424644
0.0, 72.23065435204865
55.920526286890684, 16.31012806515796
0.0, 55.920526286890684
0.0, 55.920526286890684
330.36710546554, 32.19968996032634
96.05934582024015, 234.30775964529988
0.0, 96.05934582024015
57.63705606645896, 38.42228975378119
0.0, 57.63705606645896
26.963958740723562, 30.673097325735398
0.0, 26.963958740723562
0.0, 26.963958740723562
254.38977470331096, 75.97733076222906
61.086073525327365, 193.3037011779836
0.0, 61.086073525327365
0.34844157655573105, 60.737631948771636
0.0, 0.34844157655573105
0.0, 0.34844157655573105
87.7726102923395, 166.61716441097147
0.0, 87.7726102923395
38.82692134990633, 48.945688942433165
0.0, 38.82692134990633
22.960778150368697, 15.866143199537632
0.0, 22.960778150368697
0.0, 22.960778150368697
1009.8545249126978, 21.259523869175382
0.0, 1009.8545249126978
1004.8983290443132, 4.9561958683846115
15.698269785687183, 989.200059258626
0.0, 15.698269785687183
0.0, 15.698269785687183
75.21452891740877, 929.6838001269044
0.0, 75.21452891740877
0.0, 75.21452891740877
1172.938844141561, 9.91709803986896
1096.0644928172549, 76.87435132430619
1051.3040393213255, 44.76045349592937
74.42349486417113, 976.8805444571543
0.0, 74.42349486417113
0.0, 74.42349486417113
345.73420313336584, 705.5698361879597
0.0, 345.73420313336584
305.0513371800471, 40.68286595331875
0.0, 305.0513371800471
30.532741056530085, 274.518596123517
0.0, 30.532741056530085
0.0, 30.532741056530085
1086.5149152962783, 9.549577520976527
882.5989612552951, 203.91595404098325
0.0, 882.5989612552951
283.2326159321316, 599.3663453231635
0.0, 283.2326159321316
262.10330487477466, 21.129311057356915
30.74932978878514, 231.35397508598953
0.0, 30.74932978878514
0.0, 30.74932978878514
35.25893532557724, 226.84436954919744
0.0, 35.25893532557724
3.947426507475295, 31.311508818101945
0.0, 3.947426507475295
3.3964202843322115, 0.5510062231430837
0.0, 3.3964202843322115
0.0, 3.3964202843322115
1037.4213129878258, 49.093602308452546
117.01112589583562, 920.4101870919901
0.0, 117.01112589583562
57.719973812730224, 59.291152083105395
0.0, 57.719973812730224
0.0, 57.719973812730224
1033.403240682361, 4.018072305464784
1029.2625556223072, 4.140685060053784
473.9433144646682, 555.319241157639
0.0, 473.9433144646682
169.7595141886434, 304.18380027602484
35.0747158624142, 134.6847983262292
0.0, 35.0747158624142
0.0, 35.0747158624142
48.903893733789545, 120.85562045485386
0.0, 48.903893733789545
0.0, 48.903893733789545
1026.8063160992203, 2.4562395230868788
1014.7916352281426, 12.014680871077758
115.73502123138498, 899.0566139967576
0.0, 115.73502123138498
20.573140701523307, 95.16188052986166
0.0, 20.573140701523307
10.405681864222528, 10.16745883730078
0.0, 10.405681864222528
0.0, 10.405681864222528
986.912187526061, 27.87944770208162
146.56923265959506, 840.3429548664659
0.0, 146.56923265959506
0.0, 146.56923265959506
215.77202056083814, 771.1401669652228
98.95690851192366, 116.81511204891449
0.0, 98.95690851192366
0.0, 98.95690851192366
177.37822205757462, 38.393798503263525
0.0, 177.37822205757462
147.21049951419414, 30.167722543380478
0.0, 147.21049951419414
31.19375889163315, 116.01674062256099
0.0, 31.19375889163315
0.0, 31.19375889163315
1016.6585525831684, 10.147763516051896
94.14430222523296, 922.5142503579355
0.0, 94.14430222523296
42.02991577082255, 52.114386454410415
0.0, 42.02991577082255
0.0, 42.02991577082255
249.10565331664318, 767.5528992665253
0.0, 249.10565331664318
62.18193585818462, 186.92371745845855
0.0, 62.18193585818462
0.0, 62.18193585818462
1032.197490249776, 1.2057504325850914
1021.0254619865395, 11.17202826323637
796.6429665879185, 224.38249539862102
0.0, 796.6429665879185
124.93178539370484, 671.7111811942136
29.06033972468078, 95.87144566902407
0.0, 29.06033972468078
0.0, 29.06033972468078
76.80046259382664, 48.131322799878205
0.0, 76.80046259382664
0.0, 76.80046259382664
1015.5996511177214, 5.425810868818189
1001.8938825706206, 13.705768547100774
189.47267217015033, 812.4212104004703
0.0, 189.47267217015033
21.270772620381088, 168.20189954976925
0.0, 21.270772620381088
0.0, 21.270772620381088
701.2490601425523, 300.6448224280683
268.95468085554774, 432.2943792870045
176.40928970046593, 92.5453911550818
85.57376871512662, 90.83552098533931
0.0, 85.57376871512662
0.013835144645129487, 85.55993357048149
0.0, 0.013835144645129487
0.0, 0.013835144645129487
89.82340091120331, 86.58588878926263
0.0, 89.82340091120331
30.318719864283516, 59.50468104691979
0.0, 30.318719864283516
0.0, 30.318719864283516
263.247710780386, 5.706970075161735
0.0, 263.247710780386
36.40414366847088, 226.84356711191512
0.0, 36.40414366847088
0.0, 36.40414366847088
632.5758020625987, 68.6732580799536
276.48926192648383, 356.0865401361148
0.0, 276.48926192648383
33.939531945356684, 242.54972998112714
0.0, 33.939531945356684
0.0, 33.939531945356684
623.5684786929875, 9.007323369611186
136.7054832429736, 486.86299545001384
0.0, 136.7054832429736
74.26633760144895, 62.43914564152465
0.0, 74.26633760144895
30.127339286259293, 44.13899831518966
0.0, 30.127339286259293
29.338698965903315, 0.7886403203559773
0.0, 29.338698965903315
0.0, 29.338698965903315
408.59560714072836, 214.9728715522591
0.0, 408.59560714072836
66.78063585174044, 341.8149712889879
0.0, 66.78063585174044
0.0, 66.78063585174044
1005.0980763364865, 10.501574781234808
691.1303493563972, 313.9677269800893
60.73232923033911, 630.3980201260581
0.0, 60.73232923033911
0.0, 60.73232923033911
77.41996361153238, 613.7103857448649
0.0, 77.41996361153238
59.875947652737224, 17.544015958795157
0.0, 59.875947652737224
6.7442451442193185, 53.131702508517904
0.0, 6.7442451442193185
0.0, 6.7442451442193185
1003.2617509718921, 1.8363253645944724
0.0, 1003.2617509718921
656.4325958153115, 346.82915515658055
231.647842835702, 424.7847529796095
96.41843756745564, 135.22940526824635
23.354265553049622, 73.06417201440601
0.0, 23.354265553049622
0.0, 23.354265553049622
42.33598732650873, 54.08245024094691
0.0, 42.33598732650873
0.0, 42.33598732650873
170.77452291650224, 60.87331991919976
0.0, 170.77452291650224
0.0, 170.77452291650224
315.6891420231106, 340.7434537922009
0.0, 315.6891420231106
119.56831736057912, 196.1208246625315
0.0, 119.56831736057912
103.11371337633325, 16.454603984245864
0.0, 103.11371337633325
32.646929736052755, 70.4667836402805
0.0, 32.646929736052755
0.7973952613250076, 31.849534474727747
0.0, 0.7973952613250076
0.0, 0.7973952613250076
1023.9546766389864, 8.24281361078954
524.8915834612194, 499.063093177767
107.6097350723982, 417.28184838882123
26.14917470909094, 81.46056036330725
0.0, 26.14917470909094
0.0, 26.14917470909094
94.2481539267406, 13.361581145657595
0.0, 94.2481539267406
0.0, 94.2481539267406
250.06228855927037, 274.829294901949
0.0, 250.06228855927037
99.74015683912874, 150.3221317201416
0.0, 99.74015683912874
0.0, 99.74015683912874
530.9581495131796, 492.9965271258068
56.43938063093621, 474.51876888224336
0.0, 56.43938063093621
0.0, 56.43938063093621
238.51344543621113, 292.4447040769685
60.06131856226581, 178.4521268739453
0.0, 60.06131856226581
0.0, 60.06131856226581
153.4762788036721, 85.03716663253903
0.0, 153.4762788036721
127.77724634602781, 25.699032457644293
0.0, 127.77724634602781
0.0, 127.77724634602781
1097.4426383512896, 75.49620579027146
693.466721352867, 403.9759169984226
0.0, 693.466721352867
109.02518489988641, 584.4415364529806
0.0, 109.02518489988641
0.0, 109.02518489988641
1056.4253514682553, 41.01728688303433
0.0, 1056.4253514682553
1028.855966864349, 27.5693846039062
1006.361943120766, 22.494023743583057
77.32641092647475, 929.0355321942912
0.0, 77.32641092647475
52.78661764805333, 24.53979327842142
0.0, 52.78661764805333
0.0, 52.78661764805333
1003.6441275104829, 2.7178156102830826
0.0, 1003.6441275104829
925.8619216961831, 77.7822058142998
478.2260164804841, 447.63590521569904
0.0, 478.2260164804841
447.8777576910032, 30.348258789480894
0.0, 447.8777576910032
9.406971796085502, 438.4707858949177
0.0, 9.406971796085502
9.276528532992756, 0.13044326309274545
0.0, 9.276528532992756
0.0, 9.276528532992756
846.2168113251688, 79.64511037101431
310.68570692762404, 535.5311043975448
12.27355059646395, 298.4121563311601
0.0, 12.27355059646395
0.0, 12.27355059646395
196.70495555212847, 113.98075137549557
0.0, 196.70495555212847
96.10803104122401, 100.59692451090446
0.0, 96.10803104122401
0.0, 96.10803104122401
835.6873173600044, 10.52949396516442
0.0, 835.6873173600044
0.0, 835.6873173600044
1028.4403167168457, 0.4156501475033565
556.1250616373195, 472.3152550795262
0.0, 556.1250616373195
375.5451116787469, 180.57994995857263
0.0, 375.5451116787469
141.52664483123738, 234.0184668475095
40.48654367933461, 101.04010115190277
0.0, 40.48654367933461
0.0, 40.48654367933461
95.70889709865311, 45.817747732584266
0.0, 95.70889709865311
24.112643010772075, 71.59625408788104
0.0, 24.112643010772075
0.0, 24.112643010772075
1028.3859210491025, 0.05439566774316518
1021.6742271304172, 6.7116939186853415
801.0941671767615, 220.58005995365568
0.0, 801.0941671767615
706.8732849491483, 94.22088222761317
0.0, 706.8732849491483
595.8341343813363, 111.03915056781204
328.81032962263714, 267.02380475869916
0.0, 328.81032962263714
249.77015516531029, 79.04017445732686
0.0, 249.77015516531029
101.29793860619063, 148.47221655911966
0.0, 101.29793860619063
0.0, 101.29793860619063
351.7081627950407, 244.12597158629558
0.0, 351.7081627950407
310.45246106580987, 41.25570172923085
0.0, 310.45246106580987
192.32588492331408, 118.1265761424958
0.0, 192.32588492331408
0.0, 192.32588492331408
1001.7284966032311, 19.94573052718613
28.84202167167354, 972.8864749315575
0.0, 28.84202167167354
0.0, 28.84202167167354
50.334869558920396, 951.3936270443106
0.0, 50.334869558920396
0.0, 50.334869558920396
1023.1550929566962, 5.230828092406341
0.0, 1023.1550929566962
1015.6131491759681, 7.541943780728047
55.81521311304316, 959.797936062925
0.0, 55.81521311304316
0.0, 55.81521311304316
421.1195943279072, 594.493554848061
95.10038764790401, 326.01920668000315
0.0, 95.10038764790401
43.1539099199714, 51.94647772793262
0.0, 43.1539099199714
2.173799924940162, 40.980109995031235
0.0, 2.173799924940162
0.0, 2.173799924940162
293.41905517960714, 127.70053914830004
0.0, 293.41905517960714
0.0, 293.41905517960714
1272.7127034927425, 655.6378616188138
1014.7812320704479, 257.93147142229463
166.53772082566996, 848.2435112447779
0.0, 166.53772082566996
104.51727464429905, 62.020446181370914
0.0, 104.51727464429905
5.512686269044956, 99.00458837525409
0.0, 5.512686269044956
0.0, 5.512686269044956
1001.6685087537948, 13.11272331665316
0.0, 1001.6685087537948
1001.3350291953002, 0.33347955849455957
777.0184810817499, 224.3165481135503
0.0, 777.0184810817499
621.0081896517178, 156.0102914300321
0.0, 621.0081896517178
175.68556868415217, 445.3226209675656
0.0, 175.68556868415217
77.12748492002908, 98.5580837641231
0.0, 77.12748492002908
0.0, 77.12748492002908
991.6468668924533, 9.688162302846877
0.0, 991.6468668924533
22.8087394147511, 968.8381274777022
0.0, 22.8087394147511
0.0, 22.8087394147511
1149.3206722050122, 123.39203128773033
1030.2642986076503, 119.05637359736193
0.0, 1030.2642986076503
1016.3829020714123, 13.881396536237958
432.7437477030893, 583.639154368323
13.514600739204337, 419.22914696388494
0.0, 13.514600739204337
0.0, 13.514600739204337
337.93270108558437, 94.81104661750493
35.17762940657497, 302.7550716790094
0.0, 35.17762940657497
0.0, 35.17762940657497
246.79327498896234, 91.13942609662203
0.0, 246.79327498896234
65.67910333034366, 181.11417165861866
0.0, 65.67910333034366
18.31420303964236, 47.3649002907013
0.0, 18.31420303964236
0.0, 18.31420303964236
1012.9236878277547, 3.459214243657584
1004.0080455159826, 8.915642311772103
81.16950779113617, 922.8385377248464
0.0, 81.16950779113617
42.04903900741519, 39.12046878372098
0.0, 42.04903900741519
7.770133917396316, 34.278905090018874
0.0, 7.770133917396316
0.0, 7.770133917396316
84.24860550546674, 919.7594400105158
0.0, 84.24860550546674
36.93892068480363, 47.309684820663115
0.0, 36.93892068480363
0.0, 36.93892068480363
1010.7906757741362, 2.133012053618586
749.5368260532184, 261.25384972091774
0.0, 749.5368260532184
667.3326949683851, 82.2041310848333
526.9964569514634, 140.3362380169217
85.27258365799403, 441.7238732934694
0.0, 85.27258365799403
0.0, 85.27258365799403
317.74025259152575, 209.25620435993767
0.0, 317.74025259152575
27.650780123950717, 290.08947246757504
0.0, 27.650780123950717
0.0, 27.650780123950717
549.5251515415109, 117.80754342687419
99.89860602508557, 449.6265455164254
0.0, 99.89860602508557
0.0, 99.89860602508557
450.86093671037395, 98.66421483113697
0.0, 450.86093671037395
45.04686704950905, 405.8140696608649
0.0, 45.04686704950905
0.0, 45.04686704950905
1006.0310312970273, 4.75964447710885
278.0424853842126, 727.9885459128147
0.0, 278.0424853842126
238.3516026071407, 39.69088277707192
0.0, 238.3516026071407
72.14513719850753, 166.20646540863316
0.0, 72.14513719850753
21.926089587867434, 50.21904761064009
0.0, 21.926089587867434
2.1943807967850364, 19.731708791082397
0.0, 2.1943807967850364
0.0, 2.1943807967850364
989.7584440217113, 16.272587275316027
57.933085869865344, 931.825358151846
0.0, 57.933085869865344
0.0, 57.933085869865344
649.8371331280795, 339.9213108936318
10.016241299868145, 639.8208918282113
0.0, 10.016241299868145
0.0, 10.016241299868145
304.47683933863755, 345.3602937894419
0.0, 304.47683933863755
303.195666108165, 1.2811732304725183
0.0, 303.195666108165
0.0, 303.195666108165
1132.8899367608033, 16.43073544420895
1076.4435046980118, 56.44643206279147
1026.7485390038312, 49.69496569418061
183.7110735236139, 843.0374654802173
0.0, 183.7110735236139
168.84784549222815, 14.863228031385745
0.0, 168.84784549222815
16.18286919023832, 152.66497630198984
0.0, 16.18286919023832
0.0, 16.18286919023832
1013.3629285424157, 13.385610461415467
1003.0469827495293, 10.315945792886396
0.0, 1003.0469827495293
1000.6775210845642, 2.3694616649651152
183.069323933699, 817.6081971508652
0.0, 183.069323933699
38.433517568862904, 144.6358063648361
0.0, 38.433517568862904
0.0, 38.433517568862904
235.4842539518859, 765.1932671326783
0.0, 235.4842539518859
182.0488655776766, 53.43538837420931
44.60269633592478, 137.44616924175182
0.0, 44.60269633592478
0.0, 44.60269633592478
119.51401162847185, 62.534853949204745
0.0, 119.51401162847185
101.15939025404562, 18.35462137442623
0.0, 101.15939025404562
0.0, 101.15939025404562
1007.9469005454382, 5.416027996977505
287.6166167984117, 720.3302837470264
29.635143858089705, 257.981472940322
0.0, 29.635143858089705
0.0, 29.635143858089705
95.92536747067768, 191.69124932773403
0.0, 95.92536747067768
0.0, 95.92536747067768
656.0962493630635, 351.8506511823747
0.0, 656.0962493630635
444.102244550604, 211.99400481245954
0.0, 444.102244550604
402.16260616577404, 41.93963838482995
2.084185524757478, 400.0784206410166
0.0, 2.084185524757478
0.0, 2.084185524757478
390.2434047061374, 11.91920145963661
73.71352551053297, 316.52987919560445
0.0, 73.71352551053297
0.0, 73.71352551053297
348.58610126548444, 41.65730344065298
0.0, 348.58610126548444
192.53229031635684, 156.0538109491276
22.909616873718765, 169.62267344263807
0.0, 22.909616873718765
0.0, 22.909616873718765
34.65572130039475, 157.87656901596208
0.0, 34.65572130039475
0.0, 34.65572130039475
1038.6986246110775, 37.744880086934245
615.1113278043633, 423.5872968067142
172.4659660264127, 442.6453617779506
55.14313951474478, 117.32282651166793
0.0, 55.14313951474478
0.0, 55.14313951474478
59.39304593687567, 113.07292008953704
0.0, 59.39304593687567
0.0, 59.39304593687567
521.5621202478736, 93.5492075564897
0.0, 521.5621202478736
450.9198352978053, 70.6422849500683
0.0, 450.9198352978053
63.45579160354109, 387.4640436942642
0.0, 63.45579160354109
0.0, 63.45579160354109
1012.3375327560835, 26.361091854994015
244.46391415809288, 767.8736185979907
0.0, 244.46391415809288
0.0, 244.46391415809288
368.5732407767364, 643.7642919793471
0.0, 368.5732407767364
115.56739792997121, 253.00584284676518
0.0, 115.56739792997121
0.0, 115.56739792997121
1118.4498329306916, 14.440103830111639
1023.0225823224107, 95.42725060828093
0.0, 1023.0225823224107
1002.9702782342088, 20.052304088201936
57.158802349798314, 945.8114758844105
0.0, 57.158802349798314
38.095016138855726, 19.063786210942588
0.0, 38.095016138855726
3.0347409072616895, 35.060275231594034
0.0, 3.0347409072616895
0.0, 3.0347409072616895
154.4771124382866, 848.4931657959221
0.0, 154.4771124382866
0.0, 154.4771124382866
1074.0189052278615, 44.430927702830104
991.397550962279, 82.62135426558257
515.5657899161098, 475.83176104616916
92.3758590732493, 423.18993084286046
0.0, 92.3758590732493
83.78687726028005, 8.588981812969251
0.0, 83.78687726028005
0.0, 83.78687726028005
505.51328596069123, 10.052503955418558
54.51582729523503, 450.9974586654562
0.0, 54.51582729523503
11.725990939885802, 42.78983635534922
0.0, 11.725990939885802
0.0, 11.725990939885802
238.11104829053048, 267.40223767016073
0.0, 238.11104829053048
0.0, 238.11104829053048
908.0519391724652, 83.3456117898138
0.0, 908.0519391724652
274.52565079849995, 633.5262883739651
225.00625989194464, 49.519390906555316
98.2170632848671, 126.78919660707754
0.0, 98.2170632848671
0.0, 98.2170632848671
183.93295737816766, 41.07330251377698
49.82464485990648, 134.1083125182612
0.0, 49.82464485990648
22.80243176772067, 27.022213092185808
0.0, 22.80243176772067
15.671309115025783, 7.131122652694886
0.0, 15.671309115025783
0.0, 15.671309115025783
72.60169271251492, 111.33126466565274
0.0, 72.60169271251492
0.0, 72.60169271251492
225.45993933675805, 49.0657114617419
0.0, 225.45993933675805
175.52389104007494, 49.93604829668311
0.0, 175.52389104007494
0.0, 175.52389104007494
1010.2036826264027, 63.8152226014588
450.50447963761917, 559.6992029887836
125.61445409796971, 324.89002553964946
114.16470095253116, 11.44975314543855
0.0, 114.16470095253116
0.0, 114.16470095253116
121.90647563155522, 3.707978466414488
0.0, 121.90647563155522
75.87489423739994, 46.03158139415528
0.0, 75.87489423739994
0.0, 75.87489423739994
186.89913683262216, 263.605342804997
0.0, 186.89913683262216
138.70359531665858, 48.19554151596358
0.0, 138.70359531665858
0.0, 138.70359531665858
1007.5247035287312, 2.678979097671572
0.0, 1007.5247035287312
0.0, 1007.5247035287312
2386.4955018484407, 149.3037037076042
1144.8449314717413, 1241.6505703766993
75.24208946669991, 1069.6028420050413
0.0, 75.24208946669991
18.930060755684618, 56.31202871101529
0.0, 18.930060755684618
0.0, 18.930060755684618
1037.1058681236061, 107.73906334813523
139.91739168513706, 897.188476438469
0.0, 139.91739168513706
0.0, 139.91739168513706
1025.4594363969431, 11.646431726662968
819.8317061215421, 205.62773027540106
0.0, 819.8317061215421
689.7074138667107, 130.1242922548314
78.97538743648359, 610.732026430227
0.0, 78.97538743648359
0.0, 78.97538743648359
639.4798533665638, 50.227560500146865
0.0, 639.4798533665638
476.40373402318664, 163.07611934337717
0.0, 476.40373402318664
62.00980456107635, 414.3939294621103
0.0, 62.00980456107635
0.0, 62.00980456107635
1016.8389718144058, 8.620464582537352
1002.9465979198676, 13.892373894538196
876.8376381219391, 126.10895979792849
84.9397746797122, 791.8978634422269
0.0, 84.9397746797122
0.0, 84.9397746797122
718.1920396920834, 158.64559842985568
394.465659687195, 323.7263800048884
0.0, 394.465659687195
272.7880637726513, 121.6775959145437
0.0, 272.7880637726513
0.0, 272.7880637726513
655.5538965072684, 62.63814318481502
22.212324508914456, 633.341571998354
0.0, 22.212324508914456
0.0, 22.212324508914456
153.24243007082478, 502.31146643644365
0.0, 153.24243007082478
0.8191843586537969, 152.423245712171
0.0, 0.8191843586537969
0.0, 0.8191843586537969
956.4666303911042, 46.47996752876338
483.7431801690922, 472.723450222012
103.34575120176203, 380.3974289673302
25.33099445497135, 78.01475674679068
0.0, 25.33099445497135
0.0, 25.33099445497135
82.68185526253163, 20.6638959392304
0.0, 82.68185526253163
0.0, 82.68185526253163
315.3319182594477, 168.4112619096445
0.0, 315.3319182594477
177.84289613911446, 137.48902212033326
0.0, 177.84289613911446
40.105528035216594, 137.73736810389786
0.0, 40.105528035216594
10.996587122034056, 29.108940913182536
0.0, 10.996587122034056
10.760670165833382, 0.23591695620067377
0.0, 10.760670165833382
0.0, 10.760670165833382
836.8999811730984, 119.56664921800586
32.37282794659434, 804.527153226504
17.900017535111367, 14.472810411482975
0.0, 17.900017535111367
0.0, 17.900017535111367
24.558221739323685, 7.814606207270657
0.0, 24.558221739323685
0.0, 24.558221739323685
660.5881093252633, 176.31187184783505
99.47449414614262, 561.1136151791206
0.0, 99.47449414614262
16.042891850838725, 83.43160229530389
0.0, 16.042891850838725
0.0, 16.042891850838725
627.7806282570967, 32.80748106816657
42.25363604824279, 585.5269922088539
0.0, 42.25363604824279
0.0, 42.25363604824279
362.5013435115181, 265.27928474557865
195.10339425553147, 167.39794925598662
0.0, 195.10339425553147
0.0, 195.10339425553147
257.127365547188, 105.3739779643301
0.0, 257.127365547188
29.04058713589152, 228.08677841129648
0.0, 29.04058713589152
0.0, 29.04058713589152
1011.5946583459173, 5.244313468488485
1004.2410752405134, 7.353583105403914
441.673673556343, 562.5674016841704
0.0, 441.673673556343
0.0, 441.673673556343
982.8294036232151, 21.41167161729834
627.2603450598539, 355.5690585633612
333.7863572635819, 293.47398779627196
76.01755253175178, 257.76880473183013
0.0, 76.01755253175178
0.0, 76.01755253175178
226.89961153765864, 106.88674572592328
0.0, 226.89961153765864
47.85542185369001, 179.04418968396863
0.0, 47.85542185369001
0.0, 47.85542185369001
443.6037235653689, 183.65662149448497
150.20883079697734, 293.39489276839157
0.0, 150.20883079697734
130.94153056870857, 19.267300228268766
104.97960206442704, 25.96192850428153
84.9282548427178, 20.051347221709236
0.0, 84.9282548427178
82.00740192152095, 2.920852921196854
0.0, 82.00740192152095
66.11269344496114, 15.894708476559813
0.0, 66.11269344496114
0.0, 66.11269344496114
103.46011657802718, 1.5194854863998586
0.0, 103.46011657802718
97.1548794351962, 6.30523714283099
0.0, 97.1548794351962
0.0, 97.1548794351962
111.48792053066983, 19.453610038038747
0.0, 111.48792053066983
0.0, 111.48792053066983
423.17501242868764, 20.428711136681272
0.0, 423.17501242868764
0.0, 423.17501242868764
856.6953508199243, 126.13405280329073
537.8642475275576, 318.8311032923667
107.1606991256517, 430.7035484019059
0.0, 107.1606991256517
88.05377529258789, 19.106923833063817
0.0, 88.05377529258789
0.0, 88.05377529258789
497.93657842533827, 39.92766910221934
215.1806156123872, 282.7559628129511
25.02094621095744, 190.15966940142974
0.0, 25.02094621095744
0.0, 25.02094621095744
131.58870187298714, 83.59191373940004
0.0, 131.58870187298714
43.94615785199502, 87.64254402099212
0.0, 43.94615785199502
0.0, 43.94615785199502
250.09516212102344, 247.84141630431483
0.0, 250.09516212102344
98.09888182337124, 151.9962802976522
0.0, 98.09888182337124
16.886146402051036, 81.2127354213202
0.0, 16.886146402051036
0.0, 16.886146402051036
794.9385832867232, 61.75676753320113
0.0, 794.9385832867232
171.39244934424872, 623.5461339424745
0.0, 171.39244934424872
62.429279574163836, 108.96316977008487
10.8491289610244, 51.58015061313944
0.0, 10.8491289610244
0.0, 10.8491289610244
36.76272167314512, 25.666557901018713
0.0, 36.76272167314512
0.0, 36.76272167314512
1010.8530843975053, 0.7415739484119968
1003.651838494917, 7.201245902588312
0.0, 1003.651838494917
853.6499122396104, 150.00192625530656
191.48614257476862, 662.1637696648418
0.0, 191.48614257476862
121.37239218295981, 70.11375039180881
0.0, 121.37239218295981
0.0, 121.37239218295981
473.3906761899499, 380.25923604966056
213.04471329407625, 260.34596289587364
135.75537181570246, 77.28934147837379
0.0, 135.75537181570246
0.0, 135.75537181570246
141.03944670682873, 72.00526658724752
0.0, 141.03944670682873
0.0, 141.03944670682873
437.72266041381397, 35.66801577613592
0.0, 437.72266041381397
214.0302435806393, 223.69241683317466
0.0, 214.0302435806393
5.795071878057558, 208.23517170258174
0.0, 5.795071878057558
0.0, 5.795071878057558
1007.720921635729, 3.1321627617762715
0.0, 1007.720921635729
1002.9492579072771, 4.7716637284519265
786.1306831139018, 216.81857479337532
348.98185042417055, 437.14883268973125
177.6973802798335, 171.28447014433704
0.0, 177.6973802798335
155.18039579241642, 22.51698448741709
3.629461559388746, 151.55093423302768
0.0, 3.629461559388746
0.0, 3.629461559388746
53.48049095365016, 101.69990483876626
0.0, 53.48049095365016
0.0, 53.48049095365016
331.5756244898612, 17.40622593430936
0.0, 331.5756244898612
14.788211933609881, 316.7874125562513
0.0, 14.788211933609881
0.0, 14.788211933609881
392.07273970516496, 394.05794340873683
0.0, 392.07273970516496
197.0161166873152, 195.05662301784977
0.0, 197.0161166873152
0.0, 197.0161166873152
937.2921101928213, 65.65714771445585
290.0244460444242, 647.267664148397
0.0, 290.0244460444242
279.3170413584493, 10.70740468597495
0.0, 279.3170413584493
219.00130917370652, 60.31573218474276
74.33093057396114, 144.6703785997454
57.91104105493061, 16.419889519030534
0.0, 57.91104105493061
0.0, 57.91104105493061
63.549454076123396, 10.781476497837744
0.0, 63.549454076123396
0.0, 63.549454076123396
109.34671083377825, 109.65459833992827
0.0, 109.34671083377825
0.0, 109.34671083377825
615.2948344499632, 321.99727574285805
0.0, 615.2948344499632
0.0, 615.2948344499632
1887.294240056701, 499.2012617917396
1244.3356319223178, 642.9586081343832
1189.089580852426, 55.24605106989179
153.54102384936303, 1035.548557003063
0.0, 153.54102384936303
0.0, 153.54102384936303
1049.8900153977181, 139.1995654547079
1024.2652827541372, 25.624732643580955
0.0, 1024.2652827541372
34.55501649511988, 989.7102662590173
0.0, 34.55501649511988
0.0, 34.55501649511988
1029.7559336453633, 20.13408175235486
981.3757070569238, 48.38022658843943
113.56482216136776, 867.8108848955561
0.0, 113.56482216136776
0.0, 113.56482216136776
699.3904858004448, 281.985221256479
172.61879665746304, 526.7716891429818
0.0, 172.61879665746304
115.45004084228387, 57.16875581517917
0.0, 115.45004084228387
20.570301022981987, 94.87973981930188
0.0, 20.570301022981987
0.0, 20.570301022981987
550.1814613141246, 149.20902448632023
0.0, 550.1814613141246
258.80938732294857, 291.372073991176
202.2812855452315, 56.52810177771707
0.0, 202.2812855452315
86.44595993132246, 115.83532561390903
0.0, 86.44595993132246
0.0, 86.44595993132246
211.02924870345817, 47.7801386194904
1.0067290864889036, 210.02251961696925
0.0, 1.0067290864889036
0.0, 1.0067290864889036
79.63334268826353, 131.39590601519464
0.0, 79.63334268826353
0.0, 79.63334268826353
1005.7498703501456, 24.0060632952177
17.904924518610187, 987.8449458315354
0.0, 17.904924518610187
17.69413975937273, 0.21078475923745543
0.0, 17.69413975937273
14.915814714063503, 2.778325045309229
0.0, 14.915814714063503
0.0, 14.915814714063503
208.61522814116523, 797.1346422089803
8.737569466418112, 199.87765867474712
0.0, 8.737569466418112
0.0, 8.737569466418112
147.27489009376325, 61.340338047401985
0.0, 147.27489009376325
107.2279765186023, 40.04691357516094
0.0, 107.2279765186023
45.78941191184504, 61.43856460675726
0.0, 45.78941191184504
0.0, 45.78941191184504
1232.3850408006492, 11.950591121668594
1077.550120074738, 154.83492072591116
1054.9541482473935, 22.595971827344556
276.4145866355892, 778.5395616118043
0.0, 276.4145866355892
198.1629848113918, 78.25160182419742
0.0, 198.1629848113918
0.0, 198.1629848113918
1012.1935871719071, 42.76056107548641
1006.5934037037446, 5.600183468162527
413.53687172610785, 593.0565319776367
249.55561174153644, 163.9812599845714
0.0, 249.55561174153644
31.580378964244925, 217.97523277729152
0.0, 31.580378964244925
1.830780161128808, 29.74959880311612
0.0, 1.830780161128808
0.0, 1.830780161128808
367.7143569365849, 45.82251478952293
130.13911825078358, 237.57523868580134
34.820489447821075, 95.31862880296251
0.0, 34.820489447821075
0.0, 34.820489447821075
53.646252661517906, 76.49286558926568
0.0, 53.646252661517906
10.362493249995397, 43.28375941152251
0.0, 10.362493249995397
0.0, 10.362493249995397
221.46342003818998, 146.25093689839494
0.0, 221.46342003818998
0.0, 221.46342003818998
512.8532861392845, 493.7401175644601
0.0, 512.8532861392845
0.0, 512.8532861392845
1008.5718192558594, 3.621767916047702
276.94391587090666, 731.6279033849528
143.53733002694108, 133.4065858439656
0.0, 143.53733002694108
26.89884772309554, 116.63848230384554
0.0, 26.89884772309554
0.0, 26.89884772309554
270.8750069065646, 6.068908964342086
193.19685256634918, 77.6781543402154
35.865599533980664, 157.33125303236852
0.0, 35.865599533980664
0.0, 35.865599533980664
56.216941943523636, 136.97991062282554
0.0, 56.216941943523636
0.0, 56.216941943523636
228.22482559103852, 42.650181315526055
0.0, 228.22482559103852
0.0, 228.22482559103852
1001.4674220063134, 7.104397249545968
0.0, 1001.4674220063134
306.90626429388413, 694.5611577124293
0.0, 306.90626429388413
36.23410451676396, 270.67215977712016
0.0, 36.23410451676396
0.0, 36.23410451676396
1070.7328713662491, 6.817248708488933
1000.4672428707125, 70.26562849553659
22.058835566425813, 978.4084073042867
0.0, 22.058835566425813
20.793654528552874, 1.2651810378729387
0.0, 20.793654528552874
0.0, 20.793654528552874
590.3364326029614, 410.13081026775114
85.55493737549669, 504.7814952274647
0.0, 85.55493737549669
63.11584816626484, 22.439089209231852
0.0, 63.11584816626484
0.0, 63.11584816626484
504.2378195013855, 86.09861310157589
0.0, 504.2378195013855
494.1609228999402, 10.076896601445299
0.0, 494.1609228999402
0.0, 494.1609228999402
1067.3391624268777, 3.393708939371436
0.0, 1067.3391624268777
1055.0909428234522, 12.248219603425468
316.8174677125347, 738.2734751109175
0.0, 316.8174677125347
0.0, 316.8174677125347
1034.7288941174302, 20.36204870602205
874.3793778130135, 160.34951630441662
209.16702175162175, 665.2123560613918
0.0, 209.16702175162175
30.989346286366263, 178.17767546525548
0.0, 30.989346286366263
28.939184440679323, 2.05016184568694
0.0, 28.939184440679323
0.0, 28.939184440679323
212.1123247199575, 662.267053093056
0.0, 212.1123247199575
0.0, 212.1123247199575
1018.8342567581562, 15.89463735927393
0.0, 1018.8342567581562
1012.1836488006693, 6.6506079574869545
333.1083830319169, 679.0752657687524
128.05597203847506, 205.05241099344184
0.0, 128.05597203847506
85.8539475010072, 42.202024537467864
0.0, 85.8539475010072
73.83724385146199, 12.016703649545207
0.0, 73.83724385146199
46.094570582801886, 27.742673268660106
0.0, 46.094570582801886
0.0, 46.094570582801886
197.4713726991739, 135.637010332743
59.776277179606005, 137.6950955195679
0.0, 59.776277179606005
34.111968769570645, 25.66430841003536
0.0, 34.111968769570645
0.0, 34.111968769570645
162.79243339552758, 34.67893930364633
0.0, 162.79243339552758
27.156243085214808, 135.63619031031277
0.0, 27.156243085214808
0.0, 27.156243085214808
607.807768574985, 404.37588022568434
405.3834897782206, 202.42427879676433
337.57173586614584, 67.81175391207478
0.0, 337.57173586614584
241.56865399665122, 96.00308186949462
0.0, 241.56865399665122
96.08691382095385, 145.48174017569738
0.0, 96.08691382095385
0.0, 96.08691382095385
382.1239646083095, 23.259525169911115
180.54977896381234, 201.57418564449716
0.0, 180.54977896381234
0.0, 180.54977896381234
379.1173768945987, 3.0065877137108146
12.283683842699022, 366.8336930518997
0.0, 12.283683842699022
0.0, 12.283683842699022
195.39630404688057, 183.72107284771812
0.0, 195.39630404688057
182.47451060576876, 12.921793441111816
0.0, 182.47451060576876
0.0, 182.47451060576876
453.8218792832933, 153.98588929169165
146.9117449957893, 306.910134287504
0.0, 146.9117449957893
134.11436516903507, 12.797379826754224
0.0, 134.11436516903507
64.36340787319162, 69.75095729584345
0.0, 64.36340787319162
0.0, 64.36340787319162
374.684324026658, 79.13755525663532
0.0, 374.684324026658
0.0, 374.684324026658
1139.7173215176977, 92.66771928295157
74.76789164662549, 1064.9494298710722
0.0, 74.76789164662549
0.0, 74.76789164662549
1022.3216211177853, 117.39570039991236
1010.545724050029, 11.775897067756318
0.0, 1010.545724050029
1001.5917688965707, 8.95395515345831
0.0, 1001.5917688965707
82.22580132740048, 919.3659675691702
0.0, 82.22580132740048
75.9195401560163, 6.306261171384179
0.0, 75.9195401560163
36.20600731205964, 39.713532843956656
0.0, 36.20600731205964
0.0, 36.20600731205964
1011.6916208346935, 10.630000283091817
179.29244088984913, 832.3991799448444
0.0, 179.29244088984913
147.44532031029948, 31.847120579549653
0.0, 147.44532031029948
124.36783649064823, 23.07748381965125
0.0, 124.36783649064823
9.013343271976119, 115.3544932186721
0.0, 9.013343271976119
0.0, 9.013343271976119
543.9830286737192, 467.70859216097426
0.0, 543.9830286737192
355.5715094245901, 188.41151924912913
0.0, 355.5715094245901
0.0, 355.5715094245901
1285.3178203558123, 601.9764197008888
1043.9618588672402, 241.35596148857212
0.0, 1043.9618588672402
1042.5132378460044, 1.4486210212357946
798.3203951520745, 244.19284269392983
196.9388473812651, 601.3815477708094
0.0, 196.9388473812651
29.451510840116054, 167.48733654114906
0.0, 29.451510840116054
0.0, 29.451510840116054
455.6182558966689, 342.7021392554056
0.0, 455.6182558966689
365.33299251136157, 90.28526338530736
0.0, 365.33299251136157
180.1892106709649, 185.14378184039666
0.0, 180.1892106709649
16.371833563127513, 163.8173771078374
0.0, 16.371833563127513
10.086244878435814, 6.2855886846916995
0.0, 10.086244878435814
0.0, 10.086244878435814
1017.0661940666595, 25.44704377934488
920.2874462005676, 96.77874786609186
587.2441814088727, 333.0432647916949
199.24815217037232, 387.99602923850034
0.0, 199.24815217037232
0.0, 199.24815217037232
437.47056292394853, 149.77361848492416
0.0, 437.47056292394853
314.79258692309605, 122.67797600085248
144.83672872649927, 169.95585819659678
0.0, 144.83672872649927
0.0, 144.83672872649927
249.26237402364302, 65.53021289945303
0.0, 249.26237402364302
78.30599190200148, 170.95638212164152
0.0, 78.30599190200148
0.0, 78.30599190200148
745.713080848316, 174.57436535225156
0.0, 745.713080848316
385.42307005007865, 360.2900107982374
0.0, 385.42307005007865
128.8098606303613, 256.61320941971735
0.0, 128.8098606303613
70.32297892395168, 58.48688170640962
0.0, 70.32297892395168
0.0, 70.32297892395168
1005.5005095614556, 11.565684505203876
57.39057736529979, 948.1099321961558
0.0, 57.39057736529979
0.0, 57.39057736529979
440.46045864341164, 565.040050918044
0.0, 440.46045864341164
173.37411385460197, 267.0863447888097
0.0, 173.37411385460197
132.9934770025081, 40.380636852093886
0.0, 132.9934770025081
0.0, 132.9934770025081
1258.291347608488, 27.026472747324306
1118.073630666459, 140.21771694202903
1033.1969336642012, 84.87669700225774
608.9096774647159, 424.28725619948534
0.0, 608.9096774647159
178.5802997876968, 430.32937767701907
29.661177665714, 148.91912212198278
10.321533108264083, 19.339644557449915
0.0, 10.321533108264083
0.0, 10.321533108264083
13.658343034700954, 16.002834631013044
0.0, 13.658343034700954
0.0, 13.658343034700954
124.94261863558266, 53.637681152114126
0.0, 124.94261863558266
0.0, 124.94261863558266
995.3939171426066, 37.8030165215946
0.0, 995.3939171426066
378.18393100015686, 617.2099861424497
0.0, 378.18393100015686
342.92637788048347, 35.25755311967339
122.56636644186487, 220.36001143861859
0.0, 122.56636644186487
17.987309035221, 104.57905740664387
0.0, 17.987309035221
0.0, 17.987309035221
161.5483623745507, 181.37801550593278
0.0, 161.5483623745507
91.5137806153433, 70.0345817592074
0.0, 91.5137806153433
0.0, 91.5137806153433
1074.8281654535904, 43.24546521286857
0.0, 1074.8281654535904
1008.2061879245574, 66.62197752903296
400.1760382451351, 608.0301496794223
124.01868098716145, 276.1573572579737
0.0, 124.01868098716145
0.0, 124.01868098716145
153.1432393937936, 247.03279885134148
0.0, 153.1432393937936
106.82224300357309, 46.320996390220515
0.0, 106.82224300357309
0.0, 106.82224300357309
634.9718996285275, 373.23428829602994
0.0, 634.9718996285275
187.42220656872897, 447.5496930597985
0.0, 187.42220656872897
105.38863983796693, 82.03356673076203
22.93071882087515, 82.45792101709179
0.0, 22.93071882087515
5.625545757250449, 17.3051730636247
0.0, 5.625545757250449
0.0, 5.625545757250449
42.71766869102291, 62.67097114694403
0.0, 42.71766869102291
0.0, 42.71766869102291
1133.165680236214, 125.12566737227394
0.0, 1133.165680236214
1104.6220022762122, 28.543677960001787
1016.1156087313883, 88.50639354482394
432.3184665858492, 583.797142145539
0.0, 432.3184665858492
346.10594431340905, 86.21252227244014
164.74267178329882, 181.36327253011024
36.45919507534527, 128.28347670795355
0.0, 36.45919507534527
22.481619547829744, 13.977575527515526
0.0, 22.481619547829744
0.0, 22.481619547829744
36.69984814893768, 128.04282363436113
0.0, 36.69984814893768
0.0, 36.69984814893768
202.16483417536196, 143.9411101380471
67.20617919148032, 134.95865498388164
0.0, 67.20617919148032
12.859945171596129, 54.346234019884186
0.0, 12.859945171596129
0.0, 12.859945171596129
78.18855324539084, 123.97628092997113
0.0, 78.18855324539084
0.0, 78.18855324539084
1002.3152280073446, 13.800380724043748
1000.1435623221215, 2.171665685223047
431.12217451787757, 569.0213878042439
168.03888164944698, 263.0832928684306
0.0, 168.03888164944698
0.0, 168.03888164944698
220.21512179180118, 210.9070527260764
129.2576158055681, 90.95750598623309
0.0, 129.2576158055681
0.0, 129.2576158055681
136.77856999390883, 83.43655179789235
0.0, 136.77856999390883
0.0, 136.77856999390883
600.6985872036337, 399.44497511848783
0.0, 600.6985872036337
20.486830571547515, 580.2117566320861
0.0, 20.486830571547515
0.0, 20.486830571547515
1001.3138598703257, 1.0013681370188579
377.92756659277904, 623.3862932775467
25.95428253035828, 351.97328406242076
0.0, 25.95428253035828
0.0, 25.95428253035828
180.20080991004727, 197.72675668273178
0.0, 180.20080991004727
142.30676796464084, 37.89404194540643
0.0, 142.30676796464084
0.0, 142.30676796464084
511.25874597357193, 490.05511389675377
0.0, 511.25874597357193
41.74671081702256, 469.51203515654936
0.0, 41.74671081702256
0.0, 41.74671081702256
1025.7610782771123, 78.8609239990999
1015.4614943189266, 10.299583958185735
867.5035768761768, 147.95791744274982
62.25903454811815, 805.2445423280586
0.0, 62.25903454811815
0.0, 62.25903454811815
772.6491053483585, 94.8544715278183
0.0, 772.6491053483585
363.41704015875507, 409.2320651896034
0.0, 363.41704015875507
0.0, 363.41704015875507
1001.4234653256495, 14.038028993277067
477.82865713813595, 523.5948081875135
0.0, 477.82865713813595
0.0, 477.82865713813595
1001.1804078226302, 0.24305750301937223
872.01735668096, 129.16305114167017
0.0, 872.01735668096
192.3845304896836, 679.6328261912764
0.0, 192.3845304896836
44.3490949122802, 148.0354355774034
0.0, 44.3490949122802
0.0, 44.3490949122802
872.5759426055675, 128.60446521706263
2.9323250839914987, 869.6436175215761
0.0, 2.9323250839914987
0.0, 2.9323250839914987
194.7612444160918, 677.8146981894757
0.0, 194.7612444160918
183.42536303184326, 11.335881384248552
0.0, 183.42536303184326
0.0, 183.42536303184326
1023.5045642951042, 2.2565139820081868
0.0, 1023.5045642951042
1001.479277525625, 22.02528676947918
0.0, 1001.479277525625
840.7774709808328, 160.70180654479213
77.58028770301779, 763.197183277815
0.0, 77.58028770301779
58.73725679053939, 18.843030912478397
0.0, 58.73725679053939
3.163909053880234, 55.57334773665916
0.0, 3.163909053880234
0.0, 3.163909053880234
387.0625863641225, 453.7148846167103
0.0, 387.0625863641225
269.2887635933764, 117.77382277074611
91.6810658008665, 177.6076977925099
0.0, 91.6810658008665
0.0, 91.6810658008665
139.7224790280206, 129.56628456535583
0.0, 139.7224790280206
104.63619249823913, 35.08628652978146
0.0, 104.63619249823913
77.43590976267859, 27.200282735560535
0.0, 77.43590976267859
73.21843492598056, 4.217474836698031
0.0, 73.21843492598056
0.0, 73.21843492598056
