node_generations, branch_length
9012.689459100784, 21646.5862453019
2023.6473203015837, 6989.0421387992
527.5312415707496, 1496.116078730834
427.74677996579726, 99.7844616049523
266.39904466346303, 161.34773530233423
205.60823131165947, 60.790813351803564
53.23617808877523, 152.37205322288423
0.0, 53.23617808877523
15.89042625452212, 37.345751834253115
0.0, 15.89042625452212
0.0, 15.89042625452212
194.42427402746597, 11.183957284193497
0.0, 194.42427402746597
0.0, 194.42427402746597
218.2081803146028, 48.19086434886023
202.5676986189209, 15.640481695681899
180.3993566136424, 22.168342005278504
0.0, 180.3993566136424
106.59651170729164, 73.80284490635076
0.0, 106.59651170729164
0.0, 106.59651170729164
200.26274621376209, 2.304952405158815
0.0, 200.26274621376209
0.0, 200.26274621376209
214.84502123830586, 3.363159076296938
205.25842860483087, 9.586592633474993
0.0, 205.25842860483087
165.32974350856807, 39.9286850962628
61.623443041846095, 103.70630046672198
0.0, 61.623443041846095
0.0, 61.623443041846095
82.24654643197182, 83.08319707659625
0.0, 82.24654643197182
0.0, 82.24654643197182
213.0723812998174, 1.772639938488453
0.0, 213.0723812998174
212.8697374474293, 0.2026438523881211
200.52843968497183, 12.341297762457458
72.27295970098864, 128.2554799839832
0.0, 72.27295970098864
0.0, 72.27295970098864
144.80029727715288, 55.72814240781895
0.0, 144.80029727715288
6.390876009077011, 138.40942126807587
0.0, 6.390876009077011
0.0, 6.390876009077011
205.002418961771, 7.867318485658274
0.0, 205.002418961771
202.51834330633537, 2.484075655435646
15.272293003687322, 187.24605030264806
0.0, 15.272293003687322
0.0, 15.272293003687322
136.1499844544325, 66.36835885190285
0.0, 136.1499844544325
124.81193167459433, 11.33805277983818
0.0, 124.81193167459433
0.0, 124.81193167459433
370.8369208194001, 56.90985914639714
297.03893897123254, 73.79798184816758
219.1431873465342, 77.89575162469833
0.0, 219.1431873465342
118.18850646139194, 100.95468088514227
0.0, 118.18850646139194
53.93092340964229, 64.25758305174965
7.807139059114668, 46.12378435052762
0.0, 7.807139059114668
0.0, 7.807139059114668
40.130795458385506, 13.800127951256783
0.0, 40.130795458385506
12.588607030966479, 27.542188427419028
0.0, 12.588607030966479
0.0, 12.588607030966479
232.04322418254162, 64.99571478869092
211.5229455316191, 20.520278650922535
136.83152587985134, 74.69141965176775
100.56615498219568, 36.26537089765566
0.0, 100.56615498219568
0.0, 100.56615498219568
105.48334542348769, 31.34818045636365
0.0, 105.48334542348769
0.0, 105.48334542348769
206.33692536484529, 5.186020166773801
193.353794009039, 12.983131355806279
0.0, 193.353794009039
99.0711126599655, 94.28268134907351
0.0, 99.0711126599655
0.0, 99.0711126599655
203.98644206100414, 2.350483303841145
53.4647735503672, 150.52166851063694
0.0, 53.4647735503672
0.0, 53.4647735503672
202.65843242943424, 1.3280096315698984
0.0, 202.65843242943424
200.05284354363243, 2.605588885801808
136.85146464931898, 63.20137889431345
0.0, 136.85146464931898
125.59213894751763, 11.259325701801359
3.4069970080164906, 122.18514193950114
0.0, 3.4069970080164906
0.0, 3.4069970080164906
67.02763155733899, 58.56450739017863
0.0, 67.02763155733899
0.0, 67.02763155733899
182.88123726428316, 17.171606279349277
0.0, 182.88123726428316
123.05733883962057, 59.82389842466259
0.0, 123.05733883962057
0.0, 123.05733883962057
218.29448238382992, 13.748741798711706
0.0, 218.29448238382992
205.50816147241693, 12.786320911412986
12.109975556726106, 193.39818591569082
0.0, 12.109975556726106
0.0, 12.109975556726106
202.97468516558885, 2.533476306828078
0.0, 202.97468516558885
64.48601815024742, 138.48866701534143
0.0, 64.48601815024742
16.279490699469612, 48.206527450777806
0.0, 16.279490699469612
5.103065173541062, 11.17642552592855
0.0, 5.103065173541062
0.0, 5.103065173541062
317.3660997981717, 53.4708210212284
247.84873382850208, 69.51736596966964
215.83249180552096, 32.01624202298112
203.33895594964144, 12.493535855879514
0.0, 203.33895594964144
35.72158646408547, 167.61736948555597
0.0, 35.72158646408547
0.0, 35.72158646408547
206.1823337565493, 9.650158048971662
106.72871609201164, 99.45361766453766
0.0, 106.72871609201164
0.0, 106.72871609201164
204.83836458946377, 1.3439691670855325
201.07915328535503, 3.7592113041087316
0.0, 201.07915328535503
0.0, 201.07915328535503
203.70317420395025, 1.1351903855135106
0.0, 203.70317420395025
133.0246162528039, 70.67855795114636
0.0, 133.0246162528039
68.67712390441693, 64.34749234838696
0.0, 68.67712390441693
0.0, 68.67712390441693
217.8542885617171, 29.994445266784965
51.95029751849246, 165.90399104322466
0.0, 51.95029751849246
0.0, 51.95029751849246
207.3249235962681, 10.52936496544902
0.0, 207.3249235962681
205.12014157565545, 2.2047820206126403
0.0, 205.12014157565545
0.0, 205.12014157565545
271.85163717859695, 45.51446261957477
253.7351136953784, 18.116523483218543
219.5395334050788, 34.1955802902996
0.0, 219.5395334050788
17.17780364936157, 202.36172975571722
0.0, 17.17780364936157
0.0, 17.17780364936157
249.24808772975206, 4.487025965626344
211.3563236630585, 37.891764066693554
0.0, 211.3563236630585
208.9234265903436, 2.432897072714894
0.0, 208.9234265903436
0.0, 208.9234265903436
231.57372629397238, 17.674361435779673
2.7681769186536394, 228.80554937531875
0.0, 2.7681769186536394
0.0, 2.7681769186536394
211.5313742156466, 20.04235207832579
178.93247942591105, 32.59889478973554
39.42869295851607, 139.50378646739497
0.0, 39.42869295851607
38.50369176431966, 0.9250011941964118
0.0, 38.50369176431966
0.0, 38.50369176431966
40.39890836329497, 138.5335710626161
0.0, 40.39890836329497
0.0, 40.39890836329497
209.0657078967704, 2.4656663188762025
0.0, 209.0657078967704
89.32868525920057, 119.73702263756982
0.0, 89.32868525920057
41.89510361456452, 47.43358164463605
0.0, 41.89510361456452
36.46288595772752, 5.432217656836997
0.0, 36.46288595772752
0.0, 36.46288595772752
266.70121774734065, 5.150419431256296
203.5088294087612, 63.19238833857946
0.0, 203.5088294087612
95.90385068500797, 107.60497872375322
0.0, 95.90385068500797
44.599906878859876, 51.30394380614809
0.0, 44.599906878859876
2.175346360473636, 42.424560518386244
0.0, 2.175346360473636
0.0, 2.175346360473636
241.96198645379567, 24.739231293544975
81.90192465621746, 160.06006179757821
0.0, 81.90192465621746
75.1710969888475, 6.730827667369965
0.0, 75.1710969888475
0.0, 75.1710969888475
227.7232690130511, 14.23871744074458
0.0, 227.7232690130511
200.68554024014057, 27.037728772910526
158.77573324741505, 41.90980699272552
68.30825565337474, 90.4674775940403
0.0, 68.30825565337474
0.0, 68.30825565337474
127.99751853274806, 30.778214714666987
54.227152237834005, 73.77036629491406
0.0, 54.227152237834005
0.0, 54.227152237834005
106.03090919362594, 21.966609339122115
58.61682316850048, 47.414086025125464
0.0, 58.61682316850048
28.727544143850636, 29.889279024649845
0.0, 28.727544143850636
0.0, 28.727544143850636
77.01300305586861, 29.017906137757336
30.871524102932774, 46.141478952935834
0.0, 30.871524102932774
0.0, 30.871524102932774
63.766787643619516, 13.246215412249093
0.0, 63.766787643619516
0.0, 63.766787643619516
174.05426675874074, 26.63127348139983
86.46009658388328, 87.59417017485745
0.0, 86.46009658388328
9.794929637942634, 76.66516694594065
0.0, 9.794929637942634
0.0, 9.794929637942634
127.00995362417726, 47.04431313456348
0.0, 127.00995362417726
115.66009740713366, 11.349856217043595
52.69757462008915, 62.96252278704451
0.0, 52.69757462008915
0.0, 52.69757462008915
64.94220156934841, 50.71789583778525
0.0, 64.94220156934841
0.0, 64.94220156934841
526.6235868909605, 0.9076546797890614
207.44670726368446, 319.17687962727604
174.8888547510233, 32.55785251266116
0.0, 174.8888547510233
0.0, 174.8888547510233
203.19012324893023, 4.256584014754225
0.0, 203.19012324893023
0.0, 203.19012324893023
417.9641592106233, 108.65942768033722
275.83086347781926, 142.13329573280402
0.0, 275.83086347781926
211.73914019095935, 64.09172328685992
208.11101414209634, 3.6281260488630096
0.0, 208.11101414209634
203.28110298738127, 4.829911154715063
42.314937183586515, 160.96616580379475
0.0, 42.314937183586515
0.0, 42.314937183586515
153.9397059071286, 49.341397080252676
0.0, 153.9397059071286
144.75176054605384, 9.187945361074753
0.0, 144.75176054605384
90.60027665564019, 54.15148389041366
11.649818715877661, 78.95045793976253
0.0, 11.649818715877661
0.0, 11.649818715877661
23.33484354815536, 67.26543310748482
0.0, 23.33484354815536
0.0, 23.33484354815536
211.70690921625882, 0.03223097470052494
206.14823196994394, 5.558677246314886
67.11429044052913, 139.0339415294148
0.0, 67.11429044052913
35.12889255454588, 31.985397885983254
0.0, 35.12889255454588
0.0, 35.12889255454588
191.02107377775184, 15.127158192192098
0.0, 191.02107377775184
0.0, 191.02107377775184
208.11879578068596, 3.5881134355728648
0.0, 208.11879578068596
204.45954689133686, 3.659248889349101
18.0365215298606, 186.42302536147625
0.0, 18.0365215298606
0.0, 18.0365215298606
201.91764165820643, 2.5419052331304215
60.89872209062451, 141.01891956758192
0.0, 60.89872209062451
0.7219368677170004, 60.17678522290751
0.0, 0.7219368677170004
0.0, 0.7219368677170004
102.87162873185599, 99.04601292635044
0.0, 102.87162873185599
17.30572158386482, 85.56590714799117
0.0, 17.30572158386482
0.0, 17.30572158386482
335.07362993591454, 82.89052927470874
207.6332460212745, 127.44038391464005
0.0, 207.6332460212745
144.3515391171762, 63.281706904098286
0.0, 144.3515391171762
0.0, 144.3515391171762
308.6869805808875, 26.386649355027032
207.96686699962694, 100.72011358126056
0.0, 207.96686699962694
206.15423914823634, 1.8126278513906016
202.11351882623615, 4.0407203220001975
0.0, 202.11351882623615
0.0, 202.11351882623615
202.66234753625648, 3.4918916119798666
96.75039707371853, 105.91195046253794
0.0, 96.75039707371853
0.0, 96.75039707371853
149.1751072196219, 53.48724031663457
0.0, 149.1751072196219
112.67709378556684, 36.49801343405507
39.31604752263167, 73.36104626293516
0.0, 39.31604752263167
0.0, 39.31604752263167
42.569464372733805, 70.10762941283303
0.0, 42.569464372733805
26.036387147149625, 16.53307722558418
0.0, 26.036387147149625
0.0, 26.036387147149625
221.52080064044654, 87.16617994044097
211.78645441614339, 9.734346224303152
0.0, 211.78645441614339
211.02558296577007, 0.7608714503733154
30.56139781082547, 180.4641851549446
0.0, 30.56139781082547
0.0, 30.56139781082547
200.86632437381445, 10.15925859195562
103.1640749731392, 97.70224940067526
0.0, 103.1640749731392
0.0, 103.1640749731392
200.62589409312076, 0.24043028069368688
0.0, 200.62589409312076
171.0951954423729, 29.530698650747865
0.0, 171.0951954423729
0.0, 171.0951954423729
220.3995545192825, 1.1212461211640345
210.70067780028148, 9.69887671900102
0.0, 210.70067780028148
210.35586142759766, 0.34481637268382315
56.67668892543291, 153.67917250216476
0.0, 56.67668892543291
0.0, 56.67668892543291
206.68282992923565, 3.6730314983620076
0.0, 206.68282992923565
202.26751498501008, 4.415314944225571
0.0, 202.26751498501008
0.0, 202.26751498501008
211.09174979211735, 9.307804727165149
104.46729160419217, 106.62445818792519
0.0, 104.46729160419217
57.82341256630661, 46.64387903788556
0.0, 57.82341256630661
0.0, 57.82341256630661
203.50790941039097, 7.5838403817263895
24.03215502015991, 179.47575439023106
0.0, 24.03215502015991
14.751621297706462, 9.280533722453447
0.0, 14.751621297706462
0.0, 14.751621297706462
203.15373894815798, 0.354170462232986
7.392231981212464, 195.76150696694552
0.0, 7.392231981212464
0.0, 7.392231981212464
201.59046244841713, 1.5632764997408515
0.0, 201.59046244841713
80.64251629265551, 120.94794615576161
0.0, 80.64251629265551
29.776750649446377, 50.86576564320914
0.0, 29.776750649446377
0.0, 29.776750649446377
1445.882179064481, 577.7651412371026
466.4418204391728, 979.4403586253084
390.7419997687037, 75.69982067046908
259.13277264758074, 131.60922712112296
232.64686563899235, 26.485907008588384
217.91992829358622, 14.726937345406128
0.0, 217.91992829358622
0.0, 217.91992829358622
227.4718245677675, 5.175041071224854
128.5393762894138, 98.93244827835369
0.0, 128.5393762894138
115.54672064195219, 12.992655647461618
56.12520568853064, 59.42151495342155
40.38773703103985, 15.737468657490794
0.0, 40.38773703103985
0.0, 40.38773703103985
54.366132737569586, 1.7590729509610554
0.0, 54.366132737569586
0.0, 54.366132737569586
62.754850429482126, 52.791870212470066
0.0, 62.754850429482126
0.0, 62.754850429482126
218.6615719820872, 8.810252585680303
0.0, 218.6615719820872
213.1309164643638, 5.530655517723403
20.284030436834637, 192.84688602752917
0.0, 20.284030436834637
0.0, 20.284030436834637
207.65537094293163, 5.475545521432167
0.0, 207.65537094293163
0.0, 207.65537094293163
258.5659806229211, 0.5667920246596623
59.422552002423565, 199.1434286204975
18.501911308288417, 40.920640694135145
0.0, 18.501911308288417
8.999381115848188, 9.50253019244023
0.0, 8.999381115848188
0.0, 8.999381115848188
34.430375197844036, 24.99217680457953
0.0, 34.430375197844036
0.0, 34.430375197844036
201.33237511055322, 57.23360551236786
0.0, 201.33237511055322
0.0, 201.33237511055322
296.20428041381047, 94.53771935489323
205.5869361341332, 90.61734427967727
0.0, 205.5869361341332
56.4832291200061, 149.1037070141271
0.0, 56.4832291200061
0.0, 56.4832291200061
283.8710444046923, 12.333236009118139
44.726757527134794, 239.14428687755753
0.0, 44.726757527134794
0.0, 44.726757527134794
257.2680747611932, 26.602969643499137
0.0, 257.2680747611932
252.72575935489866, 4.542315406294534
201.19981422423095, 51.52594513066771
28.184665582301587, 173.01514864192936
0.0, 28.184665582301587
0.0, 28.184665582301587
200.88571272938037, 0.3141014948505756
0.0, 200.88571272938037
128.27282647248677, 72.6128862568936
0.0, 128.27282647248677
0.0, 128.27282647248677
236.79435115569927, 15.931408199199382
0.0, 236.79435115569927
227.29399163257048, 9.500359523128793
201.26307599411302, 26.030915638457458
141.17653759382668, 60.086538400286344
0.0, 141.17653759382668
0.0, 141.17653759382668
156.23148029982858, 45.03159569428445
0.0, 156.23148029982858
110.48529232847154, 45.74618797135703
0.0, 110.48529232847154
0.0, 110.48529232847154
207.30650489759665, 19.987486734973828
206.91660013691856, 0.38990476067809254
141.71056804792659, 65.20603208899198
0.0, 141.71056804792659
0.0, 141.71056804792659
203.55299637802062, 3.3636037588979377
51.628602930844764, 151.92439344717587
0.0, 51.628602930844764
0.0, 51.628602930844764
202.527609300382, 1.0253870776386123
0.0, 202.527609300382
123.02472035668872, 79.50288894369329
0.0, 123.02472035668872
18.956512901130772, 104.06820745555794
0.0, 18.956512901130772
0.0, 18.956512901130772
206.95943835665858, 0.3470665409380729
0.0, 206.95943835665858
0.0, 206.95943835665858
449.49470904819464, 16.947111390978137
220.91618447086358, 228.57852457733105
19.639806926542157, 201.27637754432143
0.0, 19.639806926542157
14.577484728815389, 5.062322197726768
0.0, 14.577484728815389
0.0, 14.577484728815389
207.54727873981253, 13.368905731051058
200.74431839401996, 6.80296034579257
0.0, 200.74431839401996
174.55214201251653, 26.19217638150343
0.0, 174.55214201251653
0.0, 174.55214201251653
204.39867956032865, 3.148599179483881
0.0, 204.39867956032865
4.884102432346942, 199.5145771279817
0.0, 4.884102432346942
0.0, 4.884102432346942
331.3782148264805, 118.11649422171416
174.71540439413218, 156.6628104323483
0.0, 174.71540439413218
0.0, 174.71540439413218
259.61157521750397, 71.7666396089765
204.91008205295483, 54.701493164549134
0.0, 204.91008205295483
0.0, 204.91008205295483
254.4280004053969, 5.183574812107082
211.1118150680315, 43.3161853373654
0.0, 211.1118150680315
201.30528261583055, 9.80653245220094
102.50819451886719, 98.79708809696336
0.0, 102.50819451886719
0.0, 102.50819451886719
162.69665229004494, 38.60863032578561
0.0, 162.69665229004494
14.125778947467118, 148.5708733425778
0.0, 14.125778947467118
0.0, 14.125778947467118
235.21437331884, 19.213627086556897
202.97371758915483, 32.24065572968516
69.5555523424981, 133.4181652466567
0.0, 69.5555523424981
0.0, 69.5555523424981
201.1665487872206, 1.807168801934239
0.0, 201.1665487872206
200.2678958393452, 0.8986529478754051
63.17163877778253, 137.09625706156265
0.0, 63.17163877778253
0.0, 63.17163877778253
65.8347161100932, 134.433179729252
0.0, 65.8347161100932
0.0, 65.8347161100932
211.78308999104888, 23.431283327791107
0.0, 211.78308999104888
205.31249873067503, 6.470591260373851
0.0, 205.31249873067503
200.2695624383593, 5.042936292315744
0.0, 200.2695624383593
11.259317260160843, 189.01024517819843
0.0, 11.259317260160843
0.0, 11.259317260160843
521.8401665711674, 924.0420124933137
202.69141165873967, 319.14875491242776
197.45981515577975, 5.231596502959917
0.0, 197.45981515577975
110.1012563532341, 87.35855880254564
0.0, 110.1012563532341
81.61929491533702, 28.481961437897084
0.0, 81.61929491533702
4.013640208326933, 77.60565470701009
0.0, 4.013640208326933
0.0, 4.013640208326933
200.2254276871107, 2.465983971628958
0.0, 200.2254276871107
80.60709290181978, 119.61833478529093
0.0, 80.60709290181978
31.61503146707784, 48.99206143474194
0.0, 31.61503146707784
0.0, 31.61503146707784
349.3180751608694, 172.522091410298
248.64307246461692, 100.67500269625248
207.5202530136212, 41.122819450995735
203.1916460030561, 4.328607010565094
58.317259547065994, 144.8743864559901
0.0, 58.317259547065994
2.3156935565007672, 56.001565990565226
0.0, 2.3156935565007672
0.0, 2.3156935565007672
201.08411044814878, 2.107535554907315
0.0, 201.08411044814878
0.0, 201.08411044814878
203.57560587009746, 3.9446471435237243
0.0, 203.57560587009746
120.69157393196947, 82.88403193812799
0.0, 120.69157393196947
0.0, 120.69157393196947
233.39468386899705, 15.248388595619872
146.51331861882696, 86.88136525017009
0.0, 146.51331861882696
0.0, 146.51331861882696
200.1130305653557, 33.28165330364135
0.0, 200.1130305653557
39.2789321704516, 160.83409839490412
0.0, 39.2789321704516
0.0, 39.2789321704516
321.8408188812987, 27.477256279570724
212.9948089133621, 108.84600996793657
212.19153569321566, 0.8032732201464512
202.00361451466873, 10.18792117854693
19.365687949344267, 182.63792656532445
0.0, 19.365687949344267
0.0, 19.365687949344267
201.02510161403217, 0.9785129006365594
0.0, 201.02510161403217
187.69949367741876, 13.325607936613409
51.03023956234156, 136.6692541150772
0.0, 51.03023956234156
0.0, 51.03023956234156
118.85786444526231, 68.84162923215645
0.0, 118.85786444526231
0.0, 118.85786444526231
205.2345025459443, 6.957033147271346
0.0, 205.2345025459443
44.853882256842006, 160.3806202891023
0.0, 44.853882256842006
42.42251851444023, 2.4313637424017784
0.0, 42.42251851444023
0.0, 42.42251851444023
212.675358980258, 0.31944993310409586
25.31972099976498, 187.35563798049304
0.0, 25.31972099976498
0.0, 25.31972099976498
204.0396013435568, 8.635757636701214
3.793258173930879, 200.24634316962593
0.0, 3.793258173930879
0.0, 3.793258173930879
83.83268214860544, 120.20691919495135
0.0, 83.83268214860544
0.0, 83.83268214860544
311.0436501886921, 10.79716869260659
223.30762979963632, 87.73602038905577
219.07556093207768, 4.232068867558638
0.0, 219.07556093207768
213.8003197204961, 5.275241211581573
156.53267943836977, 57.26764028212634
0.0, 156.53267943836977
84.63861580921477, 71.894063629155
0.0, 84.63861580921477
0.0, 84.63861580921477
210.19440194348815, 3.60591777700796
205.73105341643458, 4.463348527053569
202.9829579281872, 2.7480954882473725
99.32322064046306, 103.65973728772414
0.0, 99.32322064046306
0.0, 99.32322064046306
202.96812507341238, 0.014832854774823545
0.0, 202.96812507341238
14.04562354004926, 188.92250153336312
0.0, 14.04562354004926
0.0, 14.04562354004926
204.79241480127908, 0.9386386151554973
20.606945448231645, 184.18546935304744
0.0, 20.606945448231645
4.319989494943171, 16.286955953288473
0.0, 4.319989494943171
0.0, 4.319989494943171
129.85623418686555, 74.93618061441353
0.0, 129.85623418686555
27.03257644654483, 102.82365774032073
0.0, 27.03257644654483
0.0, 27.03257644654483
206.72415889625967, 3.470243047228479
0.0, 206.72415889625967
179.9773367765419, 26.746822119717763
0.0, 179.9773367765419
154.90317443285693, 25.074162343684975
68.65332814124567, 86.24984629161126
0.0, 68.65332814124567
0.0, 68.65332814124567
112.6291895711307, 42.273984861726234
9.19588090198336, 103.43330866914734
0.0, 9.19588090198336
0.0, 9.19588090198336
48.20321980981284, 64.42596976131784
0.0, 48.20321980981284
34.991149543677366, 13.212070266135477
0.0, 34.991149543677366
0.0, 34.991149543677366
219.49998189526036, 3.807647904375955
206.98314911160838, 12.516832783651978
0.0, 206.98314911160838
205.06410342333396, 1.919045688274423
0.0, 205.06410342333396
0.0, 205.06410342333396
214.38430436234415, 5.115677532916209
0.0, 214.38430436234415
210.67720656336272, 3.7070977989814367
201.07098446688175, 9.606222096480963
0.0, 201.07098446688175
200.68256633125503, 0.388418135626722
0.0, 200.68256633125503
200.58681883732032, 0.09574749393470938
22.08026999537718, 178.50654884194313
0.0, 22.08026999537718
0.0, 22.08026999537718
200.46941133263923, 0.11740750468109695
0.0, 200.46941133263923
11.92306583952499, 188.54634549311425
0.0, 11.92306583952499
0.0, 11.92306583952499
207.72787977178643, 2.949326791576283
0.0, 207.72787977178643
60.39886492469435, 147.32901484709208
0.0, 60.39886492469435
0.0, 60.39886492469435
292.32904189205897, 18.714608296633116
236.9377442923154, 55.39129759974358
203.5322199667087, 33.40552432560668
0.0, 203.5322199667087
19.511416474348774, 184.02080349235993
0.0, 19.511416474348774
0.0, 19.511416474348774
215.33362585280003, 21.60411843951536
211.35273020711642, 3.980895645683603
0.0, 211.35273020711642
207.06454412018869, 4.2881860869277375
138.12359539044175, 68.94094872974694
0.0, 138.12359539044175
16.01217162377782, 122.11142376666393
0.0, 16.01217162377782
0.0, 16.01217162377782
200.0337707695099, 7.030773350678771
41.53082360634715, 158.50294716316276
0.0, 41.53082360634715
32.256033690639725, 9.274789915707423
0.0, 32.256033690639725
0.0, 32.256033690639725
126.6887552440951, 73.34501552541481
0.0, 126.6887552440951
51.00997207982121, 75.6787831642739
0.0, 51.00997207982121
15.063824948326676, 35.946147131494534
0.0, 15.063824948326676
4.067640904710602, 10.996184043616074
0.0, 4.067640904710602
0.0, 4.067640904710602
214.8721128924415, 0.46151296035853306
196.79005195809737, 18.082060934344128
0.0, 196.79005195809737
168.53570748573435, 28.254344472363016
0.0, 168.53570748573435
108.83454612705265, 59.7011613586817
0.0, 108.83454612705265
0.0, 108.83454612705265
204.43160196272535, 10.44051092971614
0.0, 204.43160196272535
89.78403365435751, 114.64756830836784
36.35422337387367, 53.42981028048384
0.0, 36.35422337387367
0.0, 36.35422337387367
60.26988150432951, 29.514152150028004
0.0, 60.26988150432951
0.0, 60.26988150432951
244.91922657171187, 47.40981532034709
231.0288832881277, 13.890343283584173
222.75592776956157, 8.272955518566135
0.0, 222.75592776956157
203.6456567055876, 19.110271063973954
0.0, 203.6456567055876
0.0, 203.6456567055876
229.12983142502634, 1.8990518631013629
210.50947736219314, 18.6203540628332
206.88144874530425, 3.6280286168888836
0.0, 206.88144874530425
187.57608702826366, 19.305361717040597
23.479835681434515, 164.09625134682915
0.0, 23.479835681434515
0.0, 23.479835681434515
134.4799921248438, 53.09609490341987
0.0, 134.4799921248438
0.0, 134.4799921248438
210.01874714679258, 0.4907302154005606
200.84686672550984, 9.171880421282737
0.0, 200.84686672550984
4.738299701552733, 196.1085670239571
0.0, 4.738299701552733
0.0, 4.738299701552733
203.6632857961143, 6.355461350678269
0.0, 203.6632857961143
202.50883638391286, 1.1544494122014441
91.75343852308468, 110.75539786082818
0.0, 91.75343852308468
87.68403983531138, 4.069398687773301
0.0, 87.68403983531138
63.35991930651337, 24.324120528798012
2.8807763494211693, 60.4791429570922
0.0, 2.8807763494211693
0.0, 2.8807763494211693
30.438106935427275, 32.92181237108609
0.0, 30.438106935427275
0.0, 30.438106935427275
163.32599472077706, 39.182841663135804
0.0, 163.32599472077706
58.170151247138776, 105.15584347363828
0.0, 58.170151247138776
0.0, 58.170151247138776
213.86892553312842, 15.26090589189792
0.0, 213.86892553312842
204.22638342338897, 9.642542109739452
131.80262733579656, 72.42375608759241
0.0, 131.80262733579656
0.0, 131.80262733579656
169.53552387610077, 34.6908595472882
0.0, 169.53552387610077
80.49839322641847, 89.0371306496823
0.0, 80.49839322641847
24.08628790782998, 56.41210531858849
0.0, 24.08628790782998
0.0, 24.08628790782998
238.97573006946988, 5.943496502241999
217.61446074155273, 21.361269327917142
0.0, 217.61446074155273
215.87157436720523, 1.7428863743475063
0.0, 215.87157436720523
201.83126309230244, 14.040311274902791
73.76931654978736, 128.06194654251507
0.0, 73.76931654978736
56.09816287001704, 17.67115367977032
0.0, 56.09816287001704
0.0, 56.09816287001704
200.84651144945207, 0.9847516428503695
0.0, 200.84651144945207
56.78278629473564, 144.06372515471642
0.0, 56.78278629473564
0.0, 56.78278629473564
223.18510834151834, 15.790621727951532
204.35208817212884, 18.8330201693895
113.71890475735916, 90.63318341476969
0.0, 113.71890475735916
8.687093962464077, 105.03181079489508
0.0, 8.687093962464077
0.0, 8.687093962464077
200.52999135608124, 3.8220968160476048
0.0, 200.52999135608124
145.77220360617565, 54.75778774990559
0.0, 145.77220360617565
125.69803140607678, 20.07417220009887
0.0, 125.69803140607678
0.0, 125.69803140607678
216.94186863436377, 6.243239707154572
203.23872690677692, 13.703141727586853
34.951427900890494, 168.28729900588644
0.0, 34.951427900890494
0.0, 34.951427900890494
76.38488152627407, 126.85384538050285
0.0, 76.38488152627407
1.4693783146707875, 74.91550321160328
0.0, 1.4693783146707875
0.0, 1.4693783146707875
213.07925403485592, 3.8626145995078502
207.18119298149614, 5.898061053359783
202.49064064796482, 4.690552333531315
137.44692738299455, 65.04371326497028
0.0, 137.44692738299455
130.18820136715146, 7.258726015843081
0.0, 130.18820136715146
23.084269087760013, 107.10393227939144
0.0, 23.084269087760013
0.0, 23.084269087760013
202.16725281217865, 0.32338783578617836
0.0, 202.16725281217865
81.53207406910607, 120.63517874307257
0.0, 81.53207406910607
55.898684504847914, 25.63338956425816
0.0, 55.898684504847914
0.0, 55.898684504847914
202.60464374862636, 4.57654923286978
0.0, 202.60464374862636
57.63601873910756, 144.9686250095188
0.0, 57.63601873910756
0.0, 57.63601873910756
212.51371053565794, 0.565543499197986
185.18091012301974, 27.332800412638193
0.0, 185.18091012301974
85.221830783323, 99.95907933969674
0.0, 85.221830783323
0.0, 85.221830783323
201.23779995799904, 11.275910577658891
0.0, 201.23779995799904
200.35013117123975, 0.8876687867592921
0.0, 200.35013117123975
171.20217638887263, 29.147954782367123
0.0, 171.20217638887263
120.43978982845672, 50.762386560415905
92.4962195591907, 27.94357026926602
0.0, 92.4962195591907
0.0, 92.4962195591907
119.40370811669663, 1.0360817117600902
0.0, 119.40370811669663
118.11337931729821, 1.2903287993984236
0.0, 118.11337931729821
0.0, 118.11337931729821
2709.4219424798625, 6303.267516620921
203.45330151541623, 2505.9686409644464
0.0, 203.45330151541623
0.0, 203.45330151541623
1448.0299248095532, 1261.3920176703093
265.3701982585239, 1182.6597265510293
219.88327406005513, 45.486924198468756
0.0, 219.88327406005513
209.73537115403533, 10.147902906019795
202.78808814055316, 6.947283013482178
105.14328500237123, 97.64480313818193
0.0, 105.14328500237123
63.07834447447714, 42.06494052789409
0.0, 63.07834447447714
0.0, 63.07834447447714
202.1638642719586, 0.6242238685945551
0.0, 202.1638642719586
22.12308730858434, 180.04077696337427
0.0, 22.12308730858434
0.0, 22.12308730858434
206.04523577213251, 3.69013538190282
0.0, 206.04523577213251
14.243008715671289, 191.80222705646122
0.0, 14.243008715671289
0.0, 14.243008715671289
237.19863193636888, 28.171566322155
0.0, 237.19863193636888
236.69628326754665, 0.5023486688222363
202.13653296958978, 34.55975029795687
143.75167798072516, 58.38485498886462
0.0, 143.75167798072516
95.47128804835491, 48.280389932370255
0.0, 95.47128804835491
0.0, 95.47128804835491
198.1759481938738, 3.9605847757159722
0.0, 198.1759481938738
122.78027992979767, 75.39566826407614
0.0, 122.78027992979767
60.32109347095152, 62.459186458846155
0.0, 60.32109347095152
21.014124316084025, 39.30696915486749
0.0, 21.014124316084025
0.0, 21.014124316084025
205.01546443380113, 31.68081883374552
0.0, 205.01546443380113
0.0, 205.01546443380113
335.3059086828133, 1112.72401612674
304.86123385465174, 30.444674828161567
213.57992976108358, 91.28130409356817
0.0, 213.57992976108358
0.0, 213.57992976108358
247.5782724812013, 57.28296137345043
233.7785385516003, 13.799733929601018
200.69927922094675, 33.07925933065354
0.0, 200.69927922094675
12.282419576508596, 188.41685964443815
2.3053832462280632, 9.977036330280534
0.0, 2.3053832462280632
0.0, 2.3053832462280632
10.71151694948397, 1.5709026270246262
0.0, 10.71151694948397
0.0, 10.71151694948397
200.94401762099713, 32.83452093060316
0.0, 200.94401762099713
179.40434401827608, 21.539673602721052
0.0, 179.40434401827608
114.83506953796959, 64.56927448030649
0.0, 114.83506953796959
24.048133755561924, 90.78693578240767
0.0, 24.048133755561924
0.0, 24.048133755561924
237.35673004929953, 10.221542431901781
219.90786307710783, 17.448866972191695
212.17467012186825, 7.733192955239588
6.2383744215443535, 205.93629570032388
0.0, 6.2383744215443535
0.0, 6.2383744215443535
200.41230895538362, 11.762361166484624
118.92872673943225, 81.48358221595137
0.0, 118.92872673943225
0.0, 118.92872673943225
168.79976175400895, 31.612547201374667
0.0, 168.79976175400895
31.13807832486453, 137.66168342914443
0.0, 31.13807832486453
0.0, 31.13807832486453
213.9130844109738, 5.994778666134039
0.0, 213.9130844109738
206.75710058128215, 7.15598382969165
30.625703478034158, 176.131397103248
0.0, 30.625703478034158
0.0, 30.625703478034158
202.6960394554427, 4.061061125839444
0.0, 202.6960394554427
34.06097565966593, 168.63506379577677
0.0, 34.06097565966593
0.0, 34.06097565966593
223.37609761034045, 13.980632438959077
0.0, 223.37609761034045
217.23182495001237, 6.144272660328085
213.10447168424417, 4.127353265768193
0.0, 213.10447168424417
108.82826623907246, 104.27620544517171
0.0, 108.82826623907246
0.0, 108.82826623907246
216.97843737987964, 0.2533875701327304
202.12154343535548, 14.85689394452416
0.0, 202.12154343535548
201.3486340330306, 0.7729094023248706
7.709163418977001, 193.6394706140536
0.0, 7.709163418977001
0.0, 7.709163418977001
113.24296948863625, 88.10566454439436
0.0, 113.24296948863625
0.0, 113.24296948863625
215.9718871458879, 1.0065502339917316
127.47584504283844, 88.49604210304946
0.0, 127.47584504283844
0.0, 127.47584504283844
212.06927231792724, 3.9026148279606616
203.7426379950173, 8.326634322909939
201.27881004204465, 2.4638279529726503
114.56128529975392, 86.71752474229073
0.0, 114.56128529975392
0.0, 114.56128529975392
193.02418341886832, 8.254626623176335
0.0, 193.02418341886832
35.21984052344335, 157.80434289542495
0.0, 35.21984052344335
0.0, 35.21984052344335
202.92813529551742, 0.814502699499883
0.0, 202.92813529551742
126.72606331014278, 76.20207198537464
0.0, 126.72606331014278
52.285042138616184, 74.44102117152659
0.0, 52.285042138616184
0.0, 52.285042138616184
208.5507877644828, 3.518484553444438
200.5963813979044, 7.954406366578411
0.0, 200.5963813979044
0.0, 200.5963813979044
200.65711489955788, 7.893672864924923
115.71376340279429, 84.9433514967636
0.0, 115.71376340279429
0.0, 115.71376340279429
132.74633463365333, 67.91078026590455
0.0, 132.74633463365333
0.0, 132.74633463365333
331.4236837823292, 3.8822249004841183
291.357907546824, 40.06577623550521
217.19950570454228, 74.1584018422817
212.623094482054, 4.576411222488275
201.23230853523174, 11.390785946822263
0.0, 201.23230853523174
194.95948839808273, 6.2728201371490115
0.0, 194.95948839808273
30.29985319467518, 164.65963520340756
0.0, 30.29985319467518
26.410155637325772, 3.8896975573494075
0.0, 26.410155637325772
0.0, 26.410155637325772
210.6323626179698, 1.9907318640842107
201.32191652084708, 9.310446097122707
0.0, 201.32191652084708
201.05806430566182, 0.2638522151852669
0.0, 201.05806430566182
0.0, 201.05806430566182
202.0386922878162, 8.5936703301536
0.0, 202.0386922878162
146.91700910581912, 55.12168318199707
0.0, 146.91700910581912
0.0, 146.91700910581912
215.91387631572118, 1.2856293888210928
201.8384145206305, 14.075461795090689
0.0, 201.8384145206305
168.12342847896338, 33.71498604166712
0.0, 168.12342847896338
0.0, 168.12342847896338
204.2012882852321, 11.712588030489087
0.0, 204.2012882852321
202.0267078837502, 2.1745804014819043
0.7434947271886692, 201.28321315656152
0.0, 0.7434947271886692
0.0, 0.7434947271886692
172.37522158107384, 29.651486302676346
0.0, 172.37522158107384
135.29833529062728, 37.076886290446566
0.0, 135.29833529062728
121.2271973798958, 14.07113791073148
0.0, 121.2271973798958
0.0, 121.2271973798958
252.08435240857193, 39.27355513825205
229.27996409098364, 22.80438831758829
220.20475111995168, 9.07521297103196
0.0, 220.20475111995168
208.96787142222297, 11.23687969772871
203.56483077196052, 5.403040650262454
200.19119908787874, 3.373631684081772
0.0, 200.19119908787874
73.22875764689492, 126.96244144098382
0.0, 73.22875764689492
0.0, 73.22875764689492
202.30753844635467, 1.257292325605846
0.0, 202.30753844635467
202.13080877695145, 0.17672966940321544
0.0, 202.13080877695145
0.0, 202.13080877695145
208.38004421994688, 0.5878272022760882
200.77601935096826, 7.604024868978627
28.665906409368187, 172.11011294160008
0.0, 28.665906409368187
0.0, 28.665906409368187
155.19773441784176, 45.5782849331265
0.0, 155.19773441784176
18.467969319710527, 136.72976509813122
0.0, 18.467969319710527
0.0, 18.467969319710527
201.77749756013498, 6.602546659811907
0.0, 201.77749756013498
174.4144498945924, 27.36304766554258
7.9735638373585545, 166.44088605723385
0.0, 7.9735638373585545
3.2421492435783223, 4.731414593780232
0.0, 3.2421492435783223
0.0, 3.2421492435783223
8.434407926417544, 165.98004196817485
0.0, 8.434407926417544
0.0, 8.434407926417544
221.6194578444184, 7.660506246565234
50.78709687356117, 170.83236097085722
0.0, 50.78709687356117
0.0, 50.78709687356117
211.7543650023171, 9.865092842101319
200.1159906339289, 11.638374368388185
0.0, 200.1159906339289
0.0, 200.1159906339289
200.38501088579375, 11.36935411652334
0.0, 200.38501088579375
121.68671585132041, 78.69829503447333
0.0, 121.68671585132041
0.0, 121.68671585132041
240.91132503078117, 11.17302737779076
234.18745160139284, 6.723873429388334
223.6850576461254, 10.50239395526745
0.0, 223.6850576461254
0.0, 223.6850576461254
230.6467700443988, 3.5406815569940306
0.0, 230.6467700443988
219.47527141772292, 11.171498626675884
0.0, 219.47527141772292
200.40565246937257, 19.069618948350353
0.0, 200.40565246937257
180.8054829672252, 19.600169502147367
0.0, 180.8054829672252
0.0, 180.8054829672252
240.71225979977703, 0.1990652310041412
209.925510330294, 30.786749469483027
0.0, 209.925510330294
0.7896436010808534, 209.13586672921315
0.0, 0.7896436010808534
0.0, 0.7896436010808534
237.64682060457318, 3.065439195203851
209.46270326076046, 28.184117343812716
0.0, 209.46270326076046
206.85465249275867, 2.608050768001789
0.0, 206.85465249275867
2.6012808113650596, 204.25337168139362
0.0, 2.6012808113650596
0.0, 2.6012808113650596
212.5216117511487, 25.125208853424482
95.88610158275556, 116.63551016839314
0.0, 95.88610158275556
49.08818838201426, 46.7979132007413
0.0, 49.08818838201426
21.575483950315338, 27.51270443169892
0.0, 21.575483950315338
2.8618121051525147, 18.71367184516282
0.0, 2.8618121051525147
0.0, 2.8618121051525147
204.54733094443367, 7.974280806715029
200.8361781367326, 3.711152807701069
0.0, 200.8361781367326
76.9446158453092, 123.8915622914234
0.0, 76.9446158453092
27.021740755037648, 49.92287509027155
0.0, 27.021740755037648
0.0, 27.021740755037648
204.04818881883097, 0.49914212560270244
0.0, 204.04818881883097
151.05141132360785, 52.996777495223114
0.0, 151.05141132360785
0.0, 151.05141132360785
302.1114180349241, 29.312265747405092
203.76061302631726, 98.35080500860684
0.0, 203.76061302631726
0.0, 203.76061302631726
225.8100746866974, 76.30134334822671
0.0, 225.8100746866974
216.73242947829698, 9.077645208400412
0.0, 216.73242947829698
201.0217416154384, 15.710687862858578
0.0, 201.0217416154384
0.0, 201.0217416154384
9166.884407134228, 21492.391297268456
312.65128143865775, 8854.233125695571
225.3137741850591, 87.33750725359866
157.82634133968577, 67.48743284537332
0.0, 157.82634133968577
0.0, 157.82634133968577
217.20957972173548, 8.104194463323608
123.44700931759247, 93.762570404143
0.0, 123.44700931759247
25.74982313075394, 97.69718618683854
0.0, 25.74982313075394
0.0, 25.74982313075394
125.78090884552613, 91.42867087620935
0.0, 125.78090884552613
0.0, 125.78090884552613
231.18913147422435, 81.4621499644334
212.2963287467625, 18.892802727461856
0.0, 212.2963287467625
208.6749071938385, 3.621421552924005
0.0, 208.6749071938385
203.85171139323285, 4.823195800605646
58.88685938446276, 144.9648520087701
0.0, 58.88685938446276
0.0, 58.88685938446276
201.48978738822882, 2.3619240050040275
0.0, 201.48978738822882
141.70163533483253, 59.78815205339629
25.268208093826946, 116.43342724100559
0.0, 25.268208093826946
12.095499233124494, 13.172708860702452
0.0, 12.095499233124494
0.0, 12.095499233124494
103.03673030766319, 38.66490502716934
6.7851717307453985, 96.25155857691779
0.0, 6.7851717307453985
0.0, 6.7851717307453985
68.0083445158249, 35.02838579183829
0.0, 68.0083445158249
0.0, 68.0083445158249
225.63634828740047, 5.552783186823888
0.0, 225.63634828740047
221.05334413343567, 4.583004153964794
201.4907714227785, 19.56257271065718
0.0, 201.4907714227785
201.3781858201618, 0.11258560261669004
0.0, 201.3781858201618
0.0, 201.3781858201618
213.61688846976716, 7.436455663668511
0.0, 213.61688846976716
0.0, 213.61688846976716
4367.525291042943, 4799.359116091286
388.51211568082437, 3979.013175362118
226.17395103283093, 162.33816464799344
201.82529531221434, 24.34865572061659
32.71231807913188, 169.11297723308246
0.0, 32.71231807913188
0.0, 32.71231807913188
200.51369616587405, 1.311599146340285
149.22911538143492, 51.28458078443913
130.62669280779582, 18.602422573639103
0.0, 130.62669280779582
0.0, 130.62669280779582
148.19815995684309, 1.0309554245918378
0.0, 148.19815995684309
0.0, 148.19815995684309
154.69261184020044, 45.82108432567361
0.0, 154.69261184020044
111.22243728556323, 43.47017455463721
0.0, 111.22243728556323
0.0, 111.22243728556323
218.57273930916742, 7.601211723663511
60.26695232960379, 158.30578697956363
0.0, 60.26695232960379
0.0, 60.26695232960379
204.6387000739948, 13.934039235172605
0.0, 204.6387000739948
0.0, 204.6387000739948
255.1768753611021, 133.33524031972226
217.75843352347877, 37.418441837623334
201.8436098164882, 15.914823706990575
14.652140415641657, 187.19146940084653
0.0, 14.652140415641657
0.0, 14.652140415641657
16.762015085793333, 185.08159473069486
0.0, 16.762015085793333
2.3473153813597727, 14.414699704433561
0.0, 2.3473153813597727
0.0, 2.3473153813597727
214.7019922301556, 3.056441293323161
0.0, 214.7019922301556
165.49903142516908, 49.20296080498653
0.0, 165.49903142516908
15.306009370306478, 150.1930220548626
0.0, 15.306009370306478
0.0, 15.306009370306478
234.03403619660315, 21.14283916449895
220.59593009620593, 13.43810610039722
205.5782385526832, 15.017691543522744
0.5479338959950282, 205.03030465668817
0.0, 0.5479338959950282
0.0, 0.5479338959950282
204.40977466992027, 1.1684638827629215
139.36193724373163, 65.04783742618864
0.0, 139.36193724373163
18.561193390454562, 120.80074385327707
0.0, 18.561193390454562
0.0, 18.561193390454562
187.45894375847823, 16.95083091144204
5.908942109835977, 181.55000164864225
0.0, 5.908942109835977
0.0, 5.908942109835977
182.83617880449393, 4.622764953984301
0.0, 182.83617880449393
142.5722814338069, 40.26389737068703
16.952813602088177, 125.61946783171871
0.0, 16.952813602088177
0.0, 16.952813602088177
47.18102336572866, 95.39125806807823
0.0, 47.18102336572866
0.0, 47.18102336572866
211.39274846003144, 9.203181636174492
206.05666147738617, 5.33608698264527
180.75852409907108, 25.29813737831509
58.304083926573064, 122.45444017249801
0.0, 58.304083926573064
0.0, 58.304083926573064
75.41034993990469, 105.34817415916639
0.0, 75.41034993990469
0.0, 75.41034993990469
203.98224049753586, 2.0744209798503164
0.0, 203.98224049753586
200.6911748602281, 3.291065637307753
0.0, 200.6911748602281
0.0, 200.6911748602281
206.7341312245582, 4.65861723547323
0.0, 206.7341312245582
0.0, 206.7341312245582
229.05540090088465, 4.9786352957185045
0.0, 229.05540090088465
148.79019662143486, 80.26520427944979
0.0, 148.79019662143486
0.0, 148.79019662143486
511.8565418270594, 3855.668749215883
353.01335255942575, 158.84318926763365
291.70738544432163, 61.305967115104124
215.85477890117843, 75.8526065431432
120.96375772275985, 94.89102117841858
0.0, 120.96375772275985
0.0, 120.96375772275985
202.94134298692896, 12.913435914249476
0.0, 202.94134298692896
200.02455406560875, 2.9167889213202045
0.0, 200.02455406560875
180.82498656353383, 19.199567502074927
0.0, 180.82498656353383
0.0, 180.82498656353383
267.20826184378774, 24.499123600533892
248.1959806870568, 19.01228115673095
0.0, 248.1959806870568
243.35844630013744, 4.837534386919344
132.39764233856098, 110.96080396157646
0.0, 132.39764233856098
123.70465213678838, 8.692990201772602
32.34786296806239, 91.356789168726
0.0, 32.34786296806239
0.0, 32.34786296806239
45.19925192580935, 78.50540021097903
0.0, 45.19925192580935
16.65136920359222, 28.54788272221713
0.0, 16.65136920359222
12.852274227763717, 3.7990949758285044
0.0, 12.852274227763717
0.0, 12.852274227763717
201.84287511744404, 41.51557118269341
200.28313394808677, 1.5597411693572667
0.0, 200.28313394808677
200.0372290668675, 0.24590488121927478
0.0, 200.0372290668675
0.0, 200.0372290668675
201.2763476376304, 0.5665274798136295
8.390640139318576, 192.88570749831183
0.0, 8.390640139318576
0.0, 8.390640139318576
143.05276290871805, 58.22358472891236
90.66364047580255, 52.3891224329155
0.0, 90.66364047580255
81.22574675385734, 9.437893721945215
0.0, 81.22574675385734
69.09694959475824, 12.128797159099094
0.0, 69.09694959475824
36.11294294901995, 32.98400664573829
0.0, 36.11294294901995
23.70949343827995, 12.403449510740003
0.0, 23.70949343827995
0.0, 23.70949343827995
103.66490383478038, 39.387859073937676
0.0, 103.66490383478038
64.14169260316837, 39.52321123161201
0.0, 64.14169260316837
0.0, 64.14169260316837
263.2247177558351, 3.983544087952623
241.78776186399253, 21.436955891842587
208.99111036134036, 32.79665150265217
0.0, 208.99111036134036
201.40258162562844, 7.588528735711918
24.630108412858966, 176.77247321276948
0.0, 24.630108412858966
0.0, 24.630108412858966
49.14960739015081, 152.25297423547764
0.0, 49.14960739015081
0.0, 49.14960739015081
229.48004833714876, 12.30771352684377
200.45279971853452, 29.027248618614237
0.0, 200.45279971853452
0.0, 200.45279971853452
207.00891672601895, 22.471131611129806
201.82731051366332, 5.181606212355632
69.84880311921545, 131.9785073944479
0.0, 69.84880311921545
0.0, 69.84880311921545
85.84622136884036, 115.98108914482296
0.0, 85.84622136884036
0.0, 85.84622136884036
205.61818003202737, 1.3907366939915846
23.25343615162508, 182.36474388040227
0.0, 23.25343615162508
0.0, 23.25343615162508
203.2479773463326, 2.370202685694778
80.86558021392159, 122.382397132411
0.0, 80.86558021392159
0.0, 80.86558021392159
202.03780517310585, 1.2101721732267379
139.28172737122676, 62.75607780187909
0.0, 139.28172737122676
24.284818767990906, 114.99690860323585
0.0, 24.284818767990906
0.0, 24.284818767990906
174.04019683003037, 27.997608343075484
0.0, 174.04019683003037
64.2389318789148, 109.80126495111557
0.0, 64.2389318789148
0.0, 64.2389318789148
246.3758529835777, 16.84886477225743
0.0, 246.3758529835777
200.60515740491937, 45.77069557865832
0.0, 200.60515740491937
95.15030906019581, 105.45484834472356
0.0, 95.15030906019581
0.0, 95.15030906019581
325.7941845076927, 27.21916805173305
249.7070788741639, 76.08710563352881
228.3781927608031, 21.328886113360795
122.1155468081763, 106.2626459526268
0.0, 122.1155468081763
11.370511174497159, 110.74503563367915
0.0, 11.370511174497159
0.0, 11.370511174497159
227.2603829973079, 1.1178097634952167
0.0, 227.2603829973079
129.39809923281928, 97.86228376448861
0.0, 129.39809923281928
0.0, 129.39809923281928
246.7555086745665, 2.9515701995973984
206.16169070016286, 40.593817974403635
0.0, 206.16169070016286
0.0, 206.16169070016286
207.20896086660275, 39.54654780796375
0.0, 207.20896086660275
200.97231082245, 6.2366500441527535
0.0, 200.97231082245
104.89523365339701, 96.07707716905298
0.0, 104.89523365339701
0.0, 104.89523365339701
278.2101802648545, 47.584004242838205
232.77180164862867, 45.43837861622583
202.34284394341722, 30.428957705211445
0.0, 202.34284394341722
0.0, 202.34284394341722
227.97301416522225, 4.798787483406414
210.34660450596465, 17.626409659257604
79.46336566211502, 130.88323884384963
0.0, 79.46336566211502
0.0, 79.46336566211502
209.65557692863976, 0.6910275773248884
207.6275979820103, 2.0279789466294744
0.0, 207.6275979820103
204.76141733656752, 2.8661806454427676
60.70219131777911, 144.05922601878842
0.0, 60.70219131777911
20.03524606778523, 40.66694524999388
11.681512178535689, 8.353733889249542
0.0, 11.681512178535689
0.0, 11.681512178535689
13.017870055463362, 7.0173760123218685
0.0, 13.017870055463362
0.0, 13.017870055463362
124.89444773608102, 79.8669696004865
0.0, 124.89444773608102
0.0, 124.89444773608102
209.59887161525123, 0.056705313388533796
44.41664892493031, 165.1822226903209
0.0, 44.41664892493031
0.0, 44.41664892493031
203.9249640599856, 5.673907555265629
0.0, 203.9249640599856
201.29308200925203, 2.631882050733566
0.0, 201.29308200925203
64.26738923741388, 137.02569277183815
0.0, 64.26738923741388
0.0, 64.26738923741388
213.07398268852748, 14.899031476694773
205.33434458036575, 7.739638108161728
0.0, 205.33434458036575
200.40970608228753, 4.924638498078224
0.0, 200.40970608228753
0.0, 200.40970608228753
205.93298474474824, 7.14099794377924
0.0, 205.93298474474824
0.0, 205.93298474474824
246.92208598434473, 31.288094280509767
228.29589464047456, 18.626191343870175
218.4524286080601, 9.843466032414455
146.56254405002065, 71.88988455803945
0.0, 146.56254405002065
0.0, 146.56254405002065
211.79788487921107, 6.654543728849035
200.0218765966271, 11.776008282583973
60.86318695480431, 139.15868964182278
0.0, 60.86318695480431
4.687424873666587, 56.17576208113773
0.0, 4.687424873666587
0.0, 4.687424873666587
170.41765174169288, 29.604224854934216
20.311338796628444, 150.10631294506445
0.0, 20.311338796628444
9.602285232225634, 10.70905356440281
0.0, 9.602285232225634
0.0, 9.602285232225634
96.30551517746612, 74.11213656422676
0.0, 96.30551517746612
0.0, 96.30551517746612
206.14420656853378, 5.653678310677293
0.0, 206.14420656853378
205.13291332075076, 1.0112932477830157
0.0, 205.13291332075076
0.0, 205.13291332075076
220.61362343015227, 7.682271210322284
0.0, 220.61362343015227
211.3462896683408, 9.267333761811472
182.96861409026926, 28.377675578071546
0.0, 182.96861409026926
5.815406434156518, 177.15320765611273
0.0, 5.815406434156518
0.0, 5.815406434156518
206.650781956276, 4.695507712064796
202.58724330538615, 4.063538650889853
82.91785197182085, 119.6693913335653
0.0, 82.91785197182085
0.0, 82.91785197182085
202.5111595858199, 0.07608371956624183
0.0, 202.5111595858199
0.0, 202.5111595858199
206.5509506232817, 0.09983133299431302
201.4200063134302, 5.130944309851486
0.0, 201.4200063134302
0.0, 201.4200063134302
202.14398296913487, 4.4069676541468255
79.4479520734556, 122.69603089567927
0.0, 79.4479520734556
0.0, 79.4479520734556
201.27593790057043, 0.8680450685644416
0.0, 201.27593790057043
0.0, 201.27593790057043
242.99034926477913, 3.931736719565606
202.78736642276044, 40.202982842018685
0.0, 202.78736642276044
76.22710773080877, 126.56025869195167
0.0, 76.22710773080877
0.0, 76.22710773080877
226.5854491292099, 16.40490013556922
80.51386938507156, 146.07157974413835
0.0, 80.51386938507156
39.83223608343886, 40.6816333016327
0.0, 39.83223608343886
39.18062568851312, 0.6516103949257399
0.0, 39.18062568851312
7.090502069881039, 32.09012361863208
0.0, 7.090502069881039
0.0, 7.090502069881039
218.75024439222162, 7.835204736988288
0.0, 218.75024439222162
202.0178178231254, 16.73242656909622
0.0, 202.0178178231254
193.08145127313065, 8.936366549994744
0.0, 193.08145127313065
181.47993889445692, 11.601512378673732
0.0, 181.47993889445692
64.46933092117276, 117.01060797328417
0.0, 64.46933092117276
43.8249780095022, 20.644352911670552
0.0, 43.8249780095022
0.0, 43.8249780095022
357.8498564744123, 154.00668535264708
272.97611319437345, 84.87374328003887
242.95555809879852, 30.020555095574935
211.4455213689358, 31.51003672986272
0.0, 211.4455213689358
202.16512939309442, 9.280391975841383
28.051045040863887, 174.11408435223052
0.0, 28.051045040863887
0.0, 28.051045040863887
172.84434467527922, 29.3207847178152
0.0, 172.84434467527922
0.0, 172.84434467527922
231.62632998966183, 11.329228109136693
218.56387645925733, 13.062453530404497
203.99134184258685, 14.572534616670481
200.78217007608637, 3.209171766500475
0.0, 200.78217007608637
0.0, 200.78217007608637
200.81812596119457, 3.173215881392281
0.0, 200.81812596119457
200.38677551291931, 0.4313504482752535
0.0, 200.38677551291931
2.742356469702937, 197.64441904321637
0.0, 2.742356469702937
0.0, 2.742356469702937
208.00172052355825, 10.562155935699082
203.59755070725777, 4.404169816300481
137.56483810226257, 66.0327126049952
0.0, 137.56483810226257
115.704378020386, 21.860460081876568
0.0, 115.704378020386
0.0, 115.704378020386
200.6134626317462, 2.984088075511579
0.0, 200.6134626317462
200.25025344755457, 0.36320918419161785
0.0, 200.25025344755457
193.0441428996378, 7.206110547916779
0.0, 193.0441428996378
148.30662829605544, 44.737514603582355
0.0, 148.30662829605544
118.4258722953228, 29.88075600073263
0.0, 118.4258722953228
22.353434491233656, 96.07243780408915
0.0, 22.353434491233656
6.524511541963812, 15.828922949269845
0.0, 6.524511541963812
0.0, 6.524511541963812
205.72997590108017, 2.2717446224780815
204.91573995069862, 0.8142359503815442
200.5999218801105, 4.315818070588136
0.0, 200.5999218801105
114.15860604277569, 86.4413158373348
0.0, 114.15860604277569
0.0, 114.15860604277569
203.2060598777761, 1.7096800729225095
72.29393337108695, 130.91212650668916
0.0, 72.29393337108695
4.20500705350145, 68.0889263175855
0.0, 4.20500705350145
0.0, 4.20500705350145
202.38619611027988, 0.8198637674962299
0.0, 202.38619611027988
201.72778828238077, 0.6584078278991115
200.00164835774552, 1.7261399246352482
64.90545293601305, 135.0961954217325
0.0, 64.90545293601305
62.36988541360803, 2.5355675224050174
0.0, 62.36988541360803
0.0, 62.36988541360803
93.53653876175919, 106.46510959598633
0.0, 93.53653876175919
12.463681304420215, 81.07285745733897
0.0, 12.463681304420215
0.0, 12.463681304420215
200.15904844521384, 1.5687398371669303
101.17923315464917, 98.97981529056467
0.0, 101.17923315464917
0.0, 101.17923315464917
140.46562989835286, 59.69341854686098
20.570269329302388, 119.89536056905047
0.0, 20.570269329302388
0.0, 20.570269329302388
21.457305660228734, 119.00832423812412
0.0, 21.457305660228734
0.0, 21.457305660228734
204.93136051095058, 0.7986153901295836
0.0, 204.93136051095058
0.0, 204.93136051095058
228.24582833832875, 3.380501651333077
210.72707085658897, 17.518757481739783
0.0, 210.72707085658897
0.0, 210.72707085658897
225.31622813961707, 2.9296001987116824
0.0, 225.31622813961707
211.1398930108491, 14.17633512876796
0.0, 211.1398930108491
207.77632483784026, 3.3635681730088436
0.0, 207.77632483784026
206.71394605319242, 1.0623787846478479
0.0, 206.71394605319242
0.0, 206.71394605319242
245.5002586826066, 27.47585451176684
208.3177514394011, 37.18250724320552
0.0, 208.3177514394011
207.01649495808002, 1.3012564813210759
202.67138787776716, 4.345107080312857
0.0, 202.67138787776716
0.0, 202.67138787776716
205.22084480989872, 1.795650148181295
118.70852675322728, 86.51231805667145
0.0, 118.70852675322728
84.15215145961207, 34.556375293615204
0.0, 84.15215145961207
35.29099117272354, 48.861160286888534
0.0, 35.29099117272354
0.0, 35.29099117272354
203.22718482350535, 1.993659986393368
0.0, 203.22718482350535
163.97064901137236, 39.256535812132995
0.0, 163.97064901137236
0.0, 163.97064901137236
216.54963148036074, 28.95062720224587
202.38183047111775, 14.167801009242993
43.833611446459855, 158.5482190246579
0.0, 43.833611446459855
0.83654199799214, 42.99706944846771
0.0, 0.83654199799214
0.0, 0.83654199799214
135.93810034138554, 66.44373012973222
0.0, 135.93810034138554
74.06428276981657, 61.873817571568964
0.0, 74.06428276981657
0.0, 74.06428276981657
207.75723659578495, 8.792394884575799
0.0, 207.75723659578495
0.0, 207.75723659578495
311.6553232300614, 46.19453324435091
224.543290865618, 87.11203236444342
189.35300788537003, 35.19028298024796
132.30900802888345, 57.04399985648658
0.0, 132.30900802888345
17.687338218357805, 114.62166981052565
0.0, 17.687338218357805
12.0392283449568, 5.648109873401005
0.0, 12.0392283449568
0.0, 12.0392283449568
180.6179421952774, 8.735065690092625
0.0, 180.6179421952774
0.0, 180.6179421952774
201.85187745898557, 22.69141340663242
0.0, 201.85187745898557
155.42991938378287, 46.421958075202696
0.0, 155.42991938378287
0.0, 155.42991938378287
271.732512970266, 39.922810259795426
255.88919885359178, 15.843314116674208
213.9183198453756, 41.97087900821617
37.9050300146457, 176.0132898307299
0.0, 37.9050300146457
3.0516770030596683, 34.85335301158604
0.0, 3.0516770030596683
0.0, 3.0516770030596683
165.86199735854063, 48.05632248683497
0.0, 165.86199735854063
28.9015681878934, 136.96042917064725
0.0, 28.9015681878934
0.0, 28.9015681878934
240.16091369281622, 15.728285160775556
213.36501890966906, 26.795894783147162
200.5510287343349, 12.813990175334169
0.0, 200.5510287343349
0.0, 200.5510287343349
212.0732140465045, 1.2918048631645718
0.0, 212.0732140465045
207.94003636353492, 4.133177682969574
204.31676364774066, 3.6232727157942577
200.1000732903221, 4.216690357418571
41.843938606017026, 158.25613468430507
0.0, 41.843938606017026
0.0, 41.843938606017026
121.00389900886708, 79.096174281455
0.0, 121.00389900886708
0.0, 121.00389900886708
201.96669394665616, 2.350069701084493
132.43035089962098, 69.53634304703519
0.0, 132.43035089962098
0.0, 132.43035089962098
201.86266529617072, 0.1040286504854464
0.0, 201.86266529617072
100.3307091776813, 101.53195611848942
0.0, 100.3307091776813
0.0, 100.3307091776813
204.49108157175615, 3.4489547917787604
0.0, 204.49108157175615
146.09520488588845, 58.395876685867705
0.0, 146.09520488588845
110.75384863093863, 35.341356254949815
0.0, 110.75384863093863
0.0, 110.75384863093863
231.04929986089965, 9.111613831916571
98.46389735413497, 132.5854025067647
0.0, 98.46389735413497
0.0, 98.46389735413497
213.80563417222277, 17.243665688676884
202.5873468759734, 11.218287296249372
0.0, 202.5873468759734
201.19382271829673, 1.3935241576766657
0.0, 201.19382271829673
42.28424210172921, 158.90958061656752
0.0, 42.28424210172921
0.0, 42.28424210172921
210.40591024829766, 3.3997239239251087
206.97407539034566, 3.4318348579519977
0.0, 206.97407539034566
204.07534281892768, 2.8987325714179804
0.0, 204.07534281892768
201.5946734234386, 2.4806693954890875
0.0, 201.5946734234386
201.14183726339695, 0.45283616004164173
27.647555229287544, 173.4942820341094
0.0, 27.647555229287544
0.0, 27.647555229287544
200.8336976536401, 0.3081396097568643
185.9137370511302, 14.919960602509889
0.0, 185.9137370511302
0.0, 185.9137370511302
200.4300222210871, 0.4036754325529728
136.6624144438473, 63.76760777723982
0.0, 136.6624144438473
60.3377570473336, 76.3246573965137
0.0, 60.3377570473336
0.0, 60.3377570473336
200.41342690153996, 0.01659531954715021
0.0, 200.41342690153996
0.0, 200.41342690153996
209.7457151866968, 0.6601950616008594
0.0, 209.7457151866968
201.08565663153985, 8.66005855515695
0.0, 201.08565663153985
0.0, 201.08565663153985
260.772260938082, 10.960252032183973
213.83876231539577, 46.933498622686244
201.46491684353037, 12.373845471865394
129.55033416266815, 71.91458268086222
0.0, 129.55033416266815
0.0, 129.55033416266815
166.72564672863285, 34.73927011489752
0.0, 166.72564672863285
86.93142905380728, 79.79421767482557
0.0, 86.93142905380728
0.0, 86.93142905380728
208.76958148258478, 5.069180832810986
0.0, 208.76958148258478
201.36822867609445, 7.401352806490337
64.02632743956886, 137.3419012365256
0.0, 64.02632743956886
0.0, 64.02632743956886
191.72409208347702, 9.644136592617429
0.0, 191.72409208347702
0.0, 191.72409208347702
260.5988362541255, 0.17342468395651167
209.32129792013916, 51.27753833398634
38.506838859910495, 170.81445906022867
0.0, 38.506838859910495
1.3103904118426195, 37.196448448067876
0.0, 1.3103904118426195
0.0, 1.3103904118426195
204.3287214373109, 4.9925764828282695
102.31542796758686, 102.01329346972403
72.73621039538666, 29.579217572200193
0.0, 72.73621039538666
0.0, 72.73621039538666
89.45504410299594, 12.860383864590915
0.0, 89.45504410299594
0.0, 89.45504410299594
202.07063339511507, 2.2580880421958227
0.0, 202.07063339511507
0.0, 202.07063339511507
210.2336674796211, 50.36516877450441
202.17408437272746, 8.059583106893626
0.0, 202.17408437272746
0.0, 202.17408437272746
207.30248517027462, 2.931182309346468
0.0, 207.30248517027462
200.84843234597972, 6.454052824294905
89.78940606119077, 111.05902628478894
0.0, 89.78940606119077
0.0, 89.78940606119077
90.81022199356252, 110.0382103524172
0.0, 90.81022199356252
90.24231039290672, 0.5679116006558047
0.0, 90.24231039290672
0.0, 90.24231039290672
