node_generations, branch_length
373.09467639767155, 40607.99025085366
224.24279502377482, 148.85188137389673
0.0, 224.24279502377482
202.26683781958846, 21.975957204186358
0.0, 202.26683781958846
0.0, 202.26683781958846
355.70305518816576, 17.391621209505786
283.22841881836143, 72.47463636980433
249.41351161268517, 33.81490720567626
12.842900914741447, 236.57061069794372
0.0, 12.842900914741447
0.0, 12.842900914741447
218.35836562817076, 31.05514598451441
0.0, 218.35836562817076
212.17387588178627, 6.184489746384486
201.7275353457656, 10.44634053602067
0.0, 201.7275353457656
160.22473987393172, 41.50279547183388
0.0, 160.22473987393172
0.0, 160.22473987393172
207.33746890987297, 4.836406971913306
20.309434211836308, 187.02803469803666
0.0, 20.309434211836308
0.0, 20.309434211836308
204.71569289236567, 2.621776017507301
136.79747063517064, 67.91822225719503
0.0, 136.79747063517064
0.0, 136.79747063517064
140.40067927015284, 64.31501362221283
0.0, 140.40067927015284
0.0, 140.40067927015284
277.1581958401223, 6.070222978239144
224.4416364555076, 52.7165593846147
0.0, 224.4416364555076
207.33006621408506, 17.111570241422527
0.0, 207.33006621408506
193.28825058215892, 14.041815631926141
63.96627151819695, 129.32197906396198
0.0, 63.96627151819695
0.0, 63.96627151819695
183.1410907069084, 10.147159875250537
0.0, 183.1410907069084
0.0, 183.1410907069084
269.81957400098065, 7.338621839141638
257.17979561038976, 12.639778390590891
0.0, 257.17979561038976
227.89305166854717, 29.286743941842587
204.33717217729642, 23.55587949125075
0.0, 204.33717217729642
0.0, 204.33717217729642
204.9924450579808, 22.90060661056637
104.12415967075418, 100.86828538722662
0.0, 104.12415967075418
0.0, 104.12415967075418
175.43302047821064, 29.559424579770166
0.0, 175.43302047821064
173.34652769637026, 2.086492781840377
0.0, 173.34652769637026
0.0, 173.34652769637026
264.82549931891356, 4.994074682067094
226.72687813372553, 38.09862118518802
0.0, 226.72687813372553
201.98778865455293, 24.739089479172605
0.0, 201.98778865455293
38.91097280321363, 163.0768158513393
0.0, 38.91097280321363
0.0, 38.91097280321363
252.38492381118525, 12.440575507728312
201.1250291620499, 51.25989464913533
0.0, 201.1250291620499
0.0, 201.1250291620499
221.4906038377017, 30.894319973483533
210.32952845146278, 11.161075386238934
133.9177190863768, 76.41180936508599
0.0, 133.9177190863768
0.0, 133.9177190863768
204.69337040329913, 5.636158048163651
0.0, 204.69337040329913
145.2760130340302, 59.41735736926893
0.0, 145.2760130340302
127.17417803686781, 18.101834997162385
0.0, 127.17417803686781
0.0, 127.17417803686781
211.83493475172446, 9.655669085977252
0.0, 211.83493475172446
201.7292385907913, 10.10569616093315
23.84095249977702, 177.8882860910143
0.0, 23.84095249977702
0.0, 23.84095249977702
200.03967444946647, 1.689564141324837
0.0, 200.03967444946647
0.0, 200.03967444946647
324.587100416978, 31.115954771187774
0.0, 324.587100416978
200.94588456045412, 123.64121585652387
0.0, 200.94588456045412
200.72796962039342, 0.21791494006069456
0.0, 200.72796962039342
0.0, 200.72796962039342
27351.1417023399, 13629.943224911429
967.2906954742978, 26383.851006865603
273.40788094221193, 693.8828145320858
1.9397224350078406, 271.46815850720407
0.0, 1.9397224350078406
0.0, 1.9397224350078406
245.82481136452589, 27.583069577686047
202.40617531132187, 43.41863605320401
0.0, 202.40617531132187
0.0, 202.40617531132187
208.6757999952707, 37.14901136925519
73.87383284315469, 134.801967152116
0.0, 73.87383284315469
23.6275344546951, 50.24629838845959
0.0, 23.6275344546951
0.0, 23.6275344546951
204.48033440732814, 4.19546558794255
0.0, 204.48033440732814
56.56669316001546, 147.91364124731268
0.0, 56.56669316001546
0.0, 56.56669316001546
641.2859603659518, 326.0047351083459
296.6848978266001, 344.60106253935174
201.57286413438845, 95.11203369221164
0.0, 201.57286413438845
67.20467293302795, 134.3681912013605
0.0, 67.20467293302795
0.0, 67.20467293302795
293.0289467484197, 3.655951078180408
209.58457763365504, 83.44436911476464
0.0, 209.58457763365504
208.99060959612868, 0.5939680375263663
140.35684269384834, 68.63376690228034
0.0, 140.35684269384834
0.0, 140.35684269384834
204.5781163419783, 4.412493254150377
127.60179237714317, 76.97632396483513
0.0, 127.60179237714317
0.0, 127.60179237714317
202.4514907075673, 2.126625634410999
0.0, 202.4514907075673
0.0, 202.4514907075673
240.78117399436914, 52.247772754050544
215.8945232714559, 24.88665072291323
0.0, 215.8945232714559
206.45053713630583, 9.443986135150084
0.0, 206.45053713630583
0.0, 206.45053713630583
231.65481637954636, 9.12635761482278
0.0, 231.65481637954636
225.96827498768585, 5.686541391860516
0.0, 225.96827498768585
223.35262312176397, 2.615651865921876
0.0, 223.35262312176397
213.74645729353205, 9.606165828231923
0.0, 213.74645729353205
0.0, 213.74645729353205
550.1494128656044, 91.13654750034743
294.22062565297995, 255.92878721262446
230.9723327563352, 63.248292896644756
203.9850502724478, 26.987282483887384
0.0, 203.9850502724478
200.98589909928887, 2.9991511731589355
0.0, 200.98589909928887
0.0, 200.98589909928887
229.22529446732804, 1.7470382890071505
0.0, 229.22529446732804
103.0718118613674, 126.15348260596065
0.0, 103.0718118613674
0.0, 103.0718118613674
273.0743270326215, 21.146298620358436
201.08583902443385, 71.98848800818766
0.0, 201.08583902443385
167.29878452147625, 33.7870545029576
0.0, 167.29878452147625
165.46607800152316, 1.832706519953092
0.0, 165.46607800152316
80.8732739385004, 84.59280406302275
0.0, 80.8732739385004
78.1172174801226, 2.756056458377799
0.0, 78.1172174801226
0.0, 78.1172174801226
214.03569957440408, 59.038627458217434
0.0, 214.03569957440408
201.3931489428871, 12.642550631516968
0.0, 201.3931489428871
200.0158193905434, 1.3773295523436957
0.0, 200.0158193905434
109.55913982311546, 90.45667956742795
0.0, 109.55913982311546
95.22118277421195, 14.337957048903505
0.0, 95.22118277421195
0.0, 95.22118277421195
522.7223442367202, 27.42706862888417
441.24063361188024, 81.48171062483999
344.8190760754146, 96.42155753646563
242.6616897794945, 102.1573862959201
214.85200442808238, 27.809685351412128
0.0, 214.85200442808238
206.64855209613364, 8.20345233194874
0.0, 206.64855209613364
200.68558494964827, 5.962967146485369
0.0, 200.68558494964827
0.0, 200.68558494964827
220.63604137173266, 22.02564840776185
15.809163481962624, 204.82687788977003
0.0, 15.809163481962624
0.0, 15.809163481962624
202.81779838216943, 17.81824298956323
0.0, 202.81779838216943
0.0, 202.81779838216943
252.93698355665364, 91.88209251876097
195.31145218766628, 57.62553136898737
0.0, 195.31145218766628
0.0, 195.31145218766628
238.04834279355865, 14.888640763094998
202.28531121105027, 35.763031582508376
118.38681823680012, 83.89849297425015
0.0, 118.38681823680012
0.0, 118.38681823680012
200.26521831150984, 2.0200928995404297
0.0, 200.26521831150984
200.07974718526998, 0.18547112623986095
0.0, 200.07974718526998
133.45316503222568, 66.6265821530443
0.0, 133.45316503222568
37.71930484631118, 95.7338601859145
0.0, 37.71930484631118
0.0, 37.71930484631118
203.1430885317647, 34.90525426179394
0.0, 203.1430885317647
0.0, 203.1430885317647
398.33423202772406, 42.906401584156185
204.93767510179921, 193.39655692592484
0.0, 204.93767510179921
159.35275758763262, 45.58491751416659
0.0, 159.35275758763262
0.0, 159.35275758763262
385.6582072450928, 12.67602478263126
349.8725890683263, 35.78561817676649
199.12550809709617, 150.74708097123013
1.6882751240968348, 197.43723297299934
0.0, 1.6882751240968348
0.0, 1.6882751240968348
36.541084247418766, 162.58442384967742
0.0, 36.541084247418766
0.0, 36.541084247418766
216.17229192848865, 133.70029713983766
204.95002998194542, 11.222261946543227
0.0, 204.95002998194542
0.0, 204.95002998194542
210.88726549558913, 5.285026432899514
0.0, 210.88726549558913
172.90197818055424, 37.985287315034896
0.0, 172.90197818055424
0.0, 172.90197818055424
366.4769039694565, 19.18130327563631
203.28473949293738, 163.1921644765191
179.76863812095993, 23.51610137197744
0.0, 179.76863812095993
0.0, 179.76863812095993
191.05113559492312, 12.233603898014252
0.0, 191.05113559492312
63.4931092076659, 127.55802638725723
0.0, 63.4931092076659
0.0, 63.4931092076659
229.04669051632638, 137.4302134531301
219.2007880900685, 9.84590242625788
9.069047718865184, 210.1317403712033
0.0, 9.069047718865184
0.0, 9.069047718865184
218.32621448844, 0.874573601628498
204.94814954039785, 13.378064948042152
0.0, 204.94814954039785
30.030769660708224, 174.91737987968963
0.0, 30.030769660708224
0.0, 30.030769660708224
205.49826256910833, 12.827951919331667
0.0, 205.49826256910833
130.63979724045032, 74.85846532865801
0.0, 130.63979724045032
111.53558174391125, 19.10421549653907
0.0, 111.53558174391125
0.0, 111.53558174391125
228.81922666037042, 0.22746385595596053
0.0, 228.81922666037042
225.2590128842773, 3.5602137760931214
207.28988490021476, 17.96912798406254
0.0, 207.28988490021476
198.29540725329943, 8.994477646915328
0.0, 198.29540725329943
0.0, 198.29540725329943
214.94018921106837, 10.318823673208925
209.69118842182448, 5.249000789243894
0.0, 209.69118842182448
202.95823426909146, 6.732954152733015
0.0, 202.95823426909146
165.79355528744054, 37.16467898165092
5.411750964847949, 160.3818043225926
0.0, 5.411750964847949
0.0, 5.411750964847949
158.71056826238666, 7.082987025053882
0.0, 158.71056826238666
9.681468496018534, 149.02909976636812
0.0, 9.681468496018534
0.0, 9.681468496018534
210.80537736098626, 4.134811850082116
207.13304472413253, 3.6723326368537244
78.38005381539176, 128.75299090874077
0.0, 78.38005381539176
0.0, 78.38005381539176
202.3361647529955, 4.796879971137031
0.0, 202.3361647529955
28.182568851244646, 174.15359590175086
0.0, 28.182568851244646
0.0, 28.182568851244646
208.75454768195655, 2.050829679029704
0.0, 208.75454768195655
202.67548427632244, 6.079063405634116
0.0, 202.67548427632244
0.0, 202.67548427632244
506.4519043112087, 16.27043992551154
0.0, 506.4519043112087
363.9203264345672, 142.5315778766415
315.87438352112133, 48.045942913445856
282.2984844141023, 33.57589910701904
208.84066344992277, 73.45782096417952
207.16136676988623, 1.6792966800365434
0.0, 207.16136676988623
204.21183760213887, 2.9495291677473574
0.0, 204.21183760213887
0.0, 204.21183760213887
208.1530290446867, 0.6876344052360821
200.77176544875485, 7.381263595931841
0.0, 200.77176544875485
0.0, 200.77176544875485
201.15685047044482, 6.996178574241867
51.66802082569555, 149.48882964474927
0.0, 51.66802082569555
0.0, 51.66802082569555
102.22525467557792, 98.93159579486691
0.0, 102.22525467557792
0.0, 102.22525467557792
218.69809777923092, 63.60038663487137
202.4504795652801, 16.24761821395083
0.0, 202.4504795652801
0.0, 202.4504795652801
215.9216883936732, 2.776409385557713
205.58403322315283, 10.337655170520378
0.0, 205.58403322315283
0.0, 205.58403322315283
206.3157634186138, 9.605924975059395
203.08447393685796, 3.2312894817558515
0.0, 203.08447393685796
0.0, 203.08447393685796
204.28099044487897, 2.034772973734846
0.0, 204.28099044487897
190.07652259864767, 14.204467846231296
0.0, 190.07652259864767
0.0, 190.07652259864767
295.56987625485436, 20.304507266266967
264.18017388601913, 31.38970236883523
228.73181758424406, 35.44835630177508
207.22945007087958, 21.502367513364476
0.0, 207.22945007087958
202.44673616658616, 4.782713904293416
200.63431211326457, 1.8124240533215925
0.0, 200.63431211326457
200.58797134217835, 0.046340771086221366
9.18799420626756, 191.3999771359108
0.0, 9.18799420626756
0.0, 9.18799420626756
17.085555682525943, 183.5024156596524
0.0, 17.085555682525943
0.0, 17.085555682525943
201.89635305872721, 0.5503831078589485
0.0, 201.89635305872721
156.69648173716323, 45.19987132156399
0.0, 156.69648173716323
0.0, 156.69648173716323
216.40772306244872, 12.324094521795331
0.0, 216.40772306244872
210.50443143830452, 5.903291624144202
203.7330538633537, 6.771377574950833
0.0, 203.7330538633537
200.3773430107987, 3.355710852554978
0.0, 200.3773430107987
173.88392801160333, 26.49341499919538
0.0, 173.88392801160333
0.0, 173.88392801160333
206.74862583955007, 3.755805598754449
203.56164438289863, 3.186981456651438
0.0, 203.56164438289863
0.0, 203.56164438289863
206.44325747476546, 0.3053683647846128
140.72982750658372, 65.71342996818174
0.0, 140.72982750658372
49.84275889167798, 90.88706861490573
0.0, 49.84275889167798
0.0, 49.84275889167798
187.1672387720053, 19.276018702760155
0.0, 187.1672387720053
0.0, 187.1672387720053
232.76425062181312, 31.415923264206015
211.39209089623503, 21.372159725578086
0.0, 211.39209089623503
201.55536953781032, 9.836721358424711
0.0, 201.55536953781032
0.0, 201.55536953781032
230.80120798786663, 1.9630426339464861
206.98970685771536, 23.81150113015127
0.0, 206.98970685771536
143.99354693564143, 62.99615992207393
0.0, 143.99354693564143
88.66784569086681, 55.32570124477462
0.0, 88.66784569086681
56.793733309303796, 31.874112381563016
0.0, 56.793733309303796
0.0, 56.793733309303796
226.72508599353586, 4.0761219943307765
203.59809185639665, 23.126994137139206
201.40769171672105, 2.190400139675603
0.0, 201.40769171672105
141.74933389914145, 59.6583578175796
0.0, 141.74933389914145
0.0, 141.74933389914145
203.23747954634788, 0.36061231004876504
0.0, 203.23747954634788
0.0, 203.23747954634788
206.46851835759657, 20.25656763593929
0.0, 206.46851835759657
7.064171937753637, 199.40434641984294
0.0, 7.064171937753637
0.0, 7.064171937753637
272.1778877458943, 23.391988508960083
200.38441331501028, 71.793474430884
0.0, 200.38441331501028
0.0, 200.38441331501028
231.28404596383777, 40.89384178205651
127.40319496375612, 103.88085100008165
0.0, 127.40319496375612
0.0, 127.40319496375612
212.37780314470785, 18.906242819129915
0.0, 212.37780314470785
202.45417875643184, 9.92362438827601
0.0, 202.45417875643184
0.0, 202.45417875643184
342.7294556135283, 21.190870821038914
294.37564653776957, 48.353809075758704
214.04947304265113, 80.32617349511844
211.04202289411862, 3.007450148532513
200.14793212855798, 10.894090765560634
0.0, 200.14793212855798
0.0, 200.14793212855798
208.12577755054136, 2.916245343577259
204.4452893659977, 3.6804881845436626
0.0, 204.4452893659977
115.61860103826488, 88.82668832773281
1.6553981399445306, 113.96320289832036
0.0, 1.6553981399445306
0.0, 1.6553981399445306
19.529218741197894, 96.08938229706699
0.0, 19.529218741197894
0.0, 19.529218741197894
206.8032735825296, 1.3225039680117447
0.0, 206.8032735825296
185.60017646592578, 21.20309711660383
0.0, 185.60017646592578
0.0, 185.60017646592578
213.94874504270896, 0.10072799994216552
202.74019307782876, 11.2085519648802
0.0, 202.74019307782876
201.13476201329357, 1.6054310645351961
160.48799268076175, 40.64676933253182
0.0, 160.48799268076175
0.0, 160.48799268076175
180.99096328324578, 20.14379873004779
0.0, 180.99096328324578
168.3262294359088, 12.664733847336976
0.0, 168.3262294359088
0.0, 168.3262294359088
209.8364217652216, 4.112323277487377
202.9980361132193, 6.838385652002273
0.0, 202.9980361132193
201.94189137018526, 1.0561447430340536
0.0, 201.94189137018526
0.0, 201.94189137018526
207.62309826377543, 2.2133235014461548
0.0, 207.62309826377543
106.74922845806998, 100.87386980570545
0.0, 106.74922845806998
0.0, 106.74922845806998
288.3087076836947, 6.066938854074863
217.41781399608703, 70.89089368760767
203.32903705363353, 14.088776942453507
0.0, 203.32903705363353
0.0, 203.32903705363353
216.54033180928832, 0.8774821867987157
0.0, 216.54033180928832
215.90878103602654, 0.6315507732617789
210.92700863532238, 4.981772400704159
0.0, 210.92700863532238
0.0, 210.92700863532238
213.5199055378948, 2.388875498131739
208.09870807535532, 5.421197462539482
68.60590999222936, 139.49279808312596
0.0, 68.60590999222936
0.0, 68.60590999222936
204.94235148939092, 3.156356585964403
0.0, 204.94235148939092
20.236965170546906, 184.705386318844
0.0, 20.236965170546906
0.0, 20.236965170546906
210.55485306268739, 2.9650524752074148
64.96408891642257, 145.5907641462648
0.0, 64.96408891642257
0.0, 64.96408891642257
210.3154360301453, 0.239417032542093
0.0, 210.3154360301453
0.0, 210.3154360301453
257.7897340721758, 30.518973611518902
0.0, 257.7897340721758
238.12875019907167, 19.66098387310413
0.0, 238.12875019907167
222.97012742966857, 15.15862276940311
203.57195507950595, 19.39817235016261
118.2885315863418, 85.28342349316415
0.0, 118.2885315863418
0.0, 118.2885315863418
201.38729408978682, 2.1846609897191342
0.0, 201.38729408978682
200.79883673789666, 0.5884573518901561
40.95066583322869, 159.84817090466797
0.0, 40.95066583322869
19.600709445208665, 21.349956388020026
0.0, 19.600709445208665
0.0, 19.600709445208665
200.38963663167675, 0.4092001062199131
0.0, 200.38963663167675
0.0, 200.38963663167675
205.35448077640913, 17.615646653259432
0.0, 205.35448077640913
0.0, 205.35448077640913
310.3885592903952, 32.34089632313305
230.6033548702909, 79.78520442010432
214.7520375661631, 15.851317304127804
205.36387125129605, 9.38816631486705
8.97650470533417, 196.38736654596187
0.0, 8.97650470533417
0.0, 8.97650470533417
49.84225489879226, 155.52161635250377
0.0, 49.84225489879226
0.0, 49.84225489879226
208.174947970792, 6.577089595371092
0.0, 208.174947970792
0.0, 208.174947970792
228.02918427046077, 2.5741705998301256
0.0, 228.02918427046077
226.9587251531528, 1.070459117307962
69.31436520500617, 157.64435994814664
0.0, 69.31436520500617
44.73857811722921, 24.57578708777696
0.0, 44.73857811722921
0.0, 44.73857811722921
204.00744297694087, 22.951282176211947
0.0, 204.00744297694087
68.1757736474412, 135.83166932949968
0.0, 68.1757736474412
0.0, 68.1757736474412
236.21600284400853, 74.1725564463867
205.34972189460382, 30.86628094940471
0.0, 205.34972189460382
195.0162990763659, 10.33342281823792
0.0, 195.0162990763659
0.0, 195.0162990763659
207.6225786194362, 28.593424224572317
201.70720202983728, 5.915376589598935
0.0, 201.70720202983728
0.0, 201.70720202983728
206.45126732877674, 1.1713112906594745
0.0, 206.45126732877674
132.5601056034215, 73.89116172535523
0.0, 132.5601056034215
0.0, 132.5601056034215
3631.075028982341, 23720.06667335756
728.8270963567687, 2902.247932625572
517.6098570025663, 211.21723935420243
101.19552944349371, 416.4143275590726
0.0, 101.19552944349371
9.771179629821788, 91.42434981367192
0.0, 9.771179629821788
0.0, 9.771179629821788
499.41599645427374, 18.193860548292548
236.48958688630574, 262.926409567968
204.35475946978488, 32.134827416520864
0.0, 204.35475946978488
203.15397092023855, 1.2007885495463313
0.0, 203.15397092023855
0.0, 203.15397092023855
211.15933438763142, 25.330252498674326
0.0, 211.15933438763142
202.21467517110787, 8.944659216523547
127.79554616468177, 74.4191290064261
0.0, 127.79554616468177
0.0, 127.79554616468177
200.59183818661052, 1.6228369844973543
0.0, 200.59183818661052
0.0, 200.59183818661052
341.23370385019416, 158.18229260407958
246.26353904195696, 94.9701648082372
219.293701790027, 26.96983725192996
0.0, 219.293701790027
212.40460306990903, 6.889098720117971
98.51723601154089, 113.88736705836814
0.0, 98.51723601154089
0.0, 98.51723601154089
208.7052711609303, 3.699331908978735
0.0, 208.7052711609303
204.41951097008808, 4.285760190842211
38.725615574823436, 165.69389539526463
0.0, 38.725615574823436
0.0, 38.725615574823436
185.31623843640196, 19.103272533686123
0.0, 185.31623843640196
0.0, 185.31623843640196
240.24224717006925, 6.021291871887712
209.13567227096422, 31.106574899105027
0.0, 209.13567227096422
207.74977978079116, 1.3858924901730632
0.0, 207.74977978079116
0.0, 207.74977978079116
224.960345807877, 15.281901362192258
204.60555159072547, 20.35479421715152
96.11072777962399, 108.49482381110148
0.0, 96.11072777962399
40.82388593363673, 55.286841845987254
0.0, 40.82388593363673
0.0, 40.82388593363673
200.05465812582838, 4.5508934648970865
0.0, 200.05465812582838
0.0, 200.05465812582838
218.09099625327656, 6.869349554600433
209.24719083760917, 8.84380541566739
0.0, 209.24719083760917
200.97677820182003, 8.270412635789143
0.0, 200.97677820182003
165.88596583522585, 35.09081236659418
0.0, 165.88596583522585
0.0, 165.88596583522585
209.62068113350415, 8.470315119772408
0.0, 209.62068113350415
207.2199030392282, 2.4007780942759496
180.3116074398951, 26.908295599333087
0.0, 180.3116074398951
109.35768610714854, 70.95392133274657
0.0, 109.35768610714854
0.0, 109.35768610714854
202.76657827006767, 4.453324769160531
0.0, 202.76657827006767
0.0, 202.76657827006767
262.86979680758583, 78.36390704260833
218.1586855845073, 44.71111122307852
203.8477262986263, 14.310959285881012
0.0, 203.8477262986263
0.0, 203.8477262986263
214.57283224559572, 3.5858533389115905
0.0, 214.57283224559572
211.7917387903832, 2.7810934552125275
35.03479335316873, 176.75694543721445
0.0, 35.03479335316873
0.0, 35.03479335316873
208.7204567310079, 3.071282059375278
201.6511830867337, 7.069273644274205
0.0, 201.6511830867337
26.839147447995142, 174.81203563873856
0.0, 26.839147447995142
0.0, 26.839147447995142
206.50298715410182, 2.2174695769060975
202.19086503180628, 4.312122122295534
0.0, 202.19086503180628
31.141234140181183, 171.0496308916251
0.0, 31.141234140181183
0.0, 31.141234140181183
204.87446652059333, 1.6285206335084865
0.0, 204.87446652059333
201.0134893014369, 3.860977219156439
200.09168237055314, 0.9218069308837471
0.0, 200.09168237055314
165.21518292924904, 34.876499441304105
57.161324643851614, 108.05385828539742
0.0, 57.161324643851614
0.0, 57.161324643851614
80.78865901350271, 84.42652391574633
0.0, 80.78865901350271
2.1398835502966573, 78.64877546320605
0.0, 2.1398835502966573
0.0, 2.1398835502966573
200.8150851389994, 0.19840416243749814
123.99445034076176, 76.82063479823763
0.0, 123.99445034076176
39.14702583820188, 84.84742450255987
0.0, 39.14702583820188
0.0, 39.14702583820188
131.83136772962712, 68.98371740937228
0.0, 131.83136772962712
118.37443541106869, 13.45693231855843
0.0, 118.37443541106869
7.252925176740815, 111.12151023432787
0.0, 7.252925176740815
0.0, 7.252925176740815
241.97835588585053, 20.891440921735295
217.21838472256178, 24.759971163288753
0.0, 217.21838472256178
26.60736503323351, 190.61101968932826
0.0, 26.60736503323351
0.0, 26.60736503323351
236.26738722473613, 5.710968661114407
72.34094366159822, 163.92644356313792
0.0, 72.34094366159822
0.0, 72.34094366159822
225.89585867911185, 10.371528545624273
203.56360249507864, 22.332256184033213
30.603980306786582, 172.95962218829206
0.0, 30.603980306786582
0.0, 30.603980306786582
168.9569171926223, 34.60668530245633
0.0, 168.9569171926223
163.7507987969438, 5.206118395678516
0.0, 163.7507987969438
47.27341964468508, 116.47737915225872
0.0, 47.27341964468508
0.0, 47.27341964468508
204.8471529293349, 21.048705749776957
96.66732692779813, 108.17982600153677
0.0, 96.66732692779813
56.872688365320286, 39.79463856247784
0.0, 56.872688365320286
0.0, 56.872688365320286
204.27330436271865, 0.573848566616249
0.0, 204.27330436271865
0.0, 204.27330436271865
659.538284189838, 69.28881216693071
502.13240300687784, 157.40588118296017
353.77452862562825, 148.3578743812496
206.23721824555645, 147.5373103800718
0.0, 206.23721824555645
0.0, 206.23721824555645
286.30679403835745, 67.4677345872708
239.12148114193485, 47.1853128964226
222.2907864086206, 16.83069473331426
0.0, 222.2907864086206
0.0, 222.2907864086206
238.1537950181514, 0.9676861237834373
0.0, 238.1537950181514
237.99377365658967, 0.1600213615617463
0.0, 237.99377365658967
219.28808328663987, 18.705690369949792
0.0, 219.28808328663987
0.0, 219.28808328663987
259.35686416278907, 26.949929875568387
204.4603506614858, 54.896513501303275
0.0, 204.4603506614858
0.0, 204.4603506614858
245.22635354963657, 14.130510613152495
220.18284109480336, 25.043512454833206
153.79181406820064, 66.39102702660273
0.0, 153.79181406820064
0.0, 153.79181406820064
208.47791024604277, 11.704930848760597
0.0, 208.47791024604277
204.6884815052364, 3.7894287408063576
0.0, 204.6884815052364
0.0, 204.6884815052364
238.02816067659083, 7.198192873045741
0.0, 238.02816067659083
227.89487487527938, 10.133285801311445
211.16333526544267, 16.731539609836716
208.7305709240774, 2.432764341365271
0.0, 208.7305709240774
0.0, 208.7305709240774
208.80998622630034, 2.35334903914233
0.0, 208.80998622630034
208.1846211125902, 0.6253651137101315
0.0, 208.1846211125902
201.18073005751003, 7.0038910550801745
0.0, 201.18073005751003
168.96154503300315, 32.219185024506885
0.0, 168.96154503300315
82.4367263509304, 86.52481868207275
30.464390578115573, 51.97233577281483
0.0, 30.464390578115573
17.654218853552422, 12.810171724563151
0.0, 17.654218853552422
0.0, 17.654218853552422
43.34459662662573, 39.09212972430467
0.0, 43.34459662662573
0.0, 43.34459662662573
216.85808365627386, 11.036791219005522
0.0, 216.85808365627386
0.0, 216.85808365627386
369.69969749875366, 132.43270550812417
220.1886496237649, 149.51104787498878
214.54260390695623, 5.646045716808658
72.12647201291175, 142.4161318940445
0.0, 72.12647201291175
41.62974043005876, 30.496731582852988
0.0, 41.62974043005876
0.0, 41.62974043005876
150.29098024143994, 64.25162366551629
0.0, 150.29098024143994
123.21118670791103, 27.079793533528914
0.0, 123.21118670791103
0.0, 123.21118670791103
218.39233000219295, 1.7963196215719393
215.0034184148039, 3.3889115873890603
201.3597514257885, 13.6436669890154
0.0, 201.3597514257885
177.82943847150113, 23.530312954287353
0.0, 177.82943847150113
0.0, 177.82943847150113
210.5100401006176, 4.4933783141862875
177.58399540550792, 32.92604469510968
0.0, 177.58399540550792
0.0, 177.58399540550792
200.13747572432072, 10.372564376296879
0.0, 200.13747572432072
29.499080274219313, 170.6383954501014
0.0, 29.499080274219313
13.026498313778063, 16.47258196044125
0.0, 13.026498313778063
0.0, 13.026498313778063
215.58035152712776, 2.811978475065189
0.0, 215.58035152712776
191.93861731227386, 23.641734214853898
0.0, 191.93861731227386
0.0, 191.93861731227386
288.84480680847213, 80.85489069028154
200.10216646659495, 88.74264034187718
0.0, 200.10216646659495
45.961707714566366, 154.1404587520286
0.0, 45.961707714566366
0.0, 45.961707714566366
257.25102127398884, 31.59378553448329
194.8702473425876, 62.38077393140125
0.0, 194.8702473425876
0.0, 194.8702473425876
214.6243264910875, 42.62669478290135
0.0, 214.6243264910875
211.97323183286622, 2.651094658221268
0.0, 211.97323183286622
0.0, 211.97323183286622
550.7682576292867, 108.77002656055129
202.3393006044925, 348.4289570247942
0.0, 202.3393006044925
0.0, 202.3393006044925
243.10442773455614, 307.6638298947306
0.0, 243.10442773455614
25.57230488207795, 217.53212285247818
0.0, 25.57230488207795
0.0, 25.57230488207795
1392.891493055959, 2238.183535926382
369.00803481368933, 1023.8834582422696
258.4836009404553, 110.52443387323405
0.0, 258.4836009404553
257.0082264265453, 1.4753745139099692
224.46794701609247, 32.540279410452854
0.0, 224.46794701609247
213.30472067620195, 11.163226339890514
201.82584459840723, 11.478876077794723
0.0, 201.82584459840723
0.0, 201.82584459840723
212.56463059908168, 0.7400900771202714
0.0, 212.56463059908168
205.24519130684232, 7.319439292239366
201.35347871083658, 3.891712596005732
0.0, 201.35347871083658
0.0, 201.35347871083658
202.75129227349004, 2.493899033352278
0.0, 202.75129227349004
201.4706291141948, 1.2806631592952442
0.0, 201.4706291141948
0.0, 201.4706291141948
236.22666864317833, 20.781557783366992
130.73440837195005, 105.49226027122828
0.0, 130.73440837195005
0.0, 130.73440837195005
225.18345410629266, 11.043214536885671
0.0, 225.18345410629266
215.98276026658266, 9.200693839709999
0.0, 215.98276026658266
212.79070806201452, 3.1920522045681423
0.0, 212.79070806201452
200.1311731565744, 12.659534905440125
0.0, 200.1311731565744
20.404508405769814, 179.7266647508046
0.0, 20.404508405769814
0.0, 20.404508405769814
275.160017289337, 93.84801752435231
249.6927845387392, 25.467232750597816
152.96774570328938, 96.72503883544982
0.0, 152.96774570328938
120.88602113227013, 32.08172457101925
0.0, 120.88602113227013
0.0, 120.88602113227013
242.98896957419078, 6.703814964548428
202.9010688563882, 40.08790071780257
0.0, 202.9010688563882
0.0, 202.9010688563882
206.49797221651164, 36.490997357679134
0.0, 206.49797221651164
200.38747084465427, 6.110501371857367
0.0, 200.38747084465427
34.00534760471568, 166.3821232399386
0.0, 34.00534760471568
0.0, 34.00534760471568
268.46584154571275, 6.694175743624271
202.64352597480334, 65.82231557090941
0.0, 202.64352597480334
59.57449777474613, 143.0690282000572
0.0, 59.57449777474613
0.0, 59.57449777474613
261.1937404725461, 7.272101073166652
0.0, 261.1937404725461
204.0361938614056, 57.1575466111405
0.0, 204.0361938614056
132.86746224472773, 71.16873161667786
0.0, 132.86746224472773
0.0, 132.86746224472773
1352.646162370174, 40.24533068578512
254.24219256767998, 1098.403969802494
201.32086901687947, 52.92132355080051
0.0, 201.32086901687947
0.0, 201.32086901687947
205.27960318395847, 48.96258938372151
0.0, 205.27960318395847
203.3853928336334, 1.8942103503250678
0.0, 203.3853928336334
85.79138229748914, 117.59401053614427
0.0, 85.79138229748914
51.79898283900958, 33.992399458479554
0.0, 51.79898283900958
0.0, 51.79898283900958
417.87183403191483, 934.774328338259
234.52572692276837, 183.34610710914646
208.9105890923577, 25.615137830410674
202.50897434619105, 6.4016147461666435
0.0, 202.50897434619105
0.0, 202.50897434619105
202.515403486076, 6.3951856062817
0.0, 202.515403486076
193.22951783866463, 9.285885647411362
0.0, 193.22951783866463
88.53264678171803, 104.6968710569466
0.0, 88.53264678171803
25.38881153155009, 63.14383525016794
0.0, 25.38881153155009
15.79016067819933, 9.59865085335076
0.0, 15.79016067819933
0.0, 15.79016067819933
213.61188652834713, 20.913840394421243
203.4997523945232, 10.112134133823929
31.248902876924934, 172.25084951759825
0.0, 31.248902876924934
25.728184213294476, 5.520718663630458
0.0, 25.728184213294476
0.0, 25.728184213294476
201.30189651030543, 2.1978558842177733
0.0, 201.30189651030543
0.0, 201.30189651030543
210.6672991720093, 2.94458735633782
102.5966637212386, 108.07063545077071
0.0, 102.5966637212386
0.0, 102.5966637212386
134.8915864909781, 75.7757126810312
0.0, 134.8915864909781
131.51900145865, 3.372585032328118
0.0, 131.51900145865
0.0, 131.51900145865
297.7599151039146, 120.11191892800025
19.4332300602034, 278.32668504371117
0.0, 19.4332300602034
0.0, 19.4332300602034
238.64254414327803, 59.11737096063655
0.0, 238.64254414327803
220.67175869519383, 17.9707854480842
156.45538020177804, 64.21637849341579
0.0, 156.45538020177804
0.0, 156.45538020177804
207.53262153092862, 13.139137164265208
80.01992217415659, 127.51269935677203
0.0, 80.01992217415659
68.62462736744578, 11.395294806710808
0.0, 68.62462736744578
0.0, 68.62462736744578
204.85304148346566, 2.679580047462963
0.0, 204.85304148346566
89.6146748649616, 115.23836661850406
0.0, 89.6146748649616
0.0, 89.6146748649616
