node_generations, branch_length
1198.072881755034, 7321.239150726442
1017.2327100506714, 180.84017170436255
298.90155049948135, 718.33115955119
264.57422371753984, 34.32732678194151
252.03220495646647, 12.542018761073365
207.92438221785918, 44.1078227386073
0.0, 207.92438221785918
176.6136946844368, 31.310687533422367
0.0, 176.6136946844368
158.83677813888482, 17.776916545551984
41.464469859618575, 117.37230827926625
0.0, 41.464469859618575
16.877448429328528, 24.587021430290047
0.0, 16.877448429328528
0.0, 16.877448429328528
50.84619914163068, 107.99057899725415
0.0, 50.84619914163068
18.715511696670827, 32.13068744495985
0.0, 18.715511696670827
0.0, 18.715511696670827
230.1921716839405, 21.84003327252597
0.0, 230.1921716839405
212.36676865533275, 17.825403028607752
205.61717862229833, 6.749590033034423
0.0, 205.61717862229833
204.46226288218966, 1.1549157401086632
0.0, 204.46226288218966
139.03581970267064, 65.42644317951903
0.0, 139.03581970267064
16.424507948223617, 122.61131175444702
0.0, 16.424507948223617
0.0, 16.424507948223617
206.2572221035778, 6.10954655175496
52.37013006603439, 153.8870920375434
0.0, 52.37013006603439
0.0, 52.37013006603439
188.79318430421318, 17.464037799364604
0.0, 188.79318430421318
42.33261346100303, 146.46057084321015
0.0, 42.33261346100303
0.0, 42.33261346100303
256.3737626840865, 8.200461033453337
0.0, 256.3737626840865
9.241066696912311, 247.1326959871742
0.0, 9.241066696912311
0.0, 9.241066696912311
270.19734377073155, 28.704206728749796
251.06414590105584, 19.133197869675712
222.825418789789, 28.238727111266826
0.0, 222.825418789789
210.59927595883124, 12.22614283095777
66.36863493514177, 144.2306410236895
0.0, 66.36863493514177
0.0, 66.36863493514177
208.4465810551454, 2.152694903685841
201.69288396164544, 6.753697093499966
40.33471482056586, 161.35816914107957
0.0, 40.33471482056586
0.0, 40.33471482056586
151.9918744675845, 49.70100949406094
0.0, 151.9918744675845
0.0, 151.9918744675845
203.73218985221328, 4.71439120293212
186.31898354424456, 17.41320630796872
21.93256426830851, 164.38641927593605
0.0, 21.93256426830851
0.0, 21.93256426830851
107.99166634427287, 78.32731719997169
0.0, 107.99166634427287
0.0, 107.99166634427287
200.05415629555472, 3.678033556658562
0.0, 200.05415629555472
25.631036369174293, 174.42311992638042
0.0, 25.631036369174293
0.0, 25.631036369174293
239.57410292932335, 11.490042971732493
225.258631790085, 14.315471139238355
0.0, 225.258631790085
0.0, 225.258631790085
225.62192748076384, 13.952175448559501
201.25215577638176, 24.36977170438209
39.371994086242196, 161.88016169013957
0.0, 39.371994086242196
0.0, 39.371994086242196
124.66060049328853, 76.59155528309323
0.0, 124.66060049328853
100.0436140526727, 24.616986440615833
18.08658879553279, 81.9570252571399
0.0, 18.08658879553279
0.0, 18.08658879553279
99.67802593484811, 0.36558811782458633
0.0, 99.67802593484811
97.39069690635833, 2.287329028489779
3.2741324685935553, 94.11656443776478
0.0, 3.2741324685935553
0.0, 3.2741324685935553
11.755959340134837, 85.63473756622349
0.0, 11.755959340134837
0.0, 11.755959340134837
223.1472604594257, 2.474667021338149
202.29401722021962, 20.85324323920608
0.0, 202.29401722021962
201.6223033164106, 0.6717139038090068
131.35023672571222, 70.27206659069839
0.0, 131.35023672571222
0.0, 131.35023672571222
200.6811323041441, 0.9411710122664942
28.975943344601415, 171.7051889595427
0.0, 28.975943344601415
0.0, 28.975943344601415
55.58550072540203, 145.0956315787421
0.0, 55.58550072540203
0.0, 55.58550072540203
215.50030244588487, 7.646958013540825
204.126519236842, 11.37378320904287
55.10083413478954, 149.02568510205248
0.0, 55.10083413478954
0.0, 55.10083413478954
200.41206298296635, 3.714456253875653
0.0, 200.41206298296635
0.0, 200.41206298296635
210.40527497002768, 5.095027475857194
0.0, 210.40527497002768
207.65887161833734, 2.746403351690333
0.0, 207.65887161833734
184.25097358611475, 23.40789803222259
4.063062400345231, 180.1879111857695
0.0, 4.063062400345231
0.0, 4.063062400345231
80.11158913552319, 104.13938445059156
0.0, 80.11158913552319
0.0, 80.11158913552319
254.45030257477924, 15.747041195952306
216.6785502192644, 37.77175235551485
0.0, 216.6785502192644
200.01818884597856, 16.660361373285838
0.0, 200.01818884597856
48.94459141938896, 151.0735974265896
0.0, 48.94459141938896
4.365295894770991, 44.579295524617976
0.0, 4.365295894770991
0.0, 4.365295894770991
217.17530746241812, 37.274995112361125
0.0, 217.17530746241812
203.15803682566934, 14.017270636748776
0.0, 203.15803682566934
57.543091205937536, 145.6149456197318
0.0, 57.543091205937536
0.0, 57.543091205937536
996.919515010862, 20.31319503980933
428.07707968041007, 568.842435330452
101.7752927115854, 326.3017869688247
0.0, 101.7752927115854
66.58120359069449, 35.19408912089091
0.0, 66.58120359069449
61.42287786749987, 5.158325723194615
0.0, 61.42287786749987
0.0, 61.42287786749987
243.23987382001408, 184.83720586039598
208.58708261420236, 34.652791205811724
0.0, 208.58708261420236
206.93373973372204, 1.6533428804803236
0.0, 206.93373973372204
203.57012342895078, 3.3636163047712557
0.0, 203.57012342895078
0.0, 203.57012342895078
213.3199808277092, 29.91989299230488
209.2189952202272, 4.100985607481988
195.22244637474742, 13.996548845479793
0.0, 195.22244637474742
191.95294126272955, 3.2695051120178675
0.0, 191.95294126272955
74.4409536025366, 117.51198766019296
17.17134691424416, 57.269606688292434
0.0, 17.17134691424416
2.3038817650243715, 14.86746514921979
0.0, 2.3038817650243715
0.0, 2.3038817650243715
27.421672981268195, 47.0192806212684
0.0, 27.421672981268195
0.0, 27.421672981268195
204.38284951702389, 4.836145703203329
97.40907381817745, 106.97377569884644
0.0, 97.40907381817745
0.0, 97.40907381817745
147.90988113150743, 56.47296838551645
0.0, 147.90988113150743
0.0, 147.90988113150743
213.29803274416452, 0.021948083544685915
104.83745565463423, 108.46057708953029
0.0, 104.83745565463423
0.0, 104.83745565463423
201.45029705953897, 11.847735684625547
191.9907578011066, 9.459539258432358
51.51491236197953, 140.47584543912708
0.0, 51.51491236197953
43.99030380139755, 7.5246085605819815
0.0, 43.99030380139755
0.0, 43.99030380139755
113.74805688759616, 78.24270091351045
0.0, 113.74805688759616
0.0, 113.74805688759616
200.7504178257677, 0.69987923377127
0.0, 200.7504178257677
0.0, 200.7504178257677
496.0383690226094, 500.8811459882526
301.60777097918003, 194.43059804342937
288.877539660388, 12.73023131879205
242.45355948152675, 46.42398017886123
215.35986388052825, 27.0936956009985
0.0, 215.35986388052825
29.42658013401399, 185.93328374651426
0.0, 29.42658013401399
0.0, 29.42658013401399
235.86242773052618, 6.5911317510005745
0.0, 235.86242773052618
212.9985651558156, 22.863862574710566
205.3351348124859, 7.663430343329708
43.834221195211825, 161.50091361727408
0.0, 43.834221195211825
1.8086785311112266, 42.0255426641006
0.0, 1.8086785311112266
0.0, 1.8086785311112266
204.24725233342892, 1.0878824790569865
202.95100790357725, 1.2962444298516687
0.0, 202.95100790357725
201.00670379243255, 1.944304111144703
0.0, 201.00670379243255
0.0, 201.00670379243255
203.5125966232422, 0.734655710186729
21.886172421477344, 181.62642420176485
0.0, 21.886172421477344
0.0, 21.886172421477344
201.74039803871725, 1.7721985845249435
148.10511764220442, 53.635280396512826
9.09445453579304, 139.01066310641139
0.0, 9.09445453579304
0.0, 9.09445453579304
88.61263008115606, 59.492487561048364
0.0, 88.61263008115606
16.573704295528152, 72.0389257856279
0.0, 16.573704295528152
0.0, 16.573704295528152
200.02524172813452, 1.7151563105827279
0.0, 200.02524172813452
78.84989775747688, 121.17534397065764
0.0, 78.84989775747688
0.0, 78.84989775747688
209.23085791535226, 3.767707240463352
200.46750930019013, 8.76334861516213
66.75913851095711, 133.70837078923302
0.0, 66.75913851095711
0.0, 66.75913851095711
101.310007220128, 99.15750208006213
0.0, 101.310007220128
82.53350635687633, 18.77650086325167
0.0, 82.53350635687633
0.0, 82.53350635687633
208.4388811267725, 0.7919767885797739
0.0, 208.4388811267725
146.46275170550695, 61.97612942126554
0.0, 146.46275170550695
0.0, 146.46275170550695
248.06495486591692, 40.812584794471064
203.9406551348778, 44.124299731039116
0.0, 203.9406551348778
0.0, 203.9406551348778
223.0133601632747, 25.051594702642205
157.26020691484595, 65.75315324842876
0.0, 157.26020691484595
93.80109447907425, 63.4591124357717
0.0, 93.80109447907425
79.63518818916678, 14.165906289907468
0.0, 79.63518818916678
18.592711402002763, 61.04247678716402
0.0, 18.592711402002763
0.0, 18.592711402002763
201.8078751680215, 21.205484995253215
200.03419036829672, 1.7736847997247764
43.48257962076723, 156.55161074752948
0.0, 43.48257962076723
0.0, 43.48257962076723
191.08284698833023, 8.951343379966488
0.0, 191.08284698833023
0.0, 191.08284698833023
201.11096018868975, 0.6969149793317513
0.0, 201.11096018868975
193.47552327454326, 7.6354369141464815
4.422504345022459, 189.05301892952082
0.0, 4.422504345022459
2.2064017794225115, 2.216102565599947
0.0, 2.2064017794225115
0.0, 2.2064017794225115
134.21608019773404, 59.25944307680922
0.0, 134.21608019773404
0.0, 134.21608019773404
293.8662264337049, 7.741544545475108
215.61791726324833, 78.2483091704566
0.0, 215.61791726324833
210.7694832029316, 4.84843406031672
0.0, 210.7694832029316
206.7201829213589, 4.049300281572698
0.0, 206.7201829213589
0.0, 206.7201829213589
292.485655523458, 1.380570910246945
2.750223359289193, 289.7354321641688
0.0, 2.750223359289193
0.0, 2.750223359289193
288.36020684044723, 4.125448683010745
258.57957355270486, 29.780633287742376
226.00879775702484, 32.57077579568002
208.69170423892228, 17.317093518102553
0.0, 208.69170423892228
0.0, 208.69170423892228
217.55426069732158, 8.454537059703256
210.01487515044067, 7.539385546880908
205.87381419993545, 4.141060950505221
0.0, 205.87381419993545
55.05645314533213, 150.81736105460334
0.0, 55.05645314533213
0.0, 55.05645314533213
209.0745541923649, 0.9403209580757732
0.0, 209.0745541923649
206.17067218057477, 2.903882011790131
0.0, 206.17067218057477
146.88090261782114, 59.289769562753634
0.0, 146.88090261782114
0.0, 146.88090261782114
215.74534114480178, 1.8089195525197965
0.0, 215.74534114480178
213.85917588692126, 1.8861652578805206
201.7037890252894, 12.155386861631854
87.07678548330556, 114.62700354198385
0.0, 87.07678548330556
0.0, 87.07678548330556
151.67560609839074, 50.028182926898666
0.0, 151.67560609839074
0.0, 151.67560609839074
209.6864104291098, 4.172765457811465
202.0710504864825, 7.615359942627293
195.7442901211247, 6.3267603653578135
0.0, 195.7442901211247
92.8499915330645, 102.8942985880602
0.0, 92.8499915330645
0.0, 92.8499915330645
200.9853502929421, 1.0857001935404185
11.509840576963104, 189.47550971597897
0.0, 11.509840576963104
0.0, 11.509840576963104
200.19886982738706, 0.7864804655550302
0.0, 200.19886982738706
13.007755871311105, 187.19111395607595
0.0, 13.007755871311105
0.0, 13.007755871311105
203.80954050222869, 5.876869926881113
88.71692231823098, 115.0926181839977
0.0, 88.71692231823098
41.326267022695646, 47.39065529553534
0.0, 41.326267022695646
21.93322317412426, 19.393043848571384
0.0, 21.93322317412426
0.0, 21.93322317412426
200.46056509772225, 3.348975404506433
51.45212639168744, 149.0084387060348
0.0, 51.45212639168744
26.54676893676444, 24.905357454923003
0.0, 26.54676893676444
0.0, 26.54676893676444
80.80799863310473, 119.65256646461752
20.866956885191243, 59.94104174791349
0.0, 20.866956885191243
9.143852420300238, 11.723104464891005
0.0, 9.143852420300238
0.0, 9.143852420300238
49.57059515639262, 31.23740347671211
0.0, 49.57059515639262
33.48684367009473, 16.083751486297892
0.0, 33.48684367009473
14.46600784042436, 19.020835829670368
0.0, 14.46600784042436
0.0, 14.46600784042436
237.14147060029995, 21.438102952404904
208.82028188537038, 28.321188714929576
193.59496520387276, 15.225316681497617
0.0, 193.59496520387276
60.98938019203278, 132.60558501184
0.0, 60.98938019203278
0.0, 60.98938019203278
202.48164883380085, 6.338633051569531
0.0, 202.48164883380085
143.0895240763633, 59.39212475743756
0.0, 143.0895240763633
0.0, 143.0895240763633
221.5600627449435, 15.581407855356446
201.96373423636527, 19.59632850857824
0.0, 201.96373423636527
121.18425608585706, 80.77947815050821
0.0, 121.18425608585706
0.0, 121.18425608585706
217.10722136980291, 4.4528413751405935
205.54304239492163, 11.564178974881287
200.6933294085378, 4.849712986383821
0.0, 200.6933294085378
5.17320268078861, 195.5201267277492
0.0, 5.17320268078861
0.0, 5.17320268078861
200.92565805597965, 4.617384338941974
0.0, 200.92565805597965
0.0, 200.92565805597965
215.76885378283936, 1.3383675869635567
210.89527986222456, 4.8735739206148025
193.159240328676, 17.736039533548563
0.0, 193.159240328676
28.939408094599262, 164.21983223407673
0.0, 28.939408094599262
0.0, 28.939408094599262
204.1056084436031, 6.789671418621452
0.0, 204.1056084436031
202.00637131650126, 2.099237127101844
0.0, 202.00637131650126
178.57954180274484, 23.426829513756417
0.0, 178.57954180274484
81.02616270546883, 97.55337909727601
0.0, 81.02616270546883
0.0, 81.02616270546883
212.38875751684313, 3.3800962659962295
201.23806310060328, 11.150694416239844
0.0, 201.23806310060328
1.213977285566825, 200.02408581503647
0.0, 1.213977285566825
0.0, 1.213977285566825
202.1082899923345, 10.280467524508623
159.6078894269919, 42.5004005653426
0.0, 159.6078894269919
0.0, 159.6078894269919
199.7104051292352, 2.397884863099307
70.5730225572107, 129.13738257202448
0.0, 70.5730225572107
0.0, 70.5730225572107
168.16594166145822, 31.54446346777698
0.0, 168.16594166145822
0.0, 168.16594166145822
283.53389561829516, 4.826311222152071
201.98250917296355, 81.55138644533162
198.85060454220198, 3.131904630761568
107.02243832292257, 91.82816621927941
0.0, 107.02243832292257
6.387147934596783, 100.63529038832579
0.0, 6.387147934596783
0.0, 6.387147934596783
168.18715771540926, 30.663446826792722
0.0, 168.18715771540926
6.195168127921734, 161.99198958748752
0.0, 6.195168127921734
0.0, 6.195168127921734
201.14452393896354, 0.8379852340000014
55.84235167713649, 145.30217226182705
0.0, 55.84235167713649
0.0, 55.84235167713649
141.7638595627051, 59.38066437625844
0.0, 141.7638595627051
114.91321674610049, 26.85064281660462
0.0, 114.91321674610049
0.0, 114.91321674610049
227.74668749562633, 55.78720812266883
82.44744307553897, 145.29924442008735
0.0, 82.44744307553897
55.164304387278534, 27.283138688260436
0.0, 55.164304387278534
21.922644676522253, 33.24165971075628
0.0, 21.922644676522253
0.0, 21.922644676522253
221.17979682765497, 6.566890667971364
202.16520524104556, 19.014591586609413
0.0, 202.16520524104556
201.7352603444927, 0.42994489655285406
0.0, 201.7352603444927
188.3902267901314, 13.345033554361294
0.0, 188.3902267901314
12.984931483234888, 175.4052953068965
0.0, 12.984931483234888
0.0, 12.984931483234888
211.80901294863634, 9.370783879018632
158.87276051759204, 52.936252431044295
0.0, 158.87276051759204
55.95386229647488, 102.91889822111716
0.0, 55.95386229647488
12.057195236174907, 43.896667060299976
0.0, 12.057195236174907
0.0, 12.057195236174907
207.38816698585904, 4.4208459627772925
0.0, 207.38816698585904
164.60705110702273, 42.78111587883632
0.0, 164.60705110702273
150.93930336405435, 13.667747742968373
0.0, 150.93930336405435
26.353305072633862, 124.5859982914205
0.0, 26.353305072633862
0.0, 26.353305072633862
319.60900538367736, 176.42936363893205
279.6704538702734, 39.93855151340398
200.5443722869863, 79.12608158328709
64.20752998311295, 136.33684230387334
0.0, 64.20752998311295
43.994823197325374, 20.212706785787574
0.0, 43.994823197325374
16.300300262295764, 27.69452293502961
0.0, 16.300300262295764
0.0, 16.300300262295764
200.06405775405602, 0.48031453293026516
0.0, 200.06405775405602
0.0, 200.06405775405602
237.767719080779, 41.90273478949439
224.254940845742, 13.51277823503699
0.0, 224.254940845742
201.99949610789474, 22.255444737847256
0.0, 201.99949610789474
0.0, 201.99949610789474
229.09008345729362, 8.677635623485372
204.07152180483536, 25.01856165245826
0.0, 204.07152180483536
123.09295637060701, 80.97856543422834
0.0, 123.09295637060701
0.0, 123.09295637060701
221.3892006651993, 7.700882792094319
0.0, 221.3892006651993
216.15390103250772, 5.235299632691579
201.8878145247388, 14.266086507768932
200.29009377988558, 1.5977207448532056
31.19186830459454, 169.09822547529103
0.0, 31.19186830459454
17.087546708286002, 14.104321596308537
0.0, 17.087546708286002
11.582857230874074, 5.504689477411928
0.0, 11.582857230874074
0.0, 11.582857230874074
131.14269657659236, 69.14739720329322
0.0, 131.14269657659236
12.840271209953638, 118.30242536663872
0.0, 12.840271209953638
0.0, 12.840271209953638
200.46834928074193, 1.4194652439968536
18.983493830226568, 181.48485545051537
0.0, 18.983493830226568
0.0, 18.983493830226568
167.24949904649895, 33.21885023424298
48.550665321723116, 118.69883372477584
0.0, 48.550665321723116
37.59710862727465, 10.953556694448466
0.0, 37.59710862727465
10.232896377384769, 27.36421224988988
0.0, 10.232896377384769
0.0, 10.232896377384769
142.97996447611325, 24.2695345703857
0.0, 142.97996447611325
100.09444436590867, 42.88552011020458
0.0, 100.09444436590867
20.179329930097648, 79.91511443581102
0.0, 20.179329930097648
0.0, 20.179329930097648
206.00179112623732, 10.152109906270397
0.0, 206.00179112623732
203.41236020505173, 2.5894309211855955
57.41263290436615, 145.99972730068558
0.0, 57.41263290436615
0.0, 57.41263290436615
201.87257376517124, 1.539786439880487
54.660320661579675, 147.21225310359156
0.0, 54.660320661579675
35.232552433352666, 19.42776822822701
0.0, 35.232552433352666
0.0, 35.232552433352666
158.05878588607746, 43.81378787909378
28.471835684294344, 129.5869502017831
0.0, 28.471835684294344
7.606138939876911, 20.865696744417434
0.0, 7.606138939876911
0.0, 7.606138939876911
91.91442985878098, 66.14435602729648
0.0, 91.91442985878098
35.720350251979426, 56.19407960680155
0.0, 35.720350251979426
16.049652602955913, 19.670697649023513
0.0, 16.049652602955913
0.0, 16.049652602955913
313.88976393421837, 5.719241449458991
232.13037056897076, 81.7593933652476
218.21078580522862, 13.919584763742137
205.5130547052031, 12.697731100025521
0.0, 205.5130547052031
201.2600486664535, 4.253006038749589
0.0, 201.2600486664535
200.91529641352255, 0.34475225293095946
0.0, 200.91529641352255
0.0, 200.91529641352255
209.8612044768215, 8.349581328407112
0.0, 209.8612044768215
202.59638930672702, 7.264815170094494
0.0, 202.59638930672702
202.0447785623803, 0.551610744346732
0.0, 202.0447785623803
0.0, 202.0447785623803
220.74380179684243, 11.386568772128328
211.19105274796811, 9.552749048874318
0.0, 211.19105274796811
155.7730992623873, 55.417953485580824
0.0, 155.7730992623873
0.0, 155.7730992623873
217.02558733986248, 3.7182144569799505
211.8278284779727, 5.197758861889781
204.6646832309147, 7.163145247057997
20.76895814171881, 183.8957250891959
0.0, 20.76895814171881
0.0, 20.76895814171881
204.0464891654106, 0.6181940655040989
38.86478055692208, 165.18170860848852
0.0, 38.86478055692208
0.0, 38.86478055692208
62.209114919712334, 141.83737424569827
0.0, 62.209114919712334
0.0, 62.209114919712334
206.8020351173599, 5.025793360612795
200.42550024874194, 6.376534868617966
0.0, 200.42550024874194
0.0, 200.42550024874194
205.18122431730677, 1.6208108000531354
79.53302991039268, 125.64819440691409
26.031477048815454, 53.50155286157723
0.0, 26.031477048815454
0.0, 26.031477048815454
45.59053781858349, 33.94249209180919
0.0, 45.59053781858349
37.533758557269024, 8.056779261314468
0.0, 37.533758557269024
0.0, 37.533758557269024
84.94229273475148, 120.2389315825553
0.0, 84.94229273475148
73.2646726768048, 11.677620057946669
0.0, 73.2646726768048
67.08752164273155, 6.177151034073262
0.0, 67.08752164273155
0.0, 67.08752164273155
216.0053865040014, 1.0202008358610897
0.0, 216.0053865040014
203.13885327590975, 12.86653322809164
0.0, 203.13885327590975
96.06604088823381, 107.07281238767594
0.0, 96.06604088823381
0.0, 96.06604088823381
245.695509778769, 68.19425415544936
210.5756710666524, 35.119838712116604
60.97444201862023, 149.60122904803217
0.0, 60.97444201862023
0.0, 60.97444201862023
204.41644692709502, 6.159224139557381
200.16165110364497, 4.254795823450053
0.0, 200.16165110364497
142.28652643260324, 57.87512467104173
27.79622305620765, 114.49030337639559
0.0, 27.79622305620765
0.0, 27.79622305620765
110.37311379051556, 31.91341264208768
0.0, 110.37311379051556
36.1154973502556, 74.25761644025997
0.0, 36.1154973502556
0.0, 36.1154973502556
202.08167206754493, 2.3347748595500946
200.87770217541149, 1.2039698921334434
0.0, 200.87770217541149
157.44905476252916, 43.42864741288233
0.0, 157.44905476252916
98.53090771934085, 58.91814704318831
12.624144925367368, 85.90676279397348
0.0, 12.624144925367368
0.0, 12.624144925367368
39.62941387967833, 58.901493839662514
0.0, 39.62941387967833
0.0, 39.62941387967833
201.58245372561038, 0.49921834193455084
0.0, 201.58245372561038
0.0, 201.58245372561038
219.3733518365532, 26.322157942215796
181.55082570731665, 37.822526129236564
0.0, 181.55082570731665
158.30340650022734, 23.247419207089308
68.14967786972737, 90.15372863049997
0.0, 68.14967786972737
19.782743532891452, 48.36693433683592
16.8552336343882, 2.927509898503253
0.0, 16.8552336343882
14.797866715602726, 2.0573669187854726
0.0, 14.797866715602726
0.0, 14.797866715602726
18.816351369502566, 0.9663921633888855
0.0, 18.816351369502566
0.0, 18.816351369502566
73.38159251571483, 84.92181398451251
0.0, 73.38159251571483
0.0, 73.38159251571483
203.9042230446268, 15.469128791926408
131.77047810406222, 72.13374494056458
0.0, 131.77047810406222
54.07744563356132, 77.6930324705009
12.615779656917523, 41.46166597664379
0.0, 12.615779656917523
0.0, 12.615779656917523
13.307275352687082, 40.77017028087424
0.0, 13.307275352687082
0.0, 13.307275352687082
198.01484221939072, 5.889380825236088
170.275261658271, 27.73958056111971
0.0, 170.275261658271
31.89290397826425, 138.38235768000675
0.0, 31.89290397826425
2.9067028015387995, 28.98620117672545
0.0, 2.9067028015387995
0.0, 2.9067028015387995
172.72420049871513, 25.29064172067558
0.0, 172.72420049871513
162.60762424682812, 10.116576251887011
0.0, 162.60762424682812
9.41782959881741, 153.18979464801072
0.0, 9.41782959881741
0.0, 9.41782959881741
1020.0390917126462, 178.03379004238775
757.1800013733167, 262.85909033932944
321.2330633261221, 435.94693804719464
226.75307252177984, 94.47999080434224
201.43412444366726, 25.318948078112584
57.74243742355376, 143.6916870201135
0.0, 57.74243742355376
0.0, 57.74243742355376
200.91353895700897, 0.5205854866582911
0.0, 200.91353895700897
200.26477559811465, 0.648763358894314
0.0, 200.26477559811465
36.01265727521781, 164.25211832289685
0.0, 36.01265727521781
0.0, 36.01265727521781
212.9005074519677, 13.85256506981213
0.0, 212.9005074519677
74.7595173869666, 138.14099006500112
0.0, 74.7595173869666
0.0, 74.7595173869666
321.20078514329356, 0.03227818282852013
284.3720559178359, 36.828729225457664
252.46108093254676, 31.91097498528913
202.301197894326, 50.159883038220755
0.0, 202.301197894326
0.0, 202.301197894326
204.43887141244807, 48.0222095200987
23.290610148474826, 181.14826126397324
0.0, 23.290610148474826
0.0, 23.290610148474826
137.760487295543, 66.67838411690508
0.0, 137.760487295543
0.0, 137.760487295543
270.2383903986606, 14.133665519175281
231.66189028908332, 38.576500109577296
0.0, 231.66189028908332
177.0271971143967, 54.63469317468662
0.0, 177.0271971143967
0.0, 177.0271971143967
233.9587137587946, 36.27967663986601
212.95007242374194, 21.00864133505266
202.14477754676105, 10.805294876980895
0.0, 202.14477754676105
160.67517419469615, 41.469603352064894
0.0, 160.67517419469615
76.19527191054885, 84.4799022841473
54.2289731297374, 21.966298780811456
0.0, 54.2289731297374
0.0, 54.2289731297374
73.87505753378115, 2.3202143767677086
0.0, 73.87505753378115
55.90016376167413, 17.974893772107016
0.0, 55.90016376167413
33.10203212723923, 22.798131634434903
0.0, 33.10203212723923
21.923911050377217, 11.17812107686201
0.0, 21.923911050377217
7.977496901034676, 13.94641414934254
0.0, 7.977496901034676
0.0, 7.977496901034676
208.14788388272135, 4.802188541020598
19.765518435864205, 188.38236544685714
0.0, 19.765518435864205
0.0, 19.765518435864205
204.96393055626115, 3.1839533264601982
0.0, 204.96393055626115
204.69353147310528, 0.2703990831558656
138.36418713829144, 66.32934433481384
0.0, 138.36418713829144
0.0, 138.36418713829144
203.7807212602439, 0.9128102128613875
113.31901794593816, 90.46170331430574
0.0, 113.31901794593816
0.0, 113.31901794593816
163.4011698051507, 40.37955145509321
0.0, 163.4011698051507
124.91177405983966, 38.48939574531103
1.4317366469054682, 123.4800374129342
0.0, 1.4317366469054682
0.0, 1.4317366469054682
105.26534900049593, 19.646425059343727
0.0, 105.26534900049593
32.79695575428828, 72.46839324620765
0.0, 32.79695575428828
0.0, 32.79695575428828
227.77284191990222, 6.185871838892382
0.0, 227.77284191990222
223.22491159233857, 4.547930327563648
210.77943992344754, 12.445471668891031
52.239412477778345, 158.54002744566918
0.0, 52.239412477778345
0.0, 52.239412477778345
130.9014699226828, 79.87797000076475
50.37364051993827, 80.52782940274452
0.0, 50.37364051993827
0.0, 50.37364051993827
126.35876327799022, 4.542706644692572
0.0, 126.35876327799022
0.0, 126.35876327799022
211.0441161952721, 12.180795397066476
202.5837354539423, 8.4603807413298
0.0, 202.5837354539423
200.16936814739864, 2.414367306543653
0.0, 200.16936814739864
127.99240458726015, 72.17696356013849
0.0, 127.99240458726015
3.103902445946154, 124.888502141314
0.0, 3.103902445946154
0.0, 3.103902445946154
210.51006357390736, 0.5340526213647365
104.00492074613915, 106.50514282776821
0.0, 104.00492074613915
0.0, 104.00492074613915
200.62185122040583, 9.88821235350153
0.0, 200.62185122040583
196.05649275167124, 4.565358468734587
0.0, 196.05649275167124
46.929572812688015, 149.12691993898324
0.0, 46.929572812688015
13.493289449693524, 33.43628336299449
0.0, 13.493289449693524
0.0, 13.493289449693524
295.8702710672668, 25.33051407602676
0.0, 295.8702710672668
256.82742171309866, 39.04284935416814
72.04149313771714, 184.78592857538152
0.0, 72.04149313771714
19.283488182479662, 52.75800495523748
0.0, 19.283488182479662
0.0, 19.283488182479662
248.69762181858752, 8.129799894511137
0.0, 248.69762181858752
241.33015529812596, 7.367466520461562
162.1096817621103, 79.22047353601565
0.0, 162.1096817621103
131.26591028670364, 30.84377147540667
0.0, 131.26591028670364
78.34223615927003, 52.923674127433614
0.0, 78.34223615927003
0.0, 78.34223615927003
202.8284464862727, 38.50170881185326
137.80497773348227, 65.02346875279042
0.0, 137.80497773348227
123.84098305671132, 13.963994676770952
0.0, 123.84098305671132
0.0, 123.84098305671132
200.73314922746826, 2.095297258804436
151.75611791301932, 48.977031314448936
0.0, 151.75611791301932
96.02625796356367, 55.72985994945566
0.0, 96.02625796356367
0.0, 96.02625796356367
158.0412187978168, 42.69193042965145
0.0, 158.0412187978168
152.37846004095402, 5.662758756862786
0.0, 152.37846004095402
0.0, 152.37846004095402
568.1548594850636, 189.02514188825307
329.4952704151546, 238.65958906990903
215.33798220034092, 114.15728821481369
202.0139045068923, 13.32407769344863
2.061219518959426, 199.95268498793286
0.0, 2.061219518959426
0.0, 2.061219518959426
69.76294264798894, 132.25096185890334
0.0, 69.76294264798894
50.17077105758979, 19.592171590399147
0.0, 50.17077105758979
0.0, 50.17077105758979
205.70719703755861, 9.630785162782303
0.0, 205.70719703755861
201.66760158715655, 4.039595450402061
0.0, 201.66760158715655
201.5626597268551, 0.1049418603014658
0.0, 201.5626597268551
48.83416414787905, 152.72849557897604
0.0, 48.83416414787905
26.145030784622065, 22.689133363256985
0.0, 26.145030784622065
0.0, 26.145030784622065
275.9673358525544, 53.527934562600194
210.67998268534123, 65.28735316721318
55.68684975608573, 154.9931329292555
0.0, 55.68684975608573
0.0, 55.68684975608573
208.00146359365513, 2.6785190916860984
200.58984771765492, 7.411615876000212
0.0, 200.58984771765492
123.49270242458869, 77.09714529306623
0.0, 123.49270242458869
65.24509452592892, 58.247607898659766
0.0, 65.24509452592892
0.0, 65.24509452592892
207.2946483731949, 0.7068152204602427
40.43964676444313, 166.85500160875176
0.0, 40.43964676444313
0.0, 40.43964676444313
202.49186601828467, 4.802782354910221
200.809895950047, 1.6819700682376606
0.0, 200.809895950047
113.55465420131006, 87.25524174873695
0.0, 113.55465420131006
81.92010518198806, 31.634549019321994
0.0, 81.92010518198806
39.028779760895404, 42.89132542109266
0.0, 39.028779760895404
0.0, 39.028779760895404
202.27370816049154, 0.21815785779313046
153.5076256511478, 48.76608250934373
0.0, 153.5076256511478
61.541258145944, 91.9663675052038
0.0, 61.541258145944
0.0, 61.541258145944
200.65249374675338, 1.6212144137381586
38.22971847001869, 162.42277527673468
0.0, 38.22971847001869
26.583197459110018, 11.646521010908671
0.0, 26.583197459110018
0.0, 26.583197459110018
116.02431575008545, 84.62817799666793
0.0, 116.02431575008545
0.0, 116.02431575008545
217.17815906432625, 58.78917678822816
17.95744977073795, 199.2207092935883
0.0, 17.95744977073795
0.0, 17.95744977073795
215.96783619419224, 1.2103228701340072
0.0, 215.96783619419224
203.5424079500821, 12.425428244110151
30.763705890326154, 172.77870205975594
0.0, 30.763705890326154
0.0, 30.763705890326154
191.3535873876712, 12.188820562410882
0.0, 191.3535873876712
144.73060445912841, 46.6229829285428
0.0, 144.73060445912841
2.0025259709848355, 142.72807848814358
0.0, 2.0025259709848355
0.0, 2.0025259709848355
369.288274265901, 198.86658521916263
0.0, 369.288274265901
230.20783621806243, 139.08043804783858
203.57974087120496, 26.628095346857464
200.6780439202961, 2.901696950908871
0.0, 200.6780439202961
180.67847719986068, 19.99956672043541
0.0, 180.67847719986068
134.00076750242982, 46.677709697430856
0.0, 134.00076750242982
109.76129026044396, 24.239477241985867
72.52922496439798, 37.232065296045974
0.0, 72.52922496439798
68.0326561166992, 4.496568847698782
53.64556789208335, 14.387088224615852
0.0, 53.64556789208335
0.0, 53.64556789208335
66.34667630381311, 1.6859798128860888
0.0, 66.34667630381311
52.055283078230005, 14.291393225583107
0.0, 52.055283078230005
33.18998038195094, 18.865302696279066
0.0, 33.18998038195094
0.0, 33.18998038195094
80.97919437492838, 28.782095885515574
0.0, 80.97919437492838
0.0, 80.97919437492838
202.18667116562523, 1.3930697055797339
0.0, 202.18667116562523
200.2384763295214, 1.9481948361038235
0.0, 200.2384763295214
31.006824194146454, 169.23165213537496
0.0, 31.006824194146454
22.219865864286838, 8.786958329859615
0.0, 22.219865864286838
0.0, 22.219865864286838
219.886128762405, 10.321707455657418
34.264846718002566, 185.62128204440245
0.8141725277020109, 33.45067419030055
0.0, 0.8141725277020109
0.0, 0.8141725277020109
9.072964734635528, 25.19188198336704
0.0, 9.072964734635528
0.0, 9.072964734635528
207.81287395693494, 12.073254805470071
200.45620385082995, 7.3566701061049855
123.77503500380384, 76.68116884702611
0.0, 123.77503500380384
0.0, 123.77503500380384
141.23150873393115, 59.2246951168988
0.0, 141.23150873393115
25.613326634447983, 115.61818209948316
0.0, 25.613326634447983
0.0, 25.613326634447983
201.32928522936498, 6.483588727569952
0.0, 201.32928522936498
0.0, 201.32928522936498
906.2691081806965, 113.7699835319496
426.80860283639777, 479.4605053442988
323.46688258762697, 103.3417202487708
254.97398937958636, 68.49289320804061
206.73350930552525, 48.24048007406111
0.0, 206.73350930552525
0.0, 206.73350930552525
210.5899402324746, 44.38404914711177
86.85418901534132, 123.73575121713327
0.0, 86.85418901534132
49.37804730733704, 37.47614170800428
0.0, 49.37804730733704
0.0, 49.37804730733704
205.87964684624862, 4.71029338622597
0.0, 205.87964684624862
200.51021641720192, 5.369430429046702
0.0, 200.51021641720192
167.0902324383302, 33.41998397887173
0.0, 167.0902324383302
41.70269942540648, 125.38753301292371
0.0, 41.70269942540648
0.0, 41.70269942540648
293.3596749228654, 30.107207664761575
200.58692910367049, 92.77274581919491
0.0, 200.58692910367049
132.25780998429204, 68.32911911937845
107.05855315277957, 25.19925683151247
0.0, 107.05855315277957
54.02366602374847, 53.0348871290311
0.0, 54.02366602374847
0.0, 54.02366602374847
116.58978176548494, 15.668028218807095
0.0, 116.58978176548494
43.61526943761331, 72.97451232787164
0.0, 43.61526943761331
32.83637404718013, 10.778895390433178
0.0, 32.83637404718013
0.0, 32.83637404718013
235.38044144655981, 57.97923347630558
231.76732813751553, 3.61311330904428
0.0, 231.76732813751553
207.04071854577055, 24.72660959174499
200.8363539999438, 6.204364545826735
5.151953113474365, 195.68440088646943
0.0, 5.151953113474365
0.0, 5.151953113474365
199.94132729925576, 0.8950267006880495
0.0, 199.94132729925576
0.0, 199.94132729925576
205.48830073194674, 1.5524178138238085
0.0, 205.48830073194674
203.53036768103232, 1.95793305091442
0.0, 203.53036768103232
56.46761394682871, 147.0627537342036
0.0, 56.46761394682871
0.0, 56.46761394682871
234.3937037788493, 0.9867376677105142
213.2906608387761, 21.10304294007321
201.266665990398, 12.023994848378095
72.84946048544998, 128.41720550494802
0.0, 72.84946048544998
0.0, 72.84946048544998
142.59099265913338, 58.67567333126462
0.0, 142.59099265913338
0.0, 142.59099265913338
202.8012367866882, 10.489424052087884
21.911017422087536, 180.89021936460068
0.0, 21.911017422087536
0.0, 21.911017422087536
108.69092715420948, 94.11030963247873
0.0, 108.69092715420948
0.0, 108.69092715420948
222.73608268696128, 11.657621091888018
217.77629070068352, 4.959791986277764
204.57546152466202, 13.2008291760215
202.00587971034506, 2.5695818143169618
0.0, 202.00587971034506
177.05607576257722, 24.949803947767833
0.0, 177.05607576257722
0.0, 177.05607576257722
203.72925701466568, 0.8462045099963404
35.493893262503654, 168.23536375216202
0.0, 35.493893262503654
0.0, 35.493893262503654
200.79664822999663, 2.9326087846690427
0.0, 200.79664822999663
0.0, 200.79664822999663
205.89143058326664, 11.884860117416878
0.0, 205.89143058326664
200.72427807043414, 5.1671525128325015
32.901670999620265, 167.8226070708139
0.0, 32.901670999620265
32.19562288545338, 0.7060481141668831
0.0, 32.19562288545338
0.0, 32.19562288545338
91.39643563277835, 109.32784243765579
0.0, 91.39643563277835
29.90085704455991, 61.495578588218436
0.0, 29.90085704455991
25.67189436601058, 4.22896267854933
0.0, 25.67189436601058
11.281489356242496, 14.390405009768084
0.0, 11.281489356242496
4.440529542820139, 6.840959813422357
0.0, 4.440529542820139
0.0, 4.440529542820139
221.02838957345392, 1.7076931135073607
207.75206236451845, 13.27632720893547
0.0, 207.75206236451845
206.7542765610313, 0.9977858034871474
138.1097491375292, 68.6445274235021
0.0, 138.1097491375292
96.24372187557967, 41.86602726194954
37.95023106472975, 58.29349081084992
0.0, 37.95023106472975
0.0, 37.95023106472975
89.09117230212982, 7.152549573449846
0.0, 89.09117230212982
0.0, 89.09117230212982
202.46560754416416, 4.288669016867146
0.0, 202.46560754416416
201.3022362189357, 1.1633713252284679
0.0, 201.3022362189357
36.754739057969594, 164.5474971609661
0.0, 36.754739057969594
13.38294154425584, 23.371797513713755
0.0, 13.38294154425584
0.0, 13.38294154425584
219.66075169290374, 1.367637880550177
45.7894346807649, 173.87131701213883
0.0, 45.7894346807649
17.381828345598155, 28.407606335166744
0.0, 17.381828345598155
0.0, 17.381828345598155
209.45778588925302, 10.202965803650727
0.0, 209.45778588925302
206.5820758964892, 2.8757099927638308
150.14797193929908, 56.4341039571901
0.0, 150.14797193929908
80.22062672761031, 69.92734521168877
25.270735750886246, 54.94989097672406
0.0, 25.270735750886246
0.0, 25.270735750886246
66.33170778814994, 13.888918939460368
0.0, 66.33170778814994
0.0, 66.33170778814994
206.34627561608815, 0.23580028040103684
0.0, 206.34627561608815
201.81846406324985, 4.527811552838301
0.0, 201.81846406324985
0.0, 201.81846406324985
354.6456552338749, 72.16294760252288
224.01937341369091, 130.62628182018398
203.4922600062414, 20.52711340744952
0.0, 203.4922600062414
200.06192812795928, 3.430331878282118
154.99303913708323, 45.06888899087605
0.0, 154.99303913708323
0.0, 154.99303913708323
167.981856317966, 32.080071809993285
0.0, 167.981856317966
76.25805440214945, 91.72380191581654
0.0, 76.25805440214945
0.0, 76.25805440214945
209.4190303041695, 14.600343109521418
200.96978436372882, 8.449245940440676
0.0, 200.96978436372882
0.0, 200.96978436372882
209.05391452616837, 0.36511577800112605
0.0, 209.05391452616837
53.58039005727378, 155.4735244688946
0.0, 53.58039005727378
0.0, 53.58039005727378
293.76624834081446, 60.879406893060434
226.89751805575432, 66.86873028506014
206.51122623289524, 20.38629182285908
0.0, 206.51122623289524
203.27164332545541, 3.239582907439825
0.0, 203.27164332545541
52.9465368800747, 150.3251064453807
0.0, 52.9465368800747
0.20918643901022474, 52.73735044106448
0.0, 0.20918643901022474
0.0, 0.20918643901022474
223.2670100393334, 3.6305080164209187
211.60634205173054, 11.660667987602864
61.061068400445244, 150.5452736512853
0.0, 61.061068400445244
25.01834392688746, 36.04272447355778
0.0, 25.01834392688746
0.0, 25.01834392688746
64.76363718720388, 146.84270486452664
0.0, 64.76363718720388
11.743903651974605, 53.01973353522928
0.0, 11.743903651974605
9.21778125782944, 2.5261223941451654
0.0, 9.21778125782944
0.0, 9.21778125782944
218.89702304015154, 4.369986999181862
0.0, 218.89702304015154
202.31773308580847, 16.579289954343068
17.934118975617597, 184.38361411019088
0.0, 17.934118975617597
0.0, 17.934118975617597
143.16234938967355, 59.15538369613492
0.0, 143.16234938967355
72.40629411286699, 70.75605527680656
0.0, 72.40629411286699
0.0, 72.40629411286699
273.6021338979265, 20.16411444288798
260.3559068293419, 13.246227068584574
157.42547440182173, 102.93043242752017
0.0, 157.42547440182173
76.78511499465432, 80.64035940716741
0.0, 76.78511499465432
0.0, 76.78511499465432
242.08172023882767, 18.274186590514233
0.0, 242.08172023882767
236.89738102815016, 5.184339210677507
216.18531478898032, 20.712066239169843
203.76134184078902, 12.423972948191306
0.0, 203.76134184078902
200.1895071057141, 3.5718347350749013
0.0, 200.1895071057141
61.71289785290017, 138.47660925281394
0.0, 61.71289785290017
0.0, 61.71289785290017
215.4385252756597, 0.7467895133206071
203.7068990010092, 11.731626274650523
179.07384208135016, 24.633056919659026
0.0, 179.07384208135016
0.0, 179.07384208135016
201.16258607853155, 2.544312922477644
0.0, 201.16258607853155
0.0, 201.16258607853155
209.9925371216315, 5.445988154028214
200.74786063830754, 9.244676483323957
0.0, 200.74786063830754
196.68023419565694, 4.067626442650607
0.0, 196.68023419565694
127.78325604096167, 68.89697815469526
96.87101254995119, 30.912243491010486
1.634840142565714, 95.23617240738548
0.0, 1.634840142565714
0.0, 1.634840142565714
30.389935130761234, 66.48107741918996
0.0, 30.389935130761234
0.0, 30.389935130761234
124.95790648701373, 2.8253495539479445
69.97904425451242, 54.978862232501314
0.0, 69.97904425451242
0.0, 69.97904425451242
108.91741748756363, 16.040488999450105
0.0, 108.91741748756363
18.762712349790814, 90.15470513777281
0.0, 18.762712349790814
0.0, 18.762712349790814
208.20774661512596, 1.7847905065055443
0.0, 208.20774661512596
183.60912919658745, 24.59861741853851
22.216166005179236, 161.3929631914082
0.0, 22.216166005179236
0.0, 22.216166005179236
156.66302588083897, 26.946103315748474
0.0, 156.66302588083897
0.0, 156.66302588083897
219.82051718511644, 17.07686384303372
154.47479308079988, 65.34572410431656
0.0, 154.47479308079988
0.0, 154.47479308079988
204.14424689784929, 15.676270287267158
163.59603640915861, 40.54821048869067
0.0, 163.59603640915861
0.0, 163.59603640915861
187.4973076487938, 16.646939249055492
0.0, 187.4973076487938
0.0, 187.4973076487938
273.3942283633724, 0.20790553455407235
223.18883186511076, 50.20539649826165
186.41387263835009, 36.77495922676067
0.0, 186.41387263835009
52.579217808604405, 133.8346548297457
0.0, 52.579217808604405
0.0, 52.579217808604405
201.3397969282137, 21.849034936897056
0.0, 201.3397969282137
46.21303810028582, 155.1267588279279
0.0, 46.21303810028582
39.07806063836003, 7.134977461925793
0.0, 39.07806063836003
0.0, 39.07806063836003
227.5765588950107, 45.817669468361714
102.91535295730375, 124.66120593770694
0.0, 102.91535295730375
93.67750631708958, 9.237846640214173
0.0, 93.67750631708958
17.182850002867294, 76.49465631422228
0.0, 17.182850002867294
0.0, 17.182850002867294
224.23470894914186, 3.34184994586883
0.0, 224.23470894914186
0.0, 224.23470894914186
483.9997586619136, 422.269349518783
438.5956971606942, 45.40406150121936
329.2254056132842, 109.37029154741003
250.59784238724856, 78.62756322603562
20.376135848690645, 230.22170653855792
0.0, 20.376135848690645
5.808400491230939, 14.567735357459705
0.0, 5.808400491230939
0.0, 5.808400491230939
223.27027735172487, 27.32756503552369
185.6853605745545, 37.58491677717038
0.0, 185.6853605745545
0.0, 185.6853605745545
201.70255674883478, 21.56772060289009
91.97886685920034, 109.72368988963444
0.0, 91.97886685920034
0.0, 91.97886685920034
201.66060592183095, 0.04195082700383068
200.63238116934843, 1.0282247524825152
0.0, 200.63238116934843
38.30861459693084, 162.32376657241758
0.0, 38.30861459693084
0.0, 38.30861459693084
200.94264051550007, 0.717965406330876
0.0, 200.94264051550007
18.342258755204323, 182.60038176029576
0.0, 18.342258755204323
0.0, 18.342258755204323
316.03666564720567, 13.188739966078515
207.1850557712388, 108.85160987596686
202.11813634848045, 5.06691942275836
167.82012354633486, 34.29801280214559
0.0, 167.82012354633486
0.0, 167.82012354633486
200.67298691617245, 1.4451494323079999
85.63896241178348, 115.03402450438897
0.0, 85.63896241178348
72.70827083492888, 12.9306915768546
0.0, 72.70827083492888
0.0, 72.70827083492888
99.83832405027086, 100.83466286590159
0.0, 99.83832405027086
71.31598790792994, 28.52233614234092
0.0, 71.31598790792994
12.59220625812505, 58.72378164980489
0.0, 12.59220625812505
0.0, 12.59220625812505
206.67502299677776, 0.5100327744610524
202.04899421627434, 4.626028780503418
0.0, 202.04899421627434
12.444045161851255, 189.6049490544231
0.0, 12.444045161851255
0.0, 12.444045161851255
206.27012071892858, 0.40490227784917465
201.61327848160437, 4.656842237324213
0.0, 201.61327848160437
20.300352871650585, 181.3129256099538
0.0, 20.300352871650585
0.0, 20.300352871650585
204.36397347026684, 1.906147248661739
201.678981976934, 2.6849914933328307
54.82817345892266, 146.85080851801135
0.0, 54.82817345892266
20.717768642806746, 34.11040481611592
0.0, 20.717768642806746
0.0, 20.717768642806746
200.71554580589893, 0.9634361710350845
198.15701012206387, 2.5585356838350606
0.0, 198.15701012206387
136.12530367668688, 62.03170644537698
0.0, 136.12530367668688
71.05493634823951, 65.07036732844738
0.0, 71.05493634823951
0.0, 71.05493634823951
200.5129998901104, 0.20254591578853365
0.0, 200.5129998901104
10.351985215758836, 190.16101467435155
0.0, 10.351985215758836
0.0, 10.351985215758836
202.3579623668529, 2.006011103413954
99.87787130242336, 102.48009106442953
0.0, 99.87787130242336
72.46326454108086, 27.414606761342498
0.0, 72.46326454108086
0.0, 72.46326454108086
133.30860674591602, 69.04935562093686
0.0, 133.30860674591602
15.997446101528636, 117.31116064438739
0.0, 15.997446101528636
0.0, 15.997446101528636
293.969983554721, 22.066682092484655
201.07442340483658, 92.89556014988443
0.0, 201.07442340483658
133.96556036788303, 67.10886303695355
0.0, 133.96556036788303
109.19637223380036, 24.76918813408267
6.898402821138476, 102.29796941266189
0.0, 6.898402821138476
4.0371184417207155, 2.8612843794177607
0.0, 4.0371184417207155
0.0, 4.0371184417207155
62.561051838172844, 46.63532039562752
0.0, 62.561051838172844
0.0, 62.561051838172844
262.9451766967561, 31.024806857964904
0.0, 262.9451766967561
244.7731111826051, 18.172065514151
0.0, 244.7731111826051
208.80741333991855, 35.96569784268655
0.0, 208.80741333991855
203.91768300537896, 4.889730334539593
44.69060085527586, 159.22708215010312
0.0, 44.69060085527586
19.085628077768302, 25.60497277750756
0.0, 19.085628077768302
0.8048280285431376, 18.280800049225164
0.0, 0.8048280285431376
0.0, 0.8048280285431376
129.12921317963455, 74.78846982574441
0.0, 129.12921317963455
44.46570865174069, 84.66350452789385
14.802171232473128, 29.663537419267563
0.0, 14.802171232473128
0.0, 14.802171232473128
17.931872312131645, 26.533836339609046
1.2931081857304219, 16.638764126401224
0.0, 1.2931081857304219
0.0, 1.2931081857304219
6.420076036382141, 11.511796275749504
0.0, 6.420076036382141
0.0, 6.420076036382141
335.5426199732755, 103.0530771874187
309.51453657291165, 26.02808340036387
271.55309243899546, 37.96144413391619
251.16286989425845, 20.390222544737014
212.28917054928783, 38.87369934497062
0.0, 212.28917054928783
204.9248297232033, 7.364340826084543
181.60549687729724, 23.319332845906047
0.0, 181.60549687729724
164.99581430251192, 16.609682574785325
0.0, 164.99581430251192
27.786653565063574, 137.20916073744834
0.0, 27.786653565063574
2.4850485583321764, 25.301605006731396
0.0, 2.4850485583321764
0.0, 2.4850485583321764
201.87837604511674, 3.04645367808655
0.0, 201.87837604511674
0.0, 201.87837604511674
238.22776403737276, 12.935105856885684
208.74873909369293, 29.479024943679832
200.3382178243098, 8.410521269383139
0.0, 200.3382178243098
28.56329536861077, 171.77492245569903
0.0, 28.56329536861077
0.0, 28.56329536861077
208.03838507789072, 0.7103540158022099
0.0, 208.03838507789072
200.63352126639643, 7.404863811494295
0.0, 200.63352126639643
0.0, 200.63352126639643
235.0044543578483, 3.2233096795244762
207.79512113504623, 27.20933322280206
166.07227291014428, 41.72284822490195
0.0, 166.07227291014428
0.0, 166.07227291014428
202.70704525965672, 5.088075875389507
33.581356066886755, 169.12568919276998
0.0, 33.581356066886755
0.0, 33.581356066886755
201.85920685823248, 0.8478384014242408
106.11018888729215, 95.74901797094033
0.0, 106.11018888729215
0.0, 106.11018888729215
201.7847076799609, 0.07449917827159425
0.0, 201.7847076799609
13.661333452130341, 188.12337422783054
0.0, 13.661333452130341
6.625529332788713, 7.035804119341628
0.0, 6.625529332788713
0.0, 6.625529332788713
222.77395368396205, 12.23050067388624
0.0, 222.77395368396205
216.25874461908938, 6.515209064872664
206.90250980473638, 9.356234814353002
179.8732355934738, 27.02927421126259
20.911568794711112, 158.96166679876268
0.0, 20.911568794711112
0.0, 20.911568794711112
161.24909697737147, 18.62413861610233
0.0, 161.24909697737147
0.0, 161.24909697737147
200.69030962499167, 6.212200179744713
0.0, 200.69030962499167
12.983333571312523, 187.70697605367914
0.0, 12.983333571312523
0.0, 12.983333571312523
215.70861240094945, 0.550132218139936
207.541100903463, 8.167511497486458
35.883002970341444, 171.65809793312155
0.0, 35.883002970341444
2.6521919695001697, 33.23081100084127
0.0, 2.6521919695001697
0.0, 2.6521919695001697
204.993278679326, 2.5478222241369792
201.3484494564812, 3.6448292228448054
114.11273011254413, 87.23571934393708
0.0, 114.11273011254413
0.0, 114.11273011254413
167.50395609429245, 33.84449336218876
73.50231658261498, 94.00163951167747
0.0, 73.50231658261498
0.0, 73.50231658261498
153.15164270801876, 14.352313386273693
0.0, 153.15164270801876
37.34059456426334, 115.81104814375541
0.0, 37.34059456426334
8.687842036275763, 28.65275252798758
0.0, 8.687842036275763
0.0, 8.687842036275763
204.9267655883102, 0.06651309101582115
21.659757178059294, 183.2670084102509
0.0, 21.659757178059294
4.5422886305656025, 17.117468547493694
0.0, 4.5422886305656025
0.0, 4.5422886305656025
202.23462535697692, 2.692140231333269
200.4599617564184, 1.7746636005585117
0.0, 200.4599617564184
192.15901242853226, 8.300949327886144
156.06142659645872, 36.09758583207355
0.0, 156.06142659645872
10.351637171741713, 145.709789424717
0.0, 10.351637171741713
0.0, 10.351637171741713
168.35315360502187, 23.80585882351039
0.0, 168.35315360502187
60.66902711314177, 107.68412649188011
0.0, 60.66902711314177
0.0, 60.66902711314177
201.9342167566151, 0.30040860036183403
0.0, 201.9342167566151
200.262510993519, 1.6717057630960994
0.0, 200.262510993519
20.392144986036087, 179.87036600748291
0.0, 20.392144986036087
0.0, 20.392144986036087
211.15443137131987, 4.554181029629575
207.06988316336387, 4.084548207956004
0.0, 207.06988316336387
206.35589761181748, 0.7139855515463864
186.43769504198576, 19.91820256983172
16.223167454101926, 170.21452758788382
0.0, 16.223167454101926
7.698411016361276, 8.524756437740649
0.0, 7.698411016361276
0.0, 7.698411016361276
162.7187983990101, 23.718896642975665
0.0, 162.7187983990101
0.0, 162.7187983990101
203.99455327064018, 2.3613443411773005
0.0, 203.99455327064018
104.59234123999862, 99.40221203064156
10.547692755463986, 94.04464848453463
0.0, 10.547692755463986
0.0, 10.547692755463986
57.411715919888394, 47.180625320110224
0.0, 57.411715919888394
0.0, 57.411715919888394
208.0818351177759, 3.0725962535439635
0.0, 208.0818351177759
203.35100183737185, 4.730833280404056
0.0, 203.35100183737185
202.40709960962067, 0.943902227751181
0.0, 202.40709960962067
200.79520135410334, 1.6118982555173318
0.0, 200.79520135410334
200.3003083688731, 0.49489298523025127
0.0, 200.3003083688731
181.20593573373543, 19.09437263513766
18.13147927068618, 163.07445646304924
0.0, 18.13147927068618
0.0, 18.13147927068618
173.8226776820802, 7.383258051655218
139.14706942895742, 34.67560825312279
59.19214609961005, 79.95492332934737
0.0, 59.19214609961005
0.0, 59.19214609961005
75.28491178210396, 63.86215764685346
0.0, 75.28491178210396
0.0, 75.28491178210396
147.10405515551236, 26.718622526567856
0.0, 147.10405515551236
104.28961661753647, 42.81443853797589
58.38043199210614, 45.90918462543033
0.0, 58.38043199210614
0.0, 58.38043199210614
83.54015677889507, 20.7494598386414
0.0, 83.54015677889507
30.819487264952254, 52.72066951394281
0.0, 30.819487264952254
0.0, 30.819487264952254
255.85558554808978, 15.697506890905686
235.66780022641373, 20.187785321676046
200.90519390451513, 34.7626063218986
156.5539210159264, 44.35127288858874
0.0, 156.5539210159264
0.0, 156.5539210159264
159.50245203344247, 41.402741871072664
70.0756202659894, 89.42683176745307
0.0, 70.0756202659894
51.51206401650172, 18.563556249487682
15.62593063390629, 35.88613338259543
0.0, 15.62593063390629
0.0, 15.62593063390629
31.87537126607535, 19.636692750426366
0.0, 31.87537126607535
0.0, 31.87537126607535
139.49198982431838, 20.010462209124086
0.0, 139.49198982431838
130.6912716508532, 8.800718173465185
0.0, 130.6912716508532
31.074414457192475, 99.61685719366072
0.0, 31.074414457192475
0.0, 31.074414457192475
205.80547118829392, 29.86232903811981
204.887845985784, 0.9176252025099245
0.0, 204.887845985784
17.380978062391872, 187.50686792339212
0.0, 17.380978062391872
0.0, 17.380978062391872
205.4504601707689, 0.3550110175250154
0.0, 205.4504601707689
0.0, 205.4504601707689
247.63972035529966, 8.215865192790119
208.71752035104367, 38.922200004255984
202.85935092688572, 5.85816942415795
197.29834249823907, 5.561008428646659
0.0, 197.29834249823907
78.7779882570509, 118.52035424118817
0.0, 78.7779882570509
0.0, 78.7779882570509
202.23708492724424, 0.6222659996414848
0.0, 202.23708492724424
0.0, 202.23708492724424
207.49011849692567, 1.2274018541179998
122.71308015689665, 84.77703834002902
61.00815204377077, 61.70492811312588
0.0, 61.00815204377077
35.56400244783114, 25.444149595939628
0.0, 35.56400244783114
21.587839968933956, 13.976162478897187
0.0, 21.587839968933956
0.0, 21.587839968933956
92.71379383063994, 29.99928632625671
0.0, 92.71379383063994
0.0, 92.71379383063994
205.19980725840384, 2.290311238521838
79.77852276340147, 125.42128449500237
0.0, 79.77852276340147
2.1496162032246704, 77.6289065601768
0.0, 2.1496162032246704
0.0, 2.1496162032246704
172.22644388890998, 32.97336336949385
0.0, 172.22644388890998
0.0, 172.22644388890998
230.4682912303771, 17.171429124922554
212.83742839890735, 17.630862831469756
64.85024858440491, 147.98717981450244
0.0, 64.85024858440491
11.789211302677037, 53.06103728172787
0.0, 11.789211302677037
0.0, 11.789211302677037
96.09021697761122, 116.74721142129613
0.0, 96.09021697761122
94.01081643992416, 2.0794005376870643
31.65405279148192, 62.35676364844224
0.0, 31.65405279148192
0.0, 31.65405279148192
55.23220611335071, 38.77861032657344
0.0, 55.23220611335071
1.8044204679627558, 53.42778564538796
0.0, 1.8044204679627558
0.0, 1.8044204679627558
221.1088700364057, 9.3594211939714
209.0267220045341, 12.082148031871611
0.0, 209.0267220045341
17.617459256808385, 191.4092627477257
0.0, 17.617459256808385
0.0, 17.617459256808385
213.00139598200346, 8.107474054402246
0.0, 213.00139598200346
205.78637659294154, 7.215019389061922
200.7996367326179, 4.986739860323638
0.0, 200.7996367326179
166.52884287537995, 34.27079385723795
0.0, 166.52884287537995
161.20567900745263, 5.32316386792732
22.98648660338006, 138.21919240407257
0.0, 22.98648660338006
0.0, 22.98648660338006
79.35411307304305, 81.85156593440958
0.0, 79.35411307304305
13.152856043364684, 66.20125702967837
0.0, 13.152856043364684
0.0, 13.152856043364684
202.772980077657, 3.0133965152845406
159.03483565915934, 43.738144418497654
38.14656703193559, 120.88826862722375
0.0, 38.14656703193559
0.0, 38.14656703193559
119.10938993726518, 39.925445721894164
0.0, 119.10938993726518
0.0, 119.10938993726518
201.47270553354164, 1.3002745441153536
0.0, 201.47270553354164
109.29338349313191, 92.17932204040973
0.0, 109.29338349313191
54.726123668468695, 54.56725982466322
0.0, 54.726123668468695
0.0, 54.726123668468695
295.9499323568366, 13.564604216075054
8.531907919009315, 287.4180244378273
0.0, 8.531907919009315
8.503551931746928, 0.02835598726238686
0.0, 8.503551931746928
0.0, 8.503551931746928
230.45276852939915, 65.49716382743745
219.2367687789238, 11.215999750475362
204.81927474664303, 14.417494032280757
91.1434828397986, 113.67579190684444
0.0, 91.1434828397986
7.983563316330724, 83.15991952346786
0.0, 7.983563316330724
7.078860947646905, 0.9047023686838189
0.0, 7.078860947646905
0.0, 7.078860947646905
194.9069348492659, 9.912339897377137
73.14676277404803, 121.76017207521787
0.0, 73.14676277404803
0.0, 73.14676277404803
126.5944033651247, 68.31253148414119
0.0, 126.5944033651247
39.33913267291278, 87.25527069221192
9.107185215320179, 30.231947457592604
0.0, 9.107185215320179
0.0, 9.107185215320179
32.63444702708942, 6.704685645823361
0.0, 32.63444702708942
0.0, 32.63444702708942
212.7385144881811, 6.498254290742693
0.0, 212.7385144881811
211.27582639452763, 1.462688093653469
0.0, 211.27582639452763
211.0392745997204, 0.23655179480724087
207.11962744123653, 3.919647158483855
60.12134594493196, 146.99828149630457
0.0, 60.12134594493196
58.1432820829977, 1.9780638619342596
0.0, 58.1432820829977
0.0, 58.1432820829977
205.58669372564017, 1.5329337155963572
200.12544154864193, 5.461252176998244
0.0, 200.12544154864193
113.68565630533874, 86.43978524330319
0.0, 113.68565630533874
104.67887112507982, 9.006785180258916
0.0, 104.67887112507982
35.12806476950049, 69.55080635557934
0.0, 35.12806476950049
0.0, 35.12806476950049
200.89058100457635, 4.696112721063827
0.0, 200.89058100457635
161.82563983534715, 39.0649411692292
61.27387207780037, 100.55176775754677
0.0, 61.27387207780037
0.0, 61.27387207780037
110.88646555104197, 50.93917428430518
0.0, 110.88646555104197
60.47904681041841, 50.407418740623555
0.0, 60.47904681041841
48.3184054695409, 12.160641340877511
0.0, 48.3184054695409
0.0, 48.3184054695409
208.3731211632932, 2.66615343642718
202.91915970245165, 5.453961460841555
0.0, 202.91915970245165
19.35165278942292, 183.56750691302872
0.0, 19.35165278942292
0.0, 19.35165278942292
205.52384464618692, 2.84927651710629
202.40043405852055, 3.1234105876663705
31.70362583175099, 170.69680822676955
0.0, 31.70362583175099
0.0, 31.70362583175099
129.89710956578273, 72.50332449273782
19.373582183483958, 110.52352738229877
0.0, 19.373582183483958
10.58139479693333, 8.792187386550628
0.0, 10.58139479693333
0.0, 10.58139479693333
117.7286657215116, 12.168443844271124
0.0, 117.7286657215116
84.02780261552195, 33.700863105989654
0.0, 84.02780261552195
0.0, 84.02780261552195
204.04606035760312, 1.4777842885837913
200.95929700278595, 3.0867633548171796
166.04796658368411, 34.91133041910183
0.0, 166.04796658368411
0.0, 166.04796658368411
176.17425231225127, 24.785044690534676
0.0, 176.17425231225127
7.861547821481228, 168.31270449077005
0.0, 7.861547821481228
0.0, 7.861547821481228
201.95549947398837, 2.0905608836147564
122.4178209125478, 79.53767856144057
0.0, 122.4178209125478
0.0, 122.4178209125478
161.56562158577873, 40.38987788820964
0.0, 161.56562158577873
153.32648844407237, 8.239133141706361
0.0, 153.32648844407237
119.87325220184894, 33.453236242223426
45.54239265935452, 74.33085954249442
0.0, 45.54239265935452
0.0, 45.54239265935452
119.42092721240903, 0.4523249894399157
0.0, 119.42092721240903
33.78525458900866, 85.63567262340037
0.0, 33.78525458900866
0.0, 33.78525458900866
227.23107078467987, 3.221697744719279
220.6445143443283, 6.586556440351586
202.14158383494626, 18.502930509382026
103.9839125785929, 98.15767125635335
0.0, 103.9839125785929
0.0, 103.9839125785929
137.13413067881467, 65.00745315613159
0.0, 137.13413067881467
35.12937222504716, 102.00475845376751
0.0, 35.12937222504716
0.0, 35.12937222504716
203.24172949794215, 17.40278484638614
0.0, 203.24172949794215
112.84606607767681, 90.39566342026534
0.0, 112.84606607767681
0.0, 112.84606607767681
226.00303225598293, 1.228038528696942
218.3091903816895, 7.69384187429344
210.29479772664692, 8.01439265504257
110.559413245953, 99.73538448069392
4.960062895739479, 105.59935035021351
0.0, 4.960062895739479
0.0, 4.960062895739479
42.96723136738407, 67.59218187856892
0.0, 42.96723136738407
0.0, 42.96723136738407
205.35833691074234, 4.9364608159045815
25.401936246110303, 179.95640066463204
0.0, 25.401936246110303
0.0, 25.401936246110303
203.24704016408037, 2.1112967466619637
59.29581111625573, 143.95122904782465
14.61313481830194, 44.68267629795379
0.0, 14.61313481830194
0.0, 14.61313481830194
48.42642548375254, 10.869385632503189
0.0, 48.42642548375254
0.0, 48.42642548375254
200.4316762295975, 2.8153639344828605
32.553492884727525, 167.87818334487
0.0, 32.553492884727525
0.0, 32.553492884727525
84.50438680356196, 115.92728942603556
0.0, 84.50438680356196
0.0, 84.50438680356196
217.46426965530483, 0.8449207263846574
94.14232215712305, 123.32194749818179
0.0, 94.14232215712305
77.27648160493462, 16.86584055218843
0.0, 77.27648160493462
0.0, 77.27648160493462
166.2988364697, 51.165433185604826
0.0, 166.2988364697
132.02996307196332, 34.268873397736684
0.0, 132.02996307196332
0.0, 132.02996307196332
221.44180917315188, 4.561223082831049
0.0, 221.44180917315188
200.27473533001282, 21.167073843139065
0.0, 200.27473533001282
85.07159509777573, 115.20314023223709
0.0, 85.07159509777573
0.0, 85.07159509777573
332.4351634826844, 3.107456490591119
0.0, 332.4351634826844
320.7084971354677, 11.726666347216678
31.715966131424473, 288.99253100404326
0.0, 31.715966131424473
0.0, 31.715966131424473
269.2150838643917, 51.49341327107601
214.2529824039632, 54.96210146042853
201.77071946360675, 12.482262940356435
0.0, 201.77071946360675
201.09884252400414, 0.6718769396026119
87.37971539439911, 113.71912712960503
0.0, 87.37971539439911
73.55321286470675, 13.826502529692362
0.0, 73.55321286470675
0.0, 73.55321286470675
168.40981286074646, 32.689029663257685
0.0, 168.40981286074646
141.22917793898668, 27.180634921759776
12.111828648074205, 129.11734929091247
0.0, 12.111828648074205
0.0, 12.111828648074205
13.295170060553996, 127.93400787843268
0.0, 13.295170060553996
0.0, 13.295170060553996
207.54889572479357, 6.70408667916962
101.77057001656296, 105.77832570823061
0.0, 101.77057001656296
0.0, 101.77057001656296
200.4525185685824, 7.096377156211162
0.0, 200.4525185685824
0.0, 200.4525185685824
247.76688182120228, 21.44820204318944
231.2723192373319, 16.494562583870362
82.4646800355851, 148.8076392017468
0.0, 82.4646800355851
74.73281560059303, 7.731864434992076
0.0, 74.73281560059303
0.0, 74.73281560059303
201.10604179852743, 30.166277438804485
39.68600294282625, 161.4200388557012
0.0, 39.68600294282625
24.91787754436418, 14.768125398462068
0.0, 24.91787754436418
21.004634935439633, 3.9132426089245484
0.0, 21.004634935439633
0.0, 21.004634935439633
200.45169546163663, 0.6543463368907965
45.557817317041916, 154.8938781445947
0.0, 45.557817317041916
0.0, 45.557817317041916
200.06370512957412, 0.38799033206251465
85.8031742079386, 114.26053092163552
0.0, 85.8031742079386
0.0, 85.8031742079386
87.0096950014826, 113.05401012809152
0.0, 87.0096950014826
0.0, 87.0096950014826
241.97654115408398, 5.790340667118301
26.188727472453596, 215.78781368163038
0.0, 26.188727472453596
0.0, 26.188727472453596
215.31497483492458, 26.66156631915939
43.62490853079712, 171.69006630412747
28.771025826566255, 14.853882704230866
0.0, 28.771025826566255
0.0, 28.771025826566255
41.706717095285676, 1.9181914355114458
0.0, 41.706717095285676
32.538275413497615, 9.16844168178806
0.0, 32.538275413497615
0.0, 32.538275413497615
211.66116396199735, 3.653810872927238
202.24286094589428, 9.418303016103067
0.0, 202.24286094589428
0.0, 202.24286094589428
202.56551613792175, 9.095647824075598
0.0, 202.56551613792175
96.32811168647893, 106.23740445144281
0.0, 96.32811168647893
0.0, 96.32811168647893
453.5754817087007, 30.424276953212882
210.14321835757585, 243.43226335112485
187.9219099114753, 22.22130844610055
0.0, 187.9219099114753
83.8577940579911, 104.0641158534842
0.0, 83.8577940579911
64.84789359361132, 19.009900464379783
0.0, 64.84789359361132
0.0, 64.84789359361132
208.01639966622855, 2.126818691347296
0.0, 208.01639966622855
105.67234216092271, 102.34405750530584
0.0, 105.67234216092271
0.0, 105.67234216092271
316.9907917361108, 136.5846899725899
230.46967465008603, 86.52111708602476
201.05903410611063, 29.410640543975404
0.0, 201.05903410611063
0.0, 201.05903410611063
214.70020101417387, 15.769473635912163
0.0, 214.70020101417387
204.01458445593087, 10.685616558242998
0.0, 204.01458445593087
0.0, 204.01458445593087
272.6534696528714, 44.33732208323937
231.526688487229, 41.12678116564243
214.79442297324238, 16.73226551398662
0.0, 214.79442297324238
209.93801628198497, 4.856406691257405
0.0, 209.93801628198497
0.0, 209.93801628198497
222.46726665302717, 9.059421834201828
0.0, 222.46726665302717
206.32219145465828, 16.145075198368886
100.45891691959548, 105.8632745350628
0.0, 100.45891691959548
0.0, 100.45891691959548
204.30561623173585, 2.0165752229224267
200.34741791849913, 3.9581983132367213
112.1340799461337, 88.21333797236544
0.0, 112.1340799461337
0.0, 112.1340799461337
200.0152389331441, 0.33217898535502854
0.0, 200.0152389331441
20.470643872709232, 179.54459506043486
0.0, 20.470643872709232
0.0, 20.470643872709232
201.26095909622285, 3.044657135513006
0.0, 201.26095909622285
200.37943047626177, 0.8815286199610739
0.0, 200.37943047626177
0.0, 200.37943047626177
257.1185828166769, 15.534886836194516
205.64581268674831, 51.47277012992859
123.29742209457292, 82.34839059217539
0.0, 123.29742209457292
86.9345517202701, 36.36287037430283
0.0, 86.9345517202701
49.363392944496475, 37.57115877577362
0.0, 49.363392944496475
1.2238582461844894, 48.139534698311984
0.0, 1.2238582461844894
0.0, 1.2238582461844894
176.42156625194153, 29.224246434806787
15.83240505085701, 160.58916120108452
0.0, 15.83240505085701
0.0, 15.83240505085701
159.75380889923025, 16.667757352711277
0.0, 159.75380889923025
0.0, 159.75380889923025
215.4671015029742, 41.6514813137027
72.87443817226116, 142.59266333071304
0.0, 72.87443817226116
0.0, 72.87443817226116
202.66455407416493, 12.802547428809277
5.659449623874765, 197.00510445029016
0.0, 5.659449623874765
0.0, 5.659449623874765
14.934032345722613, 187.7305217284423
0.0, 14.934032345722613
0.0, 14.934032345722613
2968.862342626427, 5550.449689855048
281.75300042859993, 2687.109342197827
233.80035418596222, 47.95264624263771
210.76801022586704, 23.032343960095176
200.04822672300972, 10.719783502857325
0.0, 200.04822672300972
96.41293876730748, 103.63528795570224
0.0, 96.41293876730748
80.80520052165342, 15.607738245654062
0.0, 80.80520052165342
53.53346674005529, 27.27173378159813
0.0, 53.53346674005529
0.0, 53.53346674005529
208.77630649556042, 1.9917037303066252
85.05940339314495, 123.71690310241547
0.0, 85.05940339314495
0.0, 85.05940339314495
153.88256243945264, 54.89374405610778
0.0, 153.88256243945264
70.39714134575571, 83.48542109369693
0.0, 70.39714134575571
20.38960232191995, 50.00753902383576
0.0, 20.38960232191995
0.0, 20.38960232191995
220.5633411626788, 13.237013023283424
205.64894799651483, 14.914393166163961
53.7365853471617, 151.91236264935313
0.0, 53.7365853471617
0.0, 53.7365853471617
187.16853492692337, 18.480413069591464
0.0, 187.16853492692337
1.3656953970032608, 185.8028395299201
0.0, 1.3656953970032608
0.0, 1.3656953970032608
217.0497792298732, 3.513561932805601
144.1565044315828, 72.8932747982904
0.0, 144.1565044315828
47.43166550335231, 96.72483892823047
0.0, 47.43166550335231
27.708276998263642, 19.72338850508867
0.0, 27.708276998263642
27.19084007337846, 0.5174369248851818
0.0, 27.19084007337846
0.0, 27.19084007337846
207.80457917941504, 9.245200050458152
0.0, 207.80457917941504
201.41384854707542, 6.390730632339626
0.0, 201.41384854707542
0.0, 201.41384854707542
258.82222025556314, 22.930780173036794
222.20648025579746, 36.61573999976568
200.7145555127067, 21.49192474309075
16.93709634786012, 183.7774591648466
0.0, 16.93709634786012
0.0, 16.93709634786012
41.33264598005311, 159.3819095326536
0.0, 41.33264598005311
29.026887442380087, 12.305758537673022
0.0, 29.026887442380087
0.0, 29.026887442380087
207.60649458619596, 14.599985669601494
4.100982700513783, 203.50551188568218
0.0, 4.100982700513783
0.0, 4.100982700513783
200.196677129755, 7.409817456440976
0.0, 200.196677129755
191.4907544108545, 8.705922718900496
104.71075782266438, 86.77999658819012
0.0, 104.71075782266438
0.0, 104.71075782266438
144.54065910051045, 46.95009531034404
116.4950436997297, 28.045615400780747
0.0, 116.4950436997297
60.937894437862106, 55.5571492618676
0.0, 60.937894437862106
28.926712839825203, 32.0111815980369
0.0, 28.926712839825203
0.0, 28.926712839825203
142.81083335036686, 1.7298257501435899
0.0, 142.81083335036686
113.85818220709737, 28.95265114326949
0.0, 113.85818220709737
68.39582826989376, 45.462353937203616
0.0, 68.39582826989376
0.0, 68.39582826989376
240.46375969712065, 18.358460558442488
209.95161642493358, 30.512143272187075
167.77279155367233, 42.17882487126124
0.0, 167.77279155367233
118.3833110569761, 49.38948049669624
0.0, 118.3833110569761
102.026802795409, 16.3565082615671
0.0, 102.026802795409
0.0, 102.026802795409
203.45764708873526, 6.493969336198319
153.66242773532636, 49.795219353408896
35.27616829853052, 118.38625943679584
0.0, 35.27616829853052
0.0, 35.27616829853052
105.62164513181139, 48.04078260351497
0.0, 105.62164513181139
61.51543180091886, 44.10621333089253
13.64404961841282, 47.87138218250604
0.0, 13.64404961841282
0.0, 13.64404961841282
40.05161783104201, 21.463813969876853
0.0, 40.05161783104201
0.0, 40.05161783104201
202.50818171480242, 0.9494653739328385
0.0, 202.50818171480242
202.22254533127315, 0.28563638352926546
0.6515168950605023, 201.57102843621266
0.0, 0.6515168950605023
0.0, 0.6515168950605023
201.44208462915867, 0.7804607021144818
158.01812878082453, 43.423955848334145
130.2550766148738, 27.76305216595074
0.0, 130.2550766148738
89.77045265501089, 40.4846239598629
0.0, 89.77045265501089
0.0, 89.77045265501089
139.75559112460726, 18.262537656217262
9.140749604657062, 130.6148415199502
0.0, 9.140749604657062
0.0, 9.140749604657062
98.66918063849474, 41.08641048611253
0.0, 98.66918063849474
66.46974812973326, 32.199432508761475
0.0, 66.46974812973326
0.0, 66.46974812973326
195.04250054804308, 6.3995840811155915
5.796422938893373, 189.2460776091497
0.0, 5.796422938893373
0.0, 5.796422938893373
6.580139373164325, 188.46236117487877
0.0, 6.580139373164325
0.0, 6.580139373164325
236.59718835025524, 3.8665713468654133
214.37079609068707, 22.226392259568172
201.17276958126843, 13.19802650941864
20.08979382019775, 181.08297576107068
0.0, 20.08979382019775
0.0, 20.08979382019775
118.08648949587712, 83.08628008539131
0.0, 118.08648949587712
23.227915707310057, 94.85857378856706
0.0, 23.227915707310057
0.0, 23.227915707310057
202.70411872728525, 11.666677363401817
66.64447839014836, 136.0596403371369
0.0, 66.64447839014836
51.68403627981877, 14.960442110329595
0.0, 51.68403627981877
0.0, 51.68403627981877
167.15605322243877, 35.54806550484648
0.0, 167.15605322243877
77.57325637292408, 89.5827968495147
0.0, 77.57325637292408
74.37939901158022, 3.1938573613438592
0.0, 74.37939901158022
13.44881261889332, 60.9305863926869
0.0, 13.44881261889332
0.0, 13.44881261889332
231.83117830735958, 4.766010042895658
2.4054934375181194, 229.42568486984146
0.0, 2.4054934375181194
0.0, 2.4054934375181194
223.8730149639447, 7.958163343414867
210.7361465248135, 13.136868439131206
203.23342649314455, 7.502720031668957
0.0, 203.23342649314455
77.26493059615582, 125.96849589698873
0.0, 77.26493059615582
28.9168732931342, 48.34805730302162
0.0, 28.9168732931342
19.787279579678668, 9.129593713455531
0.0, 19.787279579678668
0.0, 19.787279579678668
206.01888298941208, 4.717263535401429
0.0, 206.01888298941208
205.96140508548365, 0.05747790392842944
30.864823203664127, 175.09658188181953
0.0, 30.864823203664127
0.0, 30.864823203664127
201.39811754423312, 4.563287541250531
186.90222197580522, 14.495895568427898
0.0, 186.90222197580522
0.0, 186.90222197580522
200.23819925530915, 1.1599182889239614
18.54194773364009, 181.69625152166907
0.0, 18.54194773364009
0.0, 18.54194773364009
79.05775686266401, 121.18044239264515
0.0, 79.05775686266401
55.81026382545319, 23.247493037210816
0.0, 55.81026382545319
35.61322186633808, 20.19704195911511
0.0, 35.61322186633808
0.0, 35.61322186633808
223.30170640343474, 0.5713085605099764
0.0, 223.30170640343474
213.8788967904276, 9.422809613007132
81.39149911250267, 132.48739767792495
0.0, 81.39149911250267
0.0, 81.39149911250267
208.56197931321643, 5.316917477211177
205.04381164952548, 3.518167663690946
0.0, 205.04381164952548
0.0, 205.04381164952548
208.39122267902724, 0.17075663418918907
204.7293623465221, 3.6618603325051424
0.0, 204.7293623465221
192.71750958570172, 12.011852760820375
0.0, 192.71750958570172
152.576250359422, 40.141259226279715
55.23288913323313, 97.34336122618888
0.0, 55.23288913323313
0.0, 55.23288913323313
118.35890063742505, 34.21734972199695
0.0, 118.35890063742505
32.932480678247714, 85.42641995917734
0.0, 32.932480678247714
0.0, 32.932480678247714
205.21243157700866, 3.178791102018579
151.09376894838624, 54.11866262862242
0.0, 151.09376894838624
86.53029006622005, 64.5634788821662
34.075483493429445, 52.4548065727906
0.0, 34.075483493429445
0.0, 34.075483493429445
58.28866016864201, 28.241629897578036
0.0, 58.28866016864201
0.0, 58.28866016864201
201.04138478912702, 4.171046787881636
200.30334981931108, 0.7380349698159421
35.073953221612015, 165.22939659769906
0.0, 35.073953221612015
0.0, 35.073953221612015
171.81664299909318, 28.486706820217904
0.0, 171.81664299909318
119.25764132737552, 52.55900167171765
0.0, 119.25764132737552
3.9452147798455974, 115.31242654752992
0.0, 3.9452147798455974
0.0, 3.9452147798455974
200.65713058445246, 0.38425420467456206
0.0, 200.65713058445246
36.487667240084775, 164.16946334436767
0.0, 36.487667240084775
32.67121491580185, 3.8164523242829276
0.0, 32.67121491580185
0.0, 32.67121491580185
416.1972192288835, 2552.6651233975435
355.1947311501884, 61.00248807869514
200.64202465927713, 154.55270649091125
153.58403414757947, 47.05799051169765
0.0, 153.58403414757947
80.17838303797178, 73.40565110960769
0.0, 80.17838303797178
0.0, 80.17838303797178
200.1242907999663, 0.5177338593108232
0.0, 200.1242907999663
71.71209422964978, 128.41219657031652
0.0, 71.71209422964978
0.0, 71.71209422964978
348.81218254115214, 6.382548609036235
212.19567805990013, 136.616504481252
114.43888300729198, 97.75679505260815
0.0, 114.43888300729198
0.0, 114.43888300729198
204.13958927413714, 8.056088785762995
168.31713625345796, 35.82245302067918
58.87059662402547, 109.4465396294325
0.0, 58.87059662402547
0.0, 58.87059662402547
147.1286871224486, 21.18844913100935
0.0, 147.1286871224486
0.0, 147.1286871224486
202.87055179538206, 1.2690374787550809
0.0, 202.87055179538206
80.45343603336447, 122.41711576201759
0.0, 80.45343603336447
61.6088554633574, 18.844580570007068
0.0, 61.6088554633574
54.13647069280493, 7.472384770552473
0.0, 54.13647069280493
0.0, 54.13647069280493
212.9555768719507, 135.85660566920143
116.96808875953933, 95.98748811241138
0.0, 116.96808875953933
99.78679541081712, 17.181293348722207
0.0, 99.78679541081712
24.480873341834837, 75.30592206898228
0.0, 24.480873341834837
7.713064454778813, 16.767808887056024
0.0, 7.713064454778813
0.0, 7.713064454778813
201.9054167958063, 11.050160076144408
200.48769043892747, 1.4177263568788305
0.0, 200.48769043892747
134.12020096980032, 66.36748946912715
24.619566203499115, 109.5006347663012
3.160485604715977, 21.45908059878314
0.0, 3.160485604715977
2.2878888955824634, 0.8725967091335134
0.0, 2.2878888955824634
0.0, 2.2878888955824634
22.399479934437643, 2.220086269061472
0.0, 22.399479934437643
0.0, 22.399479934437643
130.07182940219886, 4.048371567601464
0.0, 130.07182940219886
0.0, 130.07182940219886
201.8776947691446, 0.027722026661706423
50.46751970896354, 151.41017506018105
0.0, 50.46751970896354
0.0, 50.46751970896354
161.16098147594616, 40.71671329319844
7.56412787615666, 153.5968535997895
0.0, 7.56412787615666
0.0, 7.56412787615666
42.36499393763177, 118.79598753831439
0.0, 42.36499393763177
0.0, 42.36499393763177
380.88424768781175, 35.31297154107176
204.44769231343992, 176.43655537437184
0.0, 204.44769231343992
15.028195622832762, 189.41949669060716
0.0, 15.028195622832762
0.0, 15.028195622832762
254.10715629697592, 126.77709139083584
168.737030591529, 85.37012570544692
0.0, 168.737030591529
77.43199428266813, 91.30503630886086
0.0, 77.43199428266813
25.62346709895287, 51.808527183715256
0.0, 25.62346709895287
0.0, 25.62346709895287
244.58709109451956, 9.520065202456351
94.35025565886572, 150.23683543565386
0.0, 94.35025565886572
17.13390841424354, 77.21634724462218
0.0, 17.13390841424354
14.521258453227944, 2.6126499610155953
0.0, 14.521258453227944
0.0, 14.521258453227944
232.90899655160482, 11.67809454291475
213.6148985739909, 19.294097977613916
203.9781705405306, 9.636728033460287
200.07578312464315, 3.9023874158874605
71.14947308394308, 128.92631004070006
45.226573102298396, 25.922899981644683
0.0, 45.226573102298396
9.145226271007637, 36.08134683129076
0.0, 9.145226271007637
0.0, 9.145226271007637
56.52897241532212, 14.620500668620956
0.0, 56.52897241532212
0.0, 56.52897241532212
125.34344848258031, 74.73233464206284
97.9208692118309, 27.42257927074941
0.0, 97.9208692118309
0.0, 97.9208692118309
99.4088691520521, 25.93457933052821
0.0, 99.4088691520521
0.0, 99.4088691520521
202.21137264555168, 1.7667978949789358
0.0, 202.21137264555168
201.98205976831153, 0.22931287724014737
0.0, 201.98205976831153
185.05622722589095, 16.92583254242058
0.0, 185.05622722589095
61.76282322665197, 123.29340399923899
4.998257605107719, 56.76456562154425
0.0, 4.998257605107719
0.0, 4.998257605107719
45.16075588829103, 16.60206733836094
0.0, 45.16075588829103
17.015015458087294, 28.145740430203734
0.0, 17.015015458087294
0.0, 17.015015458087294
209.5107202007945, 4.10417837319639
98.31318956805721, 111.1975306327373
52.66593856993693, 45.647250998120285
0.0, 52.66593856993693
0.0, 52.66593856993693
68.83424903459536, 29.478940533461852
0.0, 68.83424903459536
9.553925739756489, 59.28032329483887
0.0, 9.553925739756489
0.0, 9.553925739756489
206.27229102749723, 3.238429173297277
159.4410665157631, 46.83122451173412
132.2371660460992, 27.20390046966392
0.0, 132.2371660460992
0.0, 132.2371660460992
133.09849322999236, 26.342573285770754
127.35776687845657, 5.740726351535784
0.0, 127.35776687845657
74.28478626462261, 53.07298061383396
0.0, 74.28478626462261
21.704478364823544, 52.58030789979907
0.0, 21.704478364823544
0.0, 21.704478364823544
131.20717639481228, 1.8913168351800778
0.0, 131.20717639481228
108.21788531225808, 22.989291082554203
0.0, 108.21788531225808
0.0, 108.21788531225808
160.4151939704445, 45.85709705705273
0.0, 160.4151939704445
36.10349314483088, 124.31170082561363
0.0, 36.10349314483088
0.0, 36.10349314483088
219.7919993764366, 13.116997175168223
203.7233709942583, 16.068628382178304
201.04623102864156, 2.677139965616732
0.0, 201.04623102864156
147.74058111151774, 53.305649917123816
0.0, 147.74058111151774
0.0, 147.74058111151774
202.3612625889679, 1.3621084052903996
0.0, 202.3612625889679
0.0, 202.3612625889679
213.53765460965502, 6.254344766781571
205.56350473480484, 7.974149874850184
0.0, 205.56350473480484
0.0, 205.56350473480484
213.4384279753639, 0.09922663429111367
202.22507708500333, 11.213350890360573
0.0, 202.22507708500333
163.60950755311438, 38.61556953188895
0.0, 163.60950755311438
0.0, 163.60950755311438
203.45147626949736, 9.986951705866545
0.0, 203.45147626949736
0.0, 203.45147626949736
