node_generations, branch_length
2463.3236104721504, 20066.496301680527
1227.1897751393637, 1236.1338353327867
661.625732355951, 565.5640427834128
168.09316170921142, 493.53257064673954
0.0, 168.09316170921142
72.08971002360472, 96.00345168560669
0.0, 72.08971002360472
0.0, 72.08971002360472
231.306670985695, 430.31906137025595
0.0, 231.306670985695
0.0, 231.306670985695
1090.0339515973642, 137.15582354199955
188.82329847056948, 901.2106531267947
0.0, 188.82329847056948
186.48606120370965, 2.3372372668598302
0.0, 186.48606120370965
0.0, 186.48606120370965
1043.7666723640232, 46.267279233341014
0.0, 1043.7666723640232
0.0, 1043.7666723640232
1833.2062548838533, 630.1173555882972
1379.7173851768853, 453.488869706968
1152.8066458284293, 226.910739348456
0.0, 1152.8066458284293
1027.4846480189785, 125.32199780945075
515.3978143253654, 512.0868336936131
0.0, 515.3978143253654
5.040414315346467, 510.3574000100189
0.0, 5.040414315346467
0.0, 5.040414315346467
1011.9606234725271, 15.524024546451415
0.0, 1011.9606234725271
1004.9666004387421, 6.99402303378497
501.3834310015036, 503.58316943723855
0.0, 501.3834310015036
226.33991548363616, 275.04351551786743
0.0, 226.33991548363616
87.13910552600164, 139.20080995763453
0.0, 87.13910552600164
48.681060132996414, 38.45804539300523
0.0, 48.681060132996414
0.0, 48.681060132996414
1004.6995543456641, 0.26704609307807914
0.0, 1004.6995543456641
94.28808994368903, 910.4114644019751
0.0, 94.28808994368903
0.0, 94.28808994368903
1368.9394281902437, 10.777956986641584
1072.98659126907, 295.9528369211737
1000.9726904573673, 72.01390081170268
651.5210948678754, 349.45159558949194
328.5964918764571, 322.9246029914183
242.5401439179184, 86.05634795853868
0.0, 242.5401439179184
9.902462023610118, 232.6376818943083
0.0, 9.902462023610118
0.0, 9.902462023610118
270.4861769593797, 58.1103149170774
0.0, 270.4861769593797
263.2355168389568, 7.250660120422879
0.0, 263.2355168389568
183.34461767213995, 79.89089916681687
0.0, 183.34461767213995
0.0, 183.34461767213995
339.1222480143963, 312.3988468534791
0.0, 339.1222480143963
0.0, 339.1222480143963
874.3222741766042, 126.65041628076312
90.36068124659847, 783.9615929300057
0.0, 90.36068124659847
0.0, 90.36068124659847
241.60097591231778, 632.7212982642864
0.0, 241.60097591231778
0.0, 241.60097591231778
1028.413891789414, 44.57269947965597
152.7009124553694, 875.7129793340446
0.0, 152.7009124553694
27.18030748312495, 125.52060497224446
0.0, 27.18030748312495
0.0, 27.18030748312495
1017.2689778675065, 11.144913921907573
1000.2465449484089, 17.022432919097582
0.0, 1000.2465449484089
0.0, 1000.2465449484089
1005.8845427307489, 11.384435136757588
233.4506746370081, 772.4338680937408
0.0, 233.4506746370081
162.53277873941553, 70.91789589759256
0.0, 162.53277873941553
121.74265234232088, 40.79012639709465
0.0, 121.74265234232088
30.311572661692754, 91.43107968062813
0.0, 30.311572661692754
11.442996675563599, 18.868575986129155
0.0, 11.442996675563599
0.0, 11.442996675563599
970.6405401451991, 35.244002585549765
741.5687380665502, 229.07180207864894
0.0, 741.5687380665502
710.2009265468007, 31.367811519749466
0.0, 710.2009265468007
357.7760481482652, 352.4248783985355
0.0, 357.7760481482652
305.7508809836533, 52.0251671646119
0.0, 305.7508809836533
6.478395710177258, 299.27248527347604
0.0, 6.478395710177258
0.0, 6.478395710177258
955.7187761232276, 14.921764021971512
0.0, 955.7187761232276
564.7853980909643, 390.93337803226325
130.37079835962487, 434.4145997313395
0.0, 130.37079835962487
0.0, 130.37079835962487
485.6382124331121, 79.14718565785228
102.88524830995595, 382.7529641231561
0.0, 102.88524830995595
60.59648835463477, 42.28875995532118
0.0, 60.59648835463477
0.0, 60.59648835463477
189.31818284650086, 296.3200295866112
0.0, 189.31818284650086
141.9361848529551, 47.38199799354575
71.2271127618298, 70.70907209112531
0.0, 71.2271127618298
61.72440431679922, 9.502708445030578
0.0, 61.72440431679922
0.2709784665906372, 61.45342585020859
0.0, 0.2709784665906372
0.0, 0.2709784665906372
115.14636040781414, 26.789824445140965
0.0, 115.14636040781414
69.90410498394158, 45.242255423872564
0.0, 69.90410498394158
0.0, 69.90410498394158
1263.3529116610111, 105.58651652923254
1014.1801735353018, 249.17273812570932
973.9417571752327, 40.238416360069095
0.0, 973.9417571752327
738.0304587994317, 235.91129837580104
221.72704164008601, 516.3034171593457
0.0, 221.72704164008601
185.96767373744328, 35.75936790264274
0.0, 185.96767373744328
0.0, 185.96767373744328
546.6748686244692, 191.35559017496246
204.7495613089736, 341.9253073154956
0.0, 204.7495613089736
189.55508356361958, 15.194477745354021
0.0, 189.55508356361958
29.2154499072488, 160.33963365637078
0.0, 29.2154499072488
0.0, 29.2154499072488
299.3617706728736, 247.31309795159564
28.334068310421817, 271.0277023624518
0.0, 28.334068310421817
0.0, 28.334068310421817
244.25875740966046, 55.10301326321314
0.0, 244.25875740966046
190.4176978784716, 53.84105953118885
0.0, 190.4176978784716
19.707306304099745, 170.71039157437187
0.0, 19.707306304099745
0.0, 19.707306304099745
1000.9265901193695, 13.253583415932326
193.2710647614108, 807.6555253579587
48.32301826283539, 144.94804649857542
0.0, 48.32301826283539
0.0, 48.32301826283539
103.0097448376735, 90.2613199237373
0.0, 103.0097448376735
44.809124455514066, 58.20062038215943
0.0, 44.809124455514066
0.0, 44.809124455514066
635.1360776323856, 365.79051248698386
79.29487717872644, 555.8412004536592
0.0, 79.29487717872644
0.0, 79.29487717872644
514.9157342431721, 120.22034338921355
38.10335088673371, 476.8123833564384
0.0, 38.10335088673371
0.0, 38.10335088673371
457.98188300009076, 56.933851243081335
0.0, 457.98188300009076
174.60154052963736, 283.3803424704534
115.43431326203451, 59.167227267602854
0.0, 115.43431326203451
10.59491467794481, 104.8393985840897
0.0, 10.59491467794481
0.0, 10.59491467794481
145.0555961662156, 29.545944363421768
0.0, 145.0555961662156
40.40315445749946, 104.65244170871614
0.0, 40.40315445749946
0.0, 40.40315445749946
1082.883599470381, 180.46931219063026
670.6593384321378, 412.22426103824307
49.81814627546546, 620.8411921566724
0.0, 49.81814627546546
0.0, 49.81814627546546
489.852754436633, 180.8065839955048
0.0, 489.852754436633
394.84377780227874, 95.00897663435427
0.0, 394.84377780227874
41.547639827044094, 353.2961379752346
0.0, 41.547639827044094
0.0, 41.547639827044094
1009.5222044571777, 73.36139501320315
605.9079970737598, 403.6142073834179
0.0, 605.9079970737598
374.18141228814767, 231.72658478561215
135.7548952916825, 238.42651699646518
0.0, 135.7548952916825
0.0, 135.7548952916825
267.3042307767691, 106.87718151137858
0.0, 267.3042307767691
89.75990123342747, 177.54432954334163
0.0, 89.75990123342747
0.0, 89.75990123342747
1009.0069444592286, 0.5152599979491015
528.1234749055618, 480.8834695536668
0.0, 528.1234749055618
185.20937235827472, 342.9141025472871
0.0, 185.20937235827472
0.0, 185.20937235827472
1003.3199580916618, 5.686986367566874
34.98703694138444, 968.3329211502773
0.0, 34.98703694138444
0.0, 34.98703694138444
150.06261350046452, 853.2573445911972
0.0, 150.06261350046452
0.0, 150.06261350046452
1787.5413797279211, 45.66487515593212
1205.9707685999017, 581.5706111280194
0.0, 1205.9707685999017
1200.5629195990025, 5.407849000899205
1051.9327555782809, 148.63016402072162
72.14744776582386, 979.7853078124571
0.0, 72.14744776582386
34.06988390492235, 38.077563860901506
0.0, 34.06988390492235
0.0, 34.06988390492235
1023.5243235673345, 28.4084320109464
226.64018688388612, 796.8841366834483
0.0, 226.64018688388612
0.0, 226.64018688388612
1009.1173110812177, 14.407012486116741
0.0, 1009.1173110812177
195.54138972097223, 813.5759213602455
0.0, 195.54138972097223
0.0, 195.54138972097223
1070.120155999938, 130.4427635990644
1004.9068342996902, 65.21332170024789
416.28490145628456, 588.6219328434056
0.0, 416.28490145628456
119.82975216125278, 296.4551492950318
0.0, 119.82975216125278
76.17920838018898, 43.6505437810638
0.0, 76.17920838018898
0.0, 76.17920838018898
909.2046544167493, 95.70217988294087
538.780523702536, 370.42413071421333
9.050679056841446, 529.7298446456946
0.0, 9.050679056841446
0.0, 9.050679056841446
447.3396006977741, 91.44092300476194
191.52163744829144, 255.81796324948263
0.0, 191.52163744829144
0.0, 191.52163744829144
363.0018350774235, 84.33776562035058
0.0, 363.0018350774235
29.137670529820056, 333.8641645476034
0.0, 29.137670529820056
0.0, 29.137670529820056
854.486775306579, 54.717879110170315
785.4322794161259, 69.05449589045315
420.8309529794746, 364.6013264366513
48.472094848244865, 372.35885813122974
0.0, 48.472094848244865
0.0, 48.472094848244865
341.37694763425714, 79.45400534521747
0.0, 341.37694763425714
308.72638120441616, 32.65056642984098
0.0, 308.72638120441616
258.082529753099, 50.643851451317175
0.0, 258.082529753099
141.58893618873398, 116.493593564365
0.0, 141.58893618873398
0.0, 141.58893618873398
610.6404717591986, 174.7918076569273
0.0, 610.6404717591986
53.66822851839401, 556.9722432408046
0.0, 53.66822851839401
0.0, 53.66822851839401
787.7137810155141, 66.77299429106495
90.1988063592565, 697.5149746562576
0.0, 90.1988063592565
0.0, 90.1988063592565
125.96437873863042, 661.7494022768836
0.0, 125.96437873863042
106.41101679637009, 19.553361942260324
0.0, 106.41101679637009
51.751485014008416, 54.659531782361675
0.0, 51.751485014008416
0.0, 51.751485014008416
1039.8474267287095, 30.272729271228627
1024.7835210418132, 15.063905686896305
0.0, 1024.7835210418132
236.42913417196343, 788.3543868698498
0.0, 236.42913417196343
114.21877204180186, 122.21036213016157
0.0, 114.21877204180186
0.0, 114.21877204180186
1025.8607776613976, 13.986649067311873
1004.1958190037763, 21.664958657621355
20.65790395295182, 983.5379150508244
0.0, 20.65790395295182
0.0, 20.65790395295182
469.32405975827857, 534.8717592454977
0.0, 469.32405975827857
81.74831082841013, 387.57574892986844
0.0, 81.74831082841013
0.0, 81.74831082841013
1021.4864392195343, 4.374338441863301
89.88205600763087, 931.6043832119035
0.0, 89.88205600763087
0.0, 89.88205600763087
257.17905976249307, 764.3073794570412
0.0, 257.17905976249307
186.04760333777776, 71.13145642471531
0.0, 186.04760333777776
63.352173844235715, 122.69542949354204
0.0, 63.352173844235715
0.0, 63.352173844235715
1761.5851955917403, 25.95618413618081
1537.877571094198, 223.70762449754238
1155.4859883999575, 382.39158269424047
1074.6112030265951, 80.87478537336233
145.59930330292568, 929.0118997236694
0.0, 145.59930330292568
63.633239222568804, 81.96606408035687
0.0, 63.633239222568804
0.0, 63.633239222568804
1071.8649758318124, 2.746227194782705
1005.3118289428717, 66.55314688894077
117.03492472006394, 888.2769042228077
0.0, 117.03492472006394
62.34501019006024, 54.6899145300037
0.0, 62.34501019006024
0.0, 62.34501019006024
126.28270832338455, 879.0291206194871
0.0, 126.28270832338455
74.77948767926867, 51.503220644115885
0.0, 74.77948767926867
0.0, 74.77948767926867
1017.5794540050371, 54.28552182677538
0.0, 1017.5794540050371
918.6399190676345, 98.93953493740253
0.0, 918.6399190676345
787.0936349487611, 131.54628411887347
0.0, 787.0936349487611
89.59243576567481, 697.5011991830862
0.0, 89.59243576567481
0.0, 89.59243576567481
1110.1181623181892, 45.36782608176827
1031.9967507284894, 78.12141158969985
1014.5087690312641, 17.487981697225223
0.0, 1014.5087690312641
1008.0861416763408, 6.422627354923293
244.10224530726023, 763.9838963690806
0.0, 244.10224530726023
0.0, 244.10224530726023
588.8858835628807, 419.2002581134601
0.0, 588.8858835628807
494.87409806582525, 94.01178549705548
0.0, 494.87409806582525
326.8947968222172, 167.97930124360806
0.0, 326.8947968222172
176.33093803547018, 150.563858786747
0.0, 176.33093803547018
0.0, 176.33093803547018
1028.2228152466023, 3.773935481887065
0.0, 1028.2228152466023
1009.8092710343731, 18.413544212229226
645.0737974657939, 364.7354735685792
225.64784707592193, 419.4259503898719
0.0, 225.64784707592193
0.0, 225.64784707592193
379.3416762998731, 265.7321211659208
0.0, 379.3416762998731
0.0, 379.3416762998731
805.8727612310186, 203.9365098033545
0.0, 805.8727612310186
371.6505273470705, 434.22223388394804
0.0, 371.6505273470705
99.00857884117612, 272.6419485058944
0.0, 99.00857884117612
78.70722740777843, 20.301351433397684
0.0, 78.70722740777843
0.0, 78.70722740777843
1106.2541941134964, 3.86396820469281
1001.2007548468829, 105.05343926661351
544.8458499093085, 456.35490493757436
0.0, 544.8458499093085
318.5322654981982, 226.3135844111103
0.0, 318.5322654981982
149.13850808261984, 169.3937574155784
0.0, 149.13850808261984
69.65700680390485, 79.48150127871499
0.0, 69.65700680390485
7.256808233833893, 62.400198570070955
0.0, 7.256808233833893
0.0, 7.256808233833893
806.156082373605, 195.04467247327784
165.86586589019262, 640.2902164834125
0.0, 165.86586589019262
0.0, 165.86586589019262
506.431200335742, 299.72488203786304
0.0, 506.431200335742
0.0, 506.431200335742
1044.8438840070403, 61.41031010645611
408.03164298297196, 636.8122410240683
0.0, 408.03164298297196
270.7277744567989, 137.30386852617306
0.0, 270.7277744567989
146.51202776235996, 124.21574669443893
0.0, 146.51202776235996
0.0, 146.51202776235996
1041.6953737360373, 3.1485102710030333
0.0, 1041.6953737360373
1020.1497398210673, 21.545633914969926
0.0, 1020.1497398210673
464.18070021431464, 555.9690396067526
237.96903247087664, 226.211667743438
0.0, 237.96903247087664
173.7296522753601, 64.23938019551653
0.0, 173.7296522753601
0.0, 173.7296522753601
421.5363109362746, 42.64438927804002
109.51669934598668, 312.0196115902879
0.0, 109.51669934598668
38.225638508616505, 71.29106083737017
0.0, 38.225638508616505
0.0, 38.225638508616505
391.8698575288836, 29.66645340739103
0.0, 391.8698575288836
330.6627512021608, 61.207106326722794
207.27016396546145, 123.39258723669934
0.0, 207.27016396546145
0.0, 207.27016396546145
293.0708722437773, 37.59187895838352
0.0, 293.0708722437773
118.47107496223951, 174.59979728153775
0.0, 118.47107496223951
0.0, 118.47107496223951
1266.6198887713026, 271.25768232289533
1133.7582863104806, 132.86160246082204
0.0, 1133.7582863104806
721.0223881262344, 412.73589818424614
0.0, 721.0223881262344
610.7946670872689, 110.22772103896557
160.8649659971, 449.92970109016886
0.0, 160.8649659971
0.0, 160.8649659971
550.1122242097686, 60.68244287750031
0.0, 550.1122242097686
41.850076884523915, 508.26214732524465
0.0, 41.850076884523915
0.0, 41.850076884523915
1252.1452736728318, 14.47461509847085
1128.3803213205783, 123.76495235225343
1058.2765784414914, 70.1037428790869
1010.1793466508669, 48.097231790624505
0.0, 1010.1793466508669
239.02884975642854, 771.1504968944384
78.92111960224892, 160.10773015417962
0.0, 78.92111960224892
0.0, 78.92111960224892
227.8723248699588, 11.156524886469754
0.0, 227.8723248699588
13.149338831101435, 214.72298603885736
0.0, 13.149338831101435
0.0, 13.149338831101435
1033.7391200632815, 24.537458378209976
916.7023225154697, 117.03679754781172
509.3924666878067, 407.30985582766306
217.88028304049635, 291.51218364731034
0.0, 217.88028304049635
4.4703752709389875, 213.40990776955738
0.0, 4.4703752709389875
0.0, 4.4703752709389875
434.6704654688135, 74.72200121899317
0.0, 434.6704654688135
345.2667804416304, 89.40368502718314
0.0, 345.2667804416304
328.7208920379998, 16.545888403630556
0.0, 328.7208920379998
0.0, 328.7208920379998
820.0071300155045, 96.69519249996529
0.0, 820.0071300155045
81.13890120523176, 738.8682288102727
0.0, 81.13890120523176
32.022778881789186, 49.116122323442575
0.0, 32.022778881789186
0.0, 32.022778881789186
1016.180838276058, 17.55828178722345
633.9044952576589, 382.2763430183991
340.63541093129794, 293.269084326361
0.0, 340.63541093129794
66.98578527152573, 273.6496256597722
0.0, 66.98578527152573
0.0, 66.98578527152573
612.1766770874319, 21.72781817022701
0.0, 612.1766770874319
447.510505541135, 164.66617154629694
0.0, 447.510505541135
172.4962558213534, 275.01424971978156
0.0, 172.4962558213534
46.07114877064075, 126.42510705071265
0.0, 46.07114877064075
0.0, 46.07114877064075
1006.8714459520374, 9.309392324020564
413.5208173460693, 593.3506286059682
0.0, 413.5208173460693
169.68728594930656, 243.83353139676274
0.0, 169.68728594930656
0.0, 169.68728594930656
948.3952169996195, 58.476228952417955
0.0, 948.3952169996195
804.358717813482, 144.03649918613746
512.1332035165782, 292.22551429690384
0.0, 512.1332035165782
0.0, 512.1332035165782
620.4798107510943, 183.87890706238773
0.0, 620.4798107510943
0.0, 620.4798107510943
1073.3170503746098, 55.0632709459685
6.608617029288175, 1066.7084333453217
0.0, 6.608617029288175
0.0, 6.608617029288175
581.0232234057289, 492.2938269688809
52.78854398158998, 528.2346794241389
0.0, 52.78854398158998
5.464396695157651, 47.32414728643233
0.0, 5.464396695157651
0.0, 5.464396695157651
102.48157523830712, 478.5416481674218
0.0, 102.48157523830712
0.0, 102.48157523830712
1144.050621402799, 108.09465227003284
1097.0695133565603, 46.98110804623866
1030.0332050343231, 67.03630832223712
0.0, 1030.0332050343231
1023.2191625659815, 6.814042468341654
620.6808990141637, 402.53826355181775
390.90707734612073, 229.773821668043
0.0, 390.90707734612073
186.47900923278615, 204.42806811333458
0.0, 186.47900923278615
30.174321077701947, 156.3046881550842
0.0, 30.174321077701947
20.1861174648761, 9.988203612825846
0.0, 20.1861174648761
0.0, 20.1861174648761
546.5920848809712, 74.0888141331925
0.0, 546.5920848809712
0.0, 546.5920848809712
1006.1060194613143, 17.113143104667188
0.0, 1006.1060194613143
494.0653135726804, 512.040705888634
15.806308718784974, 478.2590048538954
0.0, 15.806308718784974
0.0, 15.806308718784974
476.55840089305923, 17.506912679621166
0.0, 476.55840089305923
179.46856475458335, 297.0898361384759
0.0, 179.46856475458335
75.24051832767557, 104.22804642690778
0.0, 75.24051832767557
0.0, 75.24051832767557
1036.2976436799347, 60.771869676625556
0.0, 1036.2976436799347
1001.9369449582402, 34.36069872169446
599.4550469060014, 402.4818980522389
0.0, 599.4550469060014
250.0048130049514, 349.45023390104996
125.63492205044848, 124.3698909545029
0.0, 125.63492205044848
109.95460647932119, 15.680315571127295
0.0, 109.95460647932119
63.080482105248066, 46.87412437407312
0.0, 63.080482105248066
21.579247103225757, 41.50123500202231
0.0, 21.579247103225757
0.0, 21.579247103225757
219.50352512196255, 30.501287882988834
0.0, 219.50352512196255
216.86402434281624, 2.639500779146317
0.0, 216.86402434281624
0.0, 216.86402434281624
948.7206441139928, 53.216300844247485
0.0, 948.7206441139928
554.637796855616, 394.0828472583768
273.46324598200414, 281.17455087361185
0.0, 273.46324598200414
24.51111490451598, 248.95213107748816
0.0, 24.51111490451598
0.0, 24.51111490451598
395.74611261861, 158.89168423700596
298.5052928996736, 97.24081971893645
0.0, 298.5052928996736
0.0, 298.5052928996736
333.7842745440682, 61.961838074541845
0.0, 333.7842745440682
102.74207374115092, 231.04220080291725
0.0, 102.74207374115092
0.0, 102.74207374115092
1136.9830297174576, 7.067591685341313
1020.7958127716885, 116.18721694576914
182.36858783361222, 838.4272249380763
0.0, 182.36858783361222
102.32972398502415, 80.03886384858808
0.0, 102.32972398502415
0.0, 102.32972398502415
1010.4312898391505, 10.364522932537966
0.0, 1010.4312898391505
0.0, 1010.4312898391505
1112.2002618615886, 24.782767855868997
1042.8892623989793, 69.31099946260929
1001.3471566522477, 41.542105746731636
225.00449786376464, 776.342658788483
0.0, 225.00449786376464
75.89206649444883, 149.1124313693158
0.0, 75.89206649444883
0.0, 75.89206649444883
925.3392817555955, 76.0078748966522
121.4085034602614, 803.9307782953341
70.36982837822987, 51.03867508203153
0.0, 70.36982837822987
0.0, 70.36982837822987
114.29930794072315, 7.109195519538247
0.0, 114.29930794072315
0.0, 114.29930794072315
366.76961199816327, 558.5696697574322
0.0, 366.76961199816327
128.22677188058566, 238.5428401175776
0.0, 128.22677188058566
0.0, 128.22677188058566
1030.8504257426123, 12.038836656367039
286.2967773928593, 744.553648349753
0.0, 286.2967773928593
100.94327254269562, 185.3535048501637
0.0, 100.94327254269562
0.0, 100.94327254269562
397.4062987827239, 633.4441269598883
0.0, 397.4062987827239
47.459728086716375, 349.94657069600754
0.0, 47.459728086716375
0.0, 47.459728086716375
1081.041669597936, 31.15859226365251
0.0, 1081.041669597936
1050.3590140219608, 30.682655575975332
849.1974474031156, 201.1615666188452
297.30133723644735, 551.8961101666682
81.3620147452856, 215.93932249116176
0.0, 81.3620147452856
8.561417291620957, 72.80059745366465
0.0, 8.561417291620957
0.0, 8.561417291620957
159.62078517768498, 137.68055205876237
0.0, 159.62078517768498
9.118460255072335, 150.50232492261264
0.0, 9.118460255072335
0.0, 9.118460255072335
791.684980100088, 57.51246730302762
0.0, 791.684980100088
727.8042018053275, 63.88077829476049
128.2323393066454, 599.5718624986821
0.0, 128.2323393066454
0.0, 128.2323393066454
299.3637469821892, 428.4404548231383
0.0, 299.3637469821892
46.08222894796068, 253.2815180342285
0.0, 46.08222894796068
0.0, 46.08222894796068
1041.6952934377273, 8.663720584233488
1034.3337711452455, 7.361522292481823
1019.5020214376328, 14.83174970761263
264.579223724288, 754.9227977133448
0.0, 264.579223724288
156.91111310979883, 107.66811061448917
0.0, 156.91111310979883
130.09942622673393, 26.811686883064908
0.0, 130.09942622673393
0.0, 130.09942622673393
896.6404525160076, 122.86156892162523
312.91585228375226, 583.7246002322554
86.91936504354113, 225.99648724021114
0.0, 86.91936504354113
0.0, 86.91936504354113
250.87770255011117, 62.03814973364109
122.1498577742592, 128.72784477585196
0.0, 122.1498577742592
0.0, 122.1498577742592
122.64165833889476, 128.2360442112164
0.0, 122.64165833889476
0.0, 122.64165833889476
680.8779459664403, 215.76250654956732
113.92853860418009, 566.9494073622602
0.0, 113.92853860418009
0.0, 113.92853860418009
164.55546988522312, 516.3224760812171
0.0, 164.55546988522312
0.0, 164.55546988522312
1033.236048967583, 1.0977221776624901
0.0, 1033.236048967583
108.62460879884411, 924.6114401687389
0.0, 108.62460879884411
0.0, 108.62460879884411
1039.710855357529, 1.984438080198288
1018.6886155681942, 21.022239789334776
846.8245115091922, 171.864104059002
292.8767758852173, 553.947735623975
0.0, 292.8767758852173
0.0, 292.8767758852173
614.3016624149276, 232.52284909426464
278.5837427093857, 335.7179197055419
0.0, 278.5837427093857
0.0, 278.5837427093857
296.9251434083753, 317.3765190065523
0.0, 296.9251434083753
0.0, 296.9251434083753
1016.0916921638008, 2.596923404393465
0.0, 1016.0916921638008
484.3600458285411, 531.7316463352597
0.0, 484.3600458285411
214.0014691440546, 270.3585766844865
0.0, 214.0014691440546
60.9960743726186, 153.005394771436
0.0, 60.9960743726186
0.0, 60.9960743726186
1036.0307458833952, 3.6801094741338147
1001.0774929394137, 34.95325294398151
399.08355233500566, 601.993940604408
22.242221649227453, 376.8413306857782
0.0, 22.242221649227453
0.0, 22.242221649227453
173.74484944385554, 225.33870289115012
0.0, 173.74484944385554
1.5716861745442845, 172.17316326931126
0.0, 1.5716861745442845
0.0, 1.5716861745442845
568.0852964737527, 432.992196465661
29.69870990952259, 538.3865865642301
0.0, 29.69870990952259
0.0, 29.69870990952259
253.73336368494333, 314.35193278880934
0.0, 253.73336368494333
0.0, 253.73336368494333
1019.0533862209447, 16.977359662450453
1002.7970678720792, 16.256318348865534
0.0, 1002.7970678720792
638.959145785152, 363.83792208692716
0.0, 638.959145785152
23.822036646292688, 615.1371091388594
0.0, 23.822036646292688
0.0, 23.822036646292688
1014.0641416198558, 4.989244601088899
0.0, 1014.0641416198558
903.7611037943433, 110.30303782551255
587.6970848862427, 316.0640189081006
0.0, 587.6970848862427
435.05886299908246, 152.63822188716023
258.3479958701977, 176.7108671288848
0.0, 258.3479958701977
24.62677899030831, 233.72121687988937
0.0, 24.62677899030831
0.0, 24.62677899030831
423.7966356550165, 11.262227344065991
106.7934428997612, 317.00319275525527
0.0, 106.7934428997612
7.270416919183275, 99.52302598057793
0.0, 7.270416919183275
0.0, 7.270416919183275
348.7469083784419, 75.04972727657457
0.0, 348.7469083784419
146.72606044176348, 202.02084793667842
19.162137176078215, 127.56392326568526
0.0, 19.162137176078215
0.0, 19.162137176078215
120.18652352989018, 26.5395369118733
0.0, 120.18652352989018
0.0, 120.18652352989018
852.5497563938866, 51.2113474004567
0.0, 852.5497563938866
477.34599941188986, 375.2037569819967
280.4723490882088, 196.8736503236811
0.0, 280.4723490882088
0.0, 280.4723490882088
384.6399527977846, 92.70604661410528
219.18513397167536, 165.45481882610923
0.0, 219.18513397167536
7.579083121594153, 211.6060508500812
0.0, 7.579083121594153
0.0, 7.579083121594153
353.1093533639708, 31.53059943381379
0.0, 353.1093533639708
101.73045359425495, 251.37889976971584
0.0, 101.73045359425495
49.17085083810497, 52.559602756149985
0.0, 49.17085083810497
0.0, 49.17085083810497
1547.4387847913079, 214.14641080043248
1037.7996365316149, 509.639148259693
780.6153245734705, 257.18431195814435
0.0, 780.6153245734705
0.0, 780.6153245734705
1034.3102382299546, 3.4893983016602306
805.3425162893628, 228.9677219405918
0.0, 805.3425162893628
375.7686090895411, 429.57390719982175
0.0, 375.7686090895411
151.18349197096887, 224.5851171185722
6.551490857759705, 144.63200111320916
0.0, 6.551490857759705
0.0, 6.551490857759705
11.443112703053535, 139.74037926791533
0.0, 11.443112703053535
0.0, 11.443112703053535
1002.5563967305868, 31.75384149936781
0.0, 1002.5563967305868
460.73938924599656, 541.8170074845902
0.0, 460.73938924599656
108.70015324919774, 352.0392359967988
0.0, 108.70015324919774
0.0, 108.70015324919774
1168.5818370192646, 378.8569477720432
0.0, 1168.5818370192646
1049.0126079991462, 119.56922902011843
1031.477005121422, 17.53560287772416
182.43571262404618, 849.0412924973759
16.370058711942477, 166.0656539121037
0.0, 16.370058711942477
0.0, 16.370058711942477
66.72203139181724, 115.71368123222894
0.0, 66.72203139181724
0.0, 66.72203139181724
1027.9821824413452, 3.4948226800768225
176.9286478528356, 851.0535345885096
33.94434247135523, 142.9843053814804
0.0, 33.94434247135523
0.0, 33.94434247135523
51.204037524544944, 125.72461032829067
0.0, 51.204037524544944
0.0, 51.204037524544944
1026.9847514439755, 0.9974309973697473
635.8844191401192, 391.10033230385625
185.45668222783485, 450.4277369122844
0.0, 185.45668222783485
0.0, 185.45668222783485
590.1608331064696, 45.72358603364967
0.0, 590.1608331064696
10.265819292706723, 579.8950138137628
0.0, 10.265819292706723
0.0, 10.265819292706723
1018.1588138106644, 8.825937633311128
791.7779105928203, 226.3809032178441
88.68871492749183, 703.0891956653285
0.0, 88.68871492749183
0.0, 88.68871492749183
678.2772280392898, 113.50068255353051
462.06588864370474, 216.21133939558501
95.82711968516662, 366.2387689585381
0.0, 95.82711968516662
0.0, 95.82711968516662
338.59134436413643, 123.4745442795683
0.0, 338.59134436413643
272.53167373200506, 66.05967063213137
34.70390494193648, 237.82776879006857
0.0, 34.70390494193648
0.0, 34.70390494193648
100.37210415789323, 172.15956957411183
8.656469880007531, 91.7156342778857
0.0, 8.656469880007531
0.0, 8.656469880007531
31.264671758158055, 69.10743239973517
0.0, 31.264671758158055
0.0, 31.264671758158055
472.68066371400755, 205.5965643252822
265.80784957221886, 206.8728141417887
29.596992617882858, 236.210856954336
0.0, 29.596992617882858
0.0, 29.596992617882858
234.39449394434848, 31.413355627870374
0.0, 234.39449394434848
52.746989649713264, 181.6475042946352
0.0, 52.746989649713264
0.0, 52.746989649713264
333.5898494421259, 139.09081427188164
0.0, 333.5898494421259
0.0, 333.5898494421259
1009.9184250346452, 8.240388776019131
984.8338083395473, 25.084616695097907
0.0, 984.8338083395473
0.0, 984.8338083395473
1002.7137541346239, 7.20467090002137
7.074635487871763, 995.6391186467521
0.0, 7.074635487871763
0.0, 7.074635487871763
1000.3162008545465, 2.397553280077318
0.0, 1000.3162008545465
95.20333006205352, 905.112870792493
0.0, 95.20333006205352
24.170859867661406, 71.03247019439212
0.0, 24.170859867661406
7.033182080152159, 17.137677787509247
0.0, 7.033182080152159
0.0, 7.033182080152159
1047.5385157771827, 1.474092221963474
230.17524234378632, 817.3632734333964
0.0, 230.17524234378632
0.0, 230.17524234378632
1010.6308483530306, 36.90766742415212
78.2114791131893, 932.4193692398413
0.0, 78.2114791131893
0.0, 78.2114791131893
351.1025075611733, 659.5283407918573
0.0, 351.1025075611733
0.0, 351.1025075611733
3363.2743990688195, 19166.54551308386
1274.3786583355727, 2088.895740733247
0.0, 1274.3786583355727
1132.2003642936081, 142.1782940419646
1020.9542235677176, 111.24614072589054
524.4080740912256, 496.546149476492
383.87455515320045, 140.5335189380251
0.0, 383.87455515320045
65.12696740986392, 318.7475877433365
0.0, 65.12696740986392
5.222764694625513, 59.90420271523841
0.0, 5.222764694625513
0.0, 5.222764694625513
400.33016789014647, 124.07790620107909
0.0, 400.33016789014647
82.78144312980798, 317.5487247603385
0.0, 82.78144312980798
0.0, 82.78144312980798
1011.5849854949236, 9.369238072794019
0.0, 1011.5849854949236
1006.8327712372551, 4.75221425766847
0.0, 1006.8327712372551
355.0840958267714, 651.7486754104837
0.0, 355.0840958267714
222.1167107122595, 132.96738511451187
0.0, 222.1167107122595
150.5186265768247, 71.59808413543482
0.0, 150.5186265768247
64.06212601709966, 86.45650055972503
0.0, 64.06212601709966
0.0, 64.06212601709966
1102.5503760600786, 29.649988233529484
205.45020200779203, 897.1001740522865
0.0, 205.45020200779203
19.204864114709494, 186.24533789308254
0.0, 19.204864114709494
0.0, 19.204864114709494
1017.2248168108242, 85.32555924925441
1007.9358080418435, 9.289008768980693
1001.3473652924223, 6.588442749421233
0.0, 1001.3473652924223
36.581887671352746, 964.7654776210695
0.0, 36.581887671352746
0.0, 36.581887671352746
1003.5008172447732, 4.434990797070327
0.0, 1003.5008172447732
0.0, 1003.5008172447732
1012.8192441611071, 4.405572649717101
0.0, 1012.8192441611071
504.0615663591603, 508.75767780194684
0.0, 504.0615663591603
86.70152067766372, 417.36004568149656
0.0, 86.70152067766372
6.299289835822159, 80.40223084184156
0.0, 6.299289835822159
0.0, 6.299289835822159
2321.999883141427, 1041.2745159273927
1211.8775814504763, 1110.1223016909505
1016.0225854104027, 195.85499604007362
38.42579171449437, 977.5967936959083
0.0, 38.42579171449437
0.0, 38.42579171449437
1000.4833989852004, 15.539186425202274
561.1998697433049, 439.2835292418955
125.86836150502718, 435.33150823827776
0.0, 125.86836150502718
0.0, 125.86836150502718
474.90910259427716, 86.29076714902777
0.0, 474.90910259427716
220.69333423941748, 254.21576835485968
0.0, 220.69333423941748
183.2537654826787, 37.439568756738794
0.0, 183.2537654826787
153.83971657517023, 29.41404890750846
0.0, 153.83971657517023
0.0, 153.83971657517023
764.518317223518, 235.96508176168243
60.54995966973453, 703.9683575537834
0.0, 60.54995966973453
45.033354980863216, 15.516604688871311
0.0, 45.033354980863216
0.0, 45.033354980863216
268.273009283603, 496.245307939915
0.0, 268.273009283603
171.09769832572297, 97.17531095788004
0.0, 171.09769832572297
0.0, 171.09769832572297
1149.5107823899236, 62.366799060552694
29.96409779729557, 1119.546684592628
0.0, 29.96409779729557
0.0, 29.96409779729557
1020.0377180433295, 129.47306434659413
0.0, 1020.0377180433295
0.0, 1020.0377180433295
1408.286747384094, 913.7131357573328
1008.9650993423975, 399.32164804169656
519.6262045789318, 489.33889476346565
0.0, 519.6262045789318
289.04070656864207, 230.58549801028977
0.0, 289.04070656864207
216.6717645435166, 72.36894202512548
0.0, 216.6717645435166
145.27170321532375, 71.40006132819283
0.0, 145.27170321532375
35.76750242541413, 109.50420078990962
0.0, 35.76750242541413
0.0, 35.76750242541413
1003.7243398499324, 5.240759492465031
889.3813601157664, 114.34297973416608
0.0, 889.3813601157664
704.1811918236327, 185.20016829213364
0.0, 704.1811918236327
391.0970150982836, 313.08417672534915
0.0, 391.0970150982836
212.96963901991248, 178.1273760783711
0.0, 212.96963901991248
0.0, 212.96963901991248
1001.6836062097725, 2.0407336401599423
0.0, 1001.6836062097725
45.12856664863785, 956.5550395611347
0.0, 45.12856664863785
0.0, 45.12856664863785
1213.3872415405945, 194.89950584349958
55.95610897029465, 1157.4311325702997
0.0, 55.95610897029465
0.0, 55.95610897029465
1066.1261803608634, 147.2610611797311
1021.8992981808639, 44.22688217999951
0.0, 1021.8992981808639
1012.537967067339, 9.361331113524898
499.3268678044637, 513.2110992628752
0.0, 499.3268678044637
115.2615884464931, 384.06527935797055
0.0, 115.2615884464931
14.02716493862282, 101.23442350787029
0.0, 14.02716493862282
0.0, 14.02716493862282
1007.410923447356, 5.127043619982942
0.0, 1007.410923447356
1003.5955799213059, 3.8153435260501283
0.0, 1003.5955799213059
797.4934407532721, 206.10213916803377
235.4477185070595, 562.0457222462126
0.0, 235.4477185070595
0.0, 235.4477185070595
292.9658046358441, 504.527636117428
23.364097250858578, 269.6017073849855
0.0, 23.364097250858578
0.0, 23.364097250858578
219.81316040644793, 73.15264422939617
142.76948458340485, 77.04367582304309
0.0, 142.76948458340485
0.0, 142.76948458340485
149.5728697676899, 70.24029063875804
0.0, 149.5728697676899
0.0, 149.5728697676899
1030.1807405437992, 35.9454398170642
229.02096683619226, 801.159773707607
0.0, 229.02096683619226
144.59622370325803, 84.42474313293422
0.0, 144.59622370325803
134.5000183897412, 10.096205313516833
0.0, 134.5000183897412
0.0, 134.5000183897412
1015.2118821708417, 14.96885837295747
719.5274750352698, 295.68440713557186
0.0, 719.5274750352698
317.0453516533978, 402.48212338187204
0.0, 317.0453516533978
290.99802737544894, 26.04732427794886
0.0, 290.99802737544894
8.728269150004804, 282.26975822544415
0.0, 8.728269150004804
0.0, 8.728269150004804
1005.5046354974319, 9.707246673409827
0.0, 1005.5046354974319
966.3229668521902, 39.18166864524164
0.0, 966.3229668521902
931.2197408907, 35.10322596149024
70.38048322659655, 860.8392576641035
0.0, 70.38048322659655
0.0, 70.38048322659655
386.2269797346594, 544.9927611560406
0.0, 386.2269797346594
202.10271305922453, 184.12426667543485
0.0, 202.10271305922453
63.19403351302724, 138.90867954619728
0.0, 63.19403351302724
0.0, 63.19403351302724
