Node, generations
Node 17474, 22052.514726824975
Node 17285, 18184.43541322585
Node 15826, 1454.6043315972802
Node 15597, 1100.5191829472476
Node 7722, 285.7019783878442
Node 15353, 1031.640922949427
Node 4008, 106.39744408587903
Node 1446, 2.2471028573502974
Node 1764, 20.64488264828276
Node 1470, 4.05267871017309
Node 5533, 169.17409281005553
Node 2610, 52.70527569536097
Node 3534, 87.56968481412505
Node 15639, 1128.7130395713482
Node 10052, 461.98534495420836
Node 8353, 327.59953874351316
Node 4206, 113.68735680803587
Node 15553, 1080.0708749845987
Node 15198, 1016.2407232806399
Node 1529, 8.643698314071557
Node 14491, 1001.6117603527772
Node 11077, 560.2546327247862
Node 2613, 52.90697245845265
Node 1547, 9.468613591932138
Node 2258, 39.642624004855094
Node 6888, 235.938785051172
Node 2622, 53.211483224032975
Node 13113, 827.3959454940208
Node 12317, 711.779499003361
Node 9340, 401.22332532532664
Node 5845, 183.86186935784667
Node 2204, 37.63778156745463
Node 2153, 35.47417487067819
Node 1640, 14.426157727196493
Node 5314, 159.10151179843106
Node 7044, 243.50855818762128
Node 3021, 68.5283339003639
Node 1523, 8.270153786117417
Node 10117, 467.2292584235101
Node 8195, 316.71603065612146
Node 7464, 269.32989424813155
Node 1586, 11.477624228161908
Node 7851, 294.0683381210183
Node 9423, 408.08628020383367
Node 2543, 50.38465641338069
Node 1632, 13.826601598062329
Node 1515, 7.725376386938003
Node 1508, 7.300806782640924
Node 9020, 378.4984246717829
Node 4897, 141.5517986099156
Node 4711, 134.07657680974665
Node 4322, 118.15651403144977
Node 12382, 720.6218833959681
Node 9238, 393.07014213680014
Node 5975, 190.10864546498385
Node 4173, 112.38261919957279
Node 1636, 14.297776751718605
Node 1942, 27.376218795691376
Node 1690, 16.753702326913565
Node 7179, 251.26949338478113
Node 4244, 115.03254394698405
Node 6363, 209.02257348430751
Node 1744, 19.665906272961962
Node 11352, 590.8836951811978
Node 2592, 52.218533408925744
Node 1447, 2.3911697721682796
Node 2345, 42.9616072058673
Node 7448, 268.3601041293172
Node 5489, 167.24171185622524
Node 2135, 34.920083773020416
Node 6541, 218.07903002280685
Node 5058, 148.08210129288662
Node 5267, 157.23154181153015
Node 1833, 23.48045615171772
Node 2565, 51.3326344020743
Node 15275, 1021.2044157938267
Node 14939, 1006.4536290130053
Node 7909, 297.7789014818046
Node 5270, 157.3225732988319
Node 5134, 151.18146289555753
Node 2782, 59.216732630557146
Node 2116, 34.01432846546593
Node 9160, 387.065824641742
Node 3090, 71.82290282799349
Node 1726, 18.768080843450065
Node 1431, 0.9967986526920358
Node 1421, 0.1364871268762797
Node 8416, 332.7139696496385
Node 4947, 143.54801844445012
Node 2373, 44.40284396225431
Node 4830, 138.52495269081797
Node 8211, 317.6625319593116
Node 7272, 257.3894123470332
Node 6833, 232.61809325077402
Node 1797, 21.782851863615786
Node 3077, 71.31767195567775
Node 1522, 8.259277451357766
Node 15239, 1018.8009956911621
Node 13178, 836.7581906629214
Node 6717, 226.7791344359288
Node 4006, 106.32455318637851
Node 4935, 142.84499043453016
Node 1953, 27.879674223887726
Node 3552, 88.31178764285922
Node 11429, 601.3937882807197
Node 8396, 331.05933379093767
Node 1751, 20.085651129943788
Node 4348, 118.94336257365522
Node 15052, 1009.4250859031711
Node 8467, 337.2676149568881
Node 3443, 84.4185789814644
Node 1614, 12.854447329010426
Node 1464, 3.7649728090456693
Node 6854, 233.89572699856683
Node 2257, 39.61011233140251
Node 1782, 21.148785187688713
Node 1653, 14.966773099294011
Node 14633, 1002.5975913348803
Node 11870, 653.3758516600377
Node 8651, 351.82161322608766
Node 7267, 257.1579296808981
Node 4181, 112.68499230996406
Node 3120, 73.24005793772263
Node 3050, 70.0863548031844
Node 5719, 178.7459416170532
Node 7977, 303.2623335549322
Node 1745, 19.72276148284215
Node 6489, 215.82505003538833
Node 3920, 102.96356421903616
Node 3627, 91.14585935681347
Node 3509, 86.78894548668589
Node 2571, 51.545238287497554
Node 14327, 1000.8073817006346
Node 7450, 268.44623789385184
Node 2567, 51.35670303013452
Node 14056, 986.7438219226024
Node 6244, 203.08040957320407
Node 2676, 55.423695459900436
Node 13828, 943.5603381644182
Node 8808, 363.1417720126634
Node 4323, 118.17827953824809
Node 2027, 30.341503900802767
Node 1933, 26.941055452678835
Node 7675, 282.205963446844
Node 1920, 26.542041295831158
Node 1563, 10.248286676790979
Node 5215, 154.8134645993277
Node 2177, 36.825527855478484
Node 1944, 27.427468329467736
Node 1958, 27.980305338447398
Node 13535, 894.2747131778713
Node 8043, 307.0380843247131
Node 6908, 236.88794774138964
Node 6044, 193.17297026564785
Node 5232, 155.80845178804176
Node 2762, 58.45771331490598
Node 2260, 39.70024803826544
Node 3370, 81.9257997265612
Node 13347, 862.0490083592089
Node 5776, 180.99768373330855
Node 12854, 787.7686404033469
Node 11101, 563.3880613809189
Node 2459, 47.563606428776296
Node 9504, 414.3340056779453
Node 8425, 333.3984453449491
Node 4213, 113.9554415928527
Node 5300, 158.4572683183304
Node 8774, 360.7822618542356
Node 4021, 106.73938330990859
Node 1938, 27.146950245591942
Node 3414, 83.22796030889378
Node 3089, 71.76517168271417
Node 1443, 2.0359191927328797
Node 3325, 80.39464767302844
Node 16263, 5457.364964635859
Node 13584, 903.1703973969879
Node 11557, 615.2497318156592
Node 10550, 508.45675921472264
Node 9905, 448.3030255175548
Node 2403, 45.47387002966861
Node 8875, 368.0882272029357
Node 5435, 164.13901128943505
Node 2778, 59.03863121685203
Node 1921, 26.54359211530153
Node 1710, 17.367838991027483
Node 3293, 79.16838309700753
Node 2105, 33.16861038956129
Node 2816, 60.656405822677065
Node 1438, 1.7843407553174864
Node 1617, 12.981687818272599
Node 9933, 450.9001796755708
Node 4124, 110.48722634232419
Node 2554, 50.80594227927101
Node 1788, 21.41849719451062
Node 11524, 611.0803571729459
Node 3731, 95.14894736636849
Node 8803, 362.94698809856385
Node 6613, 221.16439769630526
Node 2014, 29.921323674848157
Node 5763, 180.449709652423
Node 1855, 24.363759869844575
Node 7754, 287.44557477585164
Node 3323, 80.27343935058046
Node 1995, 29.297849169977315
Node 1528, 8.429998546175204
Node 1853, 24.33526509229365
Node 1440, 1.8822677930555787
Node 1609, 12.642119846580636
Node 13272, 851.7265123545685
Node 4266, 115.76877622770802
Node 3968, 104.73470140909383
Node 1527, 8.39002074328777
Node 2825, 60.88991494740595
Node 2385, 44.891660504251305
Node 2025, 30.302061899130127
Node 15736, 1225.9581475966688
Node 15572, 1087.3149089309454
Node 15225, 1017.923106361085
Node 13559, 898.4440597701029
Node 9672, 428.8261791897203
Node 2012, 29.729844217335806
Node 9497, 413.8927698039675
Node 3165, 74.9353983898418
Node 8820, 363.55627983622753
Node 1752, 20.1847239821125
Node 14537, 1001.8420127202602
Node 5485, 167.04715181042883
Node 1610, 12.769358895450457
Node 13380, 867.8514278577542
Node 10098, 465.8932894039679
Node 3530, 87.4477232092668
Node 10741, 527.0682884151876
Node 6521, 217.2693402571049
Node 1590, 11.603158952584884
Node 15543, 1075.840937894559
Node 15391, 1036.0007436372032
Node 3147, 74.28504353872702
Node 1619, 13.005657678631993
Node 2891, 63.30466204746993
Node 2439, 46.707052354642194
Node 15111, 1011.0833084279552
Node 11761, 637.3826411162702
Node 1837, 23.597316305608665
Node 10802, 533.7943866925668
Node 4692, 133.50111211466748
Node 2039, 30.56899654162973
Node 12458, 732.5102140931007
Node 2865, 62.261838835629966
Node 1600, 12.109196398791534
Node 2271, 40.123996355728025
Node 1736, 19.14953928549271
Node 7123, 247.40874225089195
Node 6274, 204.11214935751929
Node 2064, 31.759271815878353
Node 1671, 15.814537611794945
Node 15477, 1052.8105866938756
Node 15280, 1022.4678360127783
Node 3080, 71.45260592504108
Node 2218, 38.17729360856924
Node 14790, 1004.0761417673332
Node 12295, 708.1527652782771
Node 7608, 278.2284327386149
Node 10744, 527.4055402814802
Node 3878, 101.35798769376053
Node 2291, 40.88073345746041
Node 8408, 332.04414097488336
Node 4987, 145.1920506218097
Node 2370, 44.21920995909964
Node 6344, 208.12521755391262
Node 4968, 144.41556791794383
Node 4275, 116.10729895741497
Node 15628, 1122.0046166094348
Node 15443, 1044.3330867930265
Node 15289, 1023.5676784749365
Node 5894, 186.05650014279382
Node 1665, 15.403325440379275
Node 4723, 134.82906403205575
Node 14264, 1000.5096617998028
Node 6479, 214.98795045718546
Node 13242, 847.2058971004795
Node 2997, 67.4004809395837
Node 12612, 753.0105844194867
Node 1899, 25.94989221988549
Node 1857, 24.480749983373755
Node 1520, 8.14348324964614
Node 12462, 733.0013280838596
Node 11032, 555.1757349175141
Node 6474, 214.65333477824382
Node 2378, 44.55277473204783
Node 5486, 167.0784155085338
Node 3658, 92.2478523031481
Node 2304, 41.38635720894861
Node 11063, 558.4885570163509
Node 9048, 380.37824268917643
Node 8852, 366.18693081767356
Node 15392, 1036.1589296605212
Node 12792, 778.7998778522261
Node 12001, 670.1554010796742
Node 6627, 221.84715892538873
Node 1516, 7.949300210997416
Node 6242, 203.03345525155453
Node 1785, 21.234166270134025
Node 1729, 18.826700465110644
Node 1577, 11.10325182433585
Node 10202, 475.5368658883814
Node 3712, 94.52061909661442
Node 2922, 64.82389176431776
Node 3274, 78.32529167681545
Node 2351, 43.32715259564201
Node 9262, 395.023855879838
Node 4024, 106.9117088745164
Node 2510, 49.23251879534248
Node 6539, 218.01214178376105
Node 1480, 4.895522845251933
Node 1873, 25.050769565410587
Node 12423, 727.9764140496915
Node 3885, 101.57425087561447
Node 8322, 325.2777714221935
Node 4180, 112.67357309591537
Node 1539, 9.035987052485359
Node 1626, 13.428357822422097
Node 6830, 232.4620017114073
Node 6777, 229.3875120874561
Node 3518, 87.11302047935156
Node 1815, 22.778956989087007
Node 1472, 4.3495985910863455
Node 4906, 141.73782941684445
Node 3245, 77.64162298634098
Node 15259, 1020.2225453422897
Node 4524, 125.98364890479499
Node 14643, 1002.6682175078528
Node 9859, 444.4783177453513
Node 2725, 56.97083636441046
Node 6612, 221.11820712354015
Node 3752, 95.81559519809193
Node 2880, 62.811975006465566
Node 2134, 34.72025555251728
Node 13976, 970.1416746911159
Node 9059, 381.1639020014768
Node 4553, 127.16890999636578
Node 2544, 50.46444565034104
Node 1437, 1.676281905789268
Node 2729, 57.12366183896503
Node 12764, 773.6936392014777
Node 2803, 60.166406920298584
Node 15456, 1047.377484518144
Node 15333, 1028.9339728786965
Node 9165, 387.3493782456629
Node 4641, 131.24526538031157
Node 3270, 78.20876229317318
Node 2684, 55.80556177451804
Node 4219, 114.10756524945657
Node 1430, 0.9248290696920689
Node 7839, 293.3706167989307
Node 3591, 89.86327104590973
Node 1937, 27.107222721717637
Node 5718, 178.70170877584346
Node 1703, 17.153574202901112
Node 14584, 1002.1724427963812
Node 1532, 8.702812349096082
Node 11753, 636.3970703482613
Node 11746, 635.8107996736272
Node 6740, 227.62913504456813
Node 4911, 141.91728389509072
Node 2709, 56.59285071266371
Node 11139, 567.2870255936579
Node 4745, 135.517814029444
Node 1452, 3.046612161813666
Node 3236, 77.3424119315302
Node 3174, 75.3097086536999
Node 7940, 299.97386548551907
Node 3610, 90.42529407542752
Node 5053, 147.95357586310425
Node 3423, 83.7569237503769
Node 2057, 31.35660283010043
Node 15405, 1037.1771998189447
Node 15121, 1011.5277478531962
Node 6582, 220.05233183112318
Node 5523, 168.88127875839805
Node 1750, 20.078279996423035
Node 1526, 8.333027592923616
Node 3073, 71.17275420536185
Node 11364, 591.7597428331229
Node 1459, 3.4404771517638855
Node 15395, 1036.3219784163725
Node 15199, 1016.2497623856119
Node 8956, 374.39772152336246
Node 5579, 171.7186666401733
Node 5343, 160.55080320832448
Node 4772, 136.38359153215453
Node 5514, 168.52435085135306
Node 5482, 166.77640534949234
Node 1512, 7.637502640982636
Node 4653, 131.86623312833848
Node 1436, 1.561093750349183
Node 8050, 307.42494729958077
Node 6498, 216.28563711123707
Node 6843, 233.2779299960728
Node 6412, 211.42781850569776
Node 2763, 58.485263077465014
Node 4963, 144.21581365646784
Node 2195, 37.42150196999312
Node 1460, 3.5476599566116938
Node 1486, 5.309322883283107
Node 15250, 1019.3878826363476
Node 14427, 1001.2882920122719
Node 7606, 278.0268901177762
Node 1874, 25.081653395415113
Node 1715, 17.732038661669428
Node 14188, 1000.1759249146195
Node 6621, 221.6746978919392
Node 1709, 17.289255527558794
Node 13983, 970.8032460876526
Node 7467, 269.5722677805263
Node 2248, 39.31076835220405
Node 11506, 609.3947274523933
Node 5451, 165.07181814138647
Node 4349, 118.94720835631284
Node 7742, 286.94464661629877
Node 5699, 177.56814234537092
Node 4645, 131.41003388372573
Node 15014, 1008.1884125547396
Node 7717, 285.1884848504256
Node 3212, 76.40360546599322
Node 7554, 275.11417554242075
Node 4596, 128.93992463614208
Node 3328, 80.5092996961269
Node 3476, 85.53877722763976
Node 10257, 480.9986742031793
Node 3864, 100.66303788449298
Node 8313, 324.7883916526854
Node 5659, 176.043124928001
Node 4450, 122.95051167290691
Node 17288, 18248.77332168684
Node 15739, 1229.8316845144336
Node 15600, 1102.8635026984114
Node 15269, 1020.8852487583268
Node 9637, 426.1777804408769
Node 1457, 3.3386276396102046
Node 9043, 380.1254335767527
Node 5697, 177.52231158667183
Node 6660, 223.41272709401233
Node 4215, 114.02560871777055
Node 3548, 88.1925462182869
Node 1813, 22.6937986058272
Node 3791, 97.0945223954575
Node 2814, 60.56607062408962
Node 2793, 59.70337817594449
Node 1578, 11.231150000616907
Node 1970, 28.302986586195686
Node 6142, 197.98835502945693
Node 1762, 20.614621148177747
Node 11477, 605.7066185735097
Node 5150, 152.0881774901288
Node 8554, 344.0878505366624
Node 4664, 132.45305015484809
Node 2298, 41.20379876921507
Node 1903, 26.009856635092337
Node 1478, 4.589762558024841
Node 2239, 38.8435729073973
Node 3311, 79.8619816002744
Node 1584, 11.427822260913027
Node 2772, 58.82379267131656
Node 2144, 35.2554522959946
Node 1550, 9.546550542594655
Node 15571, 1087.2771473549944
Node 15054, 1009.5326635075211
Node 10832, 537.6019395746551
Node 7935, 299.48668038574135
Node 2285, 40.739235506333344
Node 2125, 34.37881151925858
Node 14829, 1004.7070765820298
Node 3883, 101.51083523408785
Node 3472, 85.36565931296622
Node 1445, 2.111693249641124
Node 14215, 1000.2992195779705
Node 6593, 220.52737010640334
Node 15556, 1080.8966704360198
Node 15061, 1009.6545421800253
Node 3287, 78.99472523139437
Node 1820, 22.955179075404892
Node 6028, 192.36784726065906
Node 2044, 30.792032336541272
Node 15732, 1221.542760005881
Node 11321, 587.4548213125196
Node 3306, 79.67207894056257
Node 15703, 1189.2003147247874
Node 12826, 783.9995139140951
Node 10173, 472.47673857156286
Node 3975, 105.07247791866419
Node 11293, 584.3766048448546
Node 5018, 146.72389887600525
Node 4292, 116.9622635020433
Node 3728, 95.10378444091334
Node 3646, 91.72599498835844
Node 4240, 114.78995668966374
Node 1972, 28.349733735843866
Node 15526, 1067.519540608761
Node 15475, 1052.4192013353506
Node 15089, 1010.4417113879346
Node 9713, 432.6567356213286
Node 13068, 820.1307671727527
Node 6709, 226.06365008054127
Node 6460, 213.70257049842164
Node 1849, 24.219598390745745
Node 1568, 10.4593163350377
Node 4048, 107.98323373156448
Node 10023, 459.6175796770395
Node 6379, 209.914920322207
Node 3229, 77.09742896661709
Node 1498, 6.141426346413186
Node 6744, 227.70376857706242
Node 4866, 140.19507243224035
Node 1427, 0.6601863169080886
Node 15427, 1040.035277588597
Node 15069, 1009.871583337655
Node 4310, 117.44922935705269
Node 3590, 89.8528677778544
Node 1490, 5.6498700927939405
Node 3192, 75.96104763209684
Node 1817, 22.94846036391283
Node 4111, 109.95759661569775
Node 14820, 1004.5805982630549
Node 14683, 1003.0137442593543
Node 14284, 1000.6341259914475
Node 6774, 229.31906936096163
Node 4285, 116.50684965386874
Node 4734, 135.1261730477407
Node 4427, 122.07111165255537
Node 13473, 885.4979646087295
Node 7295, 258.4093017807774
Node 10240, 478.9858241915228
Node 1571, 10.735703977492841
Node 14667, 1002.8856891879262
Node 4646, 131.43290869970974
Node 1454, 3.1574886929709005
Node 15135, 1011.976465058745
Node 11899, 656.2803920255876
Node 3026, 68.81546905893968
Node 11527, 611.6367891392056
Node 2948, 65.70125638426516
Node 9878, 445.88593689763974
Node 1772, 20.910972807220862
Node 2882, 63.00286428006763
Node 12989, 806.6346924453255
Node 9183, 388.9616094203939
Node 7543, 274.43201519287135
Node 6204, 201.14638779545578
Node 2700, 56.43771859465561
Node 1719, 18.27932195626367
Node 1448, 2.5581748643055082
Node 5837, 183.42108469248484
Node 1707, 17.23986697637396
Node 6785, 229.75095553073152
Node 2010, 29.679515784296196
Node 10063, 463.15190690259595
Node 5497, 167.59481157048253
Node 1485, 5.297570538146589
Node 2466, 47.857886943231996
Node 15510, 1063.372190531013
Node 15105, 1010.8332418221283
Node 10151, 469.66265287981616
Node 4856, 139.42295874093716
Node 4232, 114.43957140443158
Node 7519, 273.26979470265553
Node 5209, 154.52515039745546
Node 1699, 17.053128413277317
Node 1592, 11.707448479120192
Node 6406, 211.21565938859717
Node 14875, 1005.2575500075261
Node 1979, 28.57958696436676
Node 6036, 192.91391992210472
Node 15331, 1028.5970885539548
Node 9529, 415.93291718483897
Node 1628, 13.649755608708588
Node 8827, 364.17113737373086
Node 1897, 25.946840518354914
Node 3767, 96.43145970774094
Node 15283, 1022.9239319288852
Node 7778, 288.85917148575675
Node 4843, 139.04951912106756
Node 5211, 154.55145492208732
Node 3566, 88.83056743058461
Node 4331, 118.47659035431306
Node 1783, 21.204793853826867
Node 1439, 1.8708935820781147
Node 3459, 84.8304528016368
Node 15237, 1018.6722643068179
Node 14752, 1003.6486800144799
Node 1483, 5.04189011686424
Node 14348, 1000.9085221288403
Node 5480, 166.65892624203596
Node 3725, 95.05754363731225
Node 3555, 88.35175097735362
Node 2279, 40.62039601812166
Node 1793, 21.572403036193336
Node 3002, 67.74819729377334
Node 13841, 946.7126184149248
Node 5972, 189.90569706794722
Node 3103, 72.55887222514096
Node 5927, 187.69430843044856
Node 11987, 669.0747127034025
Node 1602, 12.15033355463765
Node 6376, 209.8277893121568
Node 2642, 54.14942735148591
Node 2773, 58.8696148544967
Node 15074, 1010.0127469252444
Node 9131, 385.2366833550282
Node 7339, 260.78392428447205
Node 6761, 228.42712689649562
Node 2860, 62.05778037672564
Node 5913, 187.07604082537995
Node 5259, 156.94331912687338
Node 1507, 7.128739849218524
Node 5462, 165.7274204490062
Node 3814, 98.18988934674036
Node 2878, 62.764645659391846
Node 10596, 513.4042198232337
Node 7838, 293.28160177417897
Node 1656, 15.095058271256939
Node 3122, 73.38107418072042
Node 2053, 31.19359776763384
Node 2379, 44.631868462123016
Node 1864, 24.773006387050216
Node 16349, 6145.336451923109
Node 15853, 1841.1113124553835
Node 15633, 1124.85757938101
Node 14849, 1004.9387880314669
Node 15323, 1027.5405947948739
Node 15136, 1012.0951861277307
Node 14021, 979.3704091398774
Node 6561, 218.97549445322142
Node 13411, 874.4982245390494
Node 10847, 539.2650137962903
Node 4013, 106.47471762450868
Node 1842, 23.776930789819925
Node 5970, 189.88569619491196
Node 5917, 187.23637694398377
Node 3156, 74.53707571517374
Node 1605, 12.347945770749716
Node 11475, 605.6363611802662
Node 9894, 447.21345623461394
Node 1567, 10.359367480100925
Node 8962, 374.61070248876524
Node 2959, 66.03086680458014
Node 2950, 65.81828324857422
Node 1847, 24.189767391230248
Node 1468, 3.962816840541384
Node 7590, 277.2972293079436
Node 6127, 197.23081137295
Node 2518, 49.636373970416415
Node 2453, 47.19918265330817
Node 3503, 86.4878240606745
Node 7153, 249.23635029564954
Node 11454, 603.9739231541267
Node 1521, 8.18647597384515
Node 14693, 1003.1169182324287
Node 14516, 1001.7322780724951
Node 10703, 523.1212591698196
Node 8714, 356.35783328498206
Node 4707, 133.92468097040498
Node 8341, 326.6385709767974
Node 15273, 1021.1196918513994
Node 14193, 1000.1867064138872
Node 11084, 561.6891654371184
Node 5645, 175.2684012358121
Node 2451, 47.11225799158989
Node 2529, 49.90049982158632
Node 8113, 311.12864977929837
Node 2818, 60.68116860324214
Node 6884, 235.750736534032
Node 4916, 142.14445152296585
Node 3061, 70.50241973158978
Node 3395, 82.59172336121945
Node 1509, 7.49468145658856
Node 5966, 189.5371230804352
Node 2212, 37.996926561787795
Node 4339, 118.72432612767828
Node 2082, 32.339537294790574
Node 13974, 969.4077547912755
Node 6771, 229.1969474850223
Node 3822, 98.48700132621
Node 2206, 37.66191116881613
Node 2007, 29.633418965095363
Node 4491, 124.69717213630686
Node 2145, 35.27565964238856
Node 2193, 37.39455610765714
Node 15829, 1459.5669917297594
Node 15738, 1228.7771470758378
Node 14174, 1000.0995266654683
Node 6090, 195.671562607119
Node 7174, 250.79795017049742
Node 1784, 21.226755038894066
Node 5761, 180.4284195564072
Node 1582, 11.40008993423352
Node 1482, 4.970368723081545
Node 5509, 168.2933614820813
Node 2226, 38.40897163996307
Node 5400, 162.58667358868723
Node 2900, 63.54620570807109
Node 3909, 102.50676922680165
Node 1799, 22.096014722835182
Node 15729, 1218.252357713682
Node 10403, 494.2230089896175
Node 6239, 202.7055142411281
Node 1670, 15.746882793197894
Node 2979, 66.6408569255889
Node 15500, 1060.146047020752
Node 15133, 1011.945254318268
Node 5244, 156.48919871855048
Node 4528, 126.1395835484948
Node 1560, 10.12211792300985
Node 4083, 108.91023478409002
Node 10462, 498.9447463635422
Node 7664, 281.29909967139156
Node 2202, 37.53276445767894
Node 3474, 85.37612145066358
Node 15370, 1033.5606346897914
Node 15170, 1014.5532797633826
Node 12188, 694.6850475778647
Node 6879, 235.35026505962603
Node 5207, 154.50652127814786
Node 2568, 51.387668349366855
Node 2408, 45.6109380239427
Node 4786, 136.91411496395148
Node 7056, 244.09375070625885
Node 5916, 187.12217479989346
Node 3556, 88.36617008684024
Node 2072, 32.15426764198717
Node 4224, 114.23586543258024
Node 2420, 46.095271452621645
Node 14783, 1004.0122414817531
Node 12962, 803.1327989445379
Node 4319, 117.84725538740544
Node 2833, 61.13050305414569
Node 2256, 39.58152449606458
Node 1869, 24.90236816418588
Node 1594, 11.747168779330286
Node 8033, 306.57610604543805
Node 5839, 183.67447772941895
Node 4846, 139.10031781740307
Node 2102, 33.05569093789594
Node 6513, 216.92220286427752
Node 5692, 177.18268101244894
Node 2799, 59.86933953386615
Node 1993, 29.24070456268323
Node 2052, 31.18573118899347
Node 15188, 1015.6218089835581
Node 1680, 16.282524611899746
Node 13217, 842.5534833475922
Node 6925, 237.8411482040723
Node 12291, 707.7637853834993
Node 2008, 29.661116974543145
Node 1629, 13.687693606775476
Node 7863, 294.88206098506333
Node 4877, 140.4052166653774
Node 2128, 34.517448039355656
Node 4359, 119.57161102320714
Node 3817, 98.26771353888816
Node 4145, 111.25134665531324
Node 4016, 106.53250100701341
Node 2780, 59.10159734221043
Node 15748, 1247.8724828781853
Node 15593, 1098.327154124494
Node 11301, 585.661225203537
Node 5734, 179.28927106041007
Node 2856, 61.97398924272745
Node 1697, 16.985721492703664
Node 4485, 124.48347294073254
Node 4298, 117.08734590394023
Node 2673, 55.386925384952946
Node 2743, 57.79357776387281
Node 9575, 419.62458112880006
Node 15474, 1052.149517770408
Node 9658, 427.6262449846296
Node 2521, 49.7694367520087
Node 2369, 44.20644356696993
Node 2657, 54.64423686755381
Node 13184, 838.0908930739923
Node 8096, 310.2386961731528
Node 3210, 76.30116293208927
Node 4156, 111.65924402820066
Node 1687, 16.555820416420826
Node 15733, 1222.0640814995338
Node 15439, 1042.4858870273254
Node 15231, 1018.5054795279402
Node 10557, 509.0960015694245
Node 3605, 90.37004874652978
Node 1420, 0.09861147256467687
Node 14955, 1006.693186455243
Node 7502, 272.12957333421855
Node 6013, 192.13195189625753
Node 3988, 105.60814968572612
Node 1510, 7.513022573896568
Node 6591, 220.34231340968205
Node 5266, 157.2214288281728
Node 1663, 15.295184040869303
Node 6130, 197.35913377457484
Node 8568, 344.8696875931773
Node 5882, 185.40927907355714
Node 2078, 32.206567324473184
Node 5096, 149.6593207188337
Node 15252, 1019.5098893377778
Node 12425, 728.2033132569253
Node 5547, 169.92688000870905
Node 1513, 7.714745559158042
Node 15185, 1015.5220182002789
Node 14389, 1001.1183477492752
Node 8448, 335.2890411997999
Node 14262, 1000.5083041391795
Node 7324, 259.96016926677817
Node 2522, 49.80001636803342
Node 8945, 373.56915078825045
Node 7844, 293.7620808476628
Node 4827, 138.4835340111385
Node 7756, 287.50288955730605
Node 8647, 351.3430842112171
Node 15090, 1010.4572124685176
Node 9594, 421.8944277299699
Node 8906, 370.66496162960965
Node 2503, 49.13646142519089
Node 9283, 396.7279131657457
Node 8183, 315.64964555261275
Node 8020, 305.82864438450275
Node 5195, 153.9353228937276
Node 1552, 9.680566126466129
Node 3690, 93.33994616942479
Node 1514, 7.716216964348714
Node 1763, 20.616517295821538
Node 8236, 319.1854930557324
Node 5944, 188.47182799662644
Node 3114, 72.98716343863403
Node 4374, 120.00850709922707
Node 1891, 25.698410032276737
Node 1828, 23.225799364100133
Node 1580, 11.367179490924357
Node 8064, 308.22208483185125
Node 5517, 168.62523154143176
Node 2003, 29.58470264435901
Node 1565, 10.291333907904898
Node 3158, 74.68899239984495
Node 7499, 271.8727652823747
Node 4597, 129.0597713359646
Node 3873, 101.10350205886078
Node 2383, 44.77617147002176
Node 2879, 62.77872708474959
Node 1648, 14.776161949634238
Node 2579, 51.8113563843833
Node 2350, 43.213544231776766
Node 15676, 1157.5954262682785
Node 15173, 1015.0003666491635
Node 4587, 128.4108978959901
Node 2096, 32.76254480539906
Node 1462, 3.739305447796852
Node 2210, 37.83303623348748
Node 11662, 627.2171624451138
Node 2207, 37.67195032525003
Node 3649, 91.86611468269547
Node 2525, 49.84130209218715
Node 1669, 15.68746602283723
Node 15472, 1051.822539091536
Node 9826, 442.7204837002857
Node 2985, 66.8982755594485
Node 14759, 1003.6822655835215
Node 7336, 260.59851964812066
Node 1698, 17.01215725756549
Node 6075, 194.84883574793503
Node 7981, 303.5965946462984
Node 5024, 146.9154773393485
Node 4360, 119.60951844385364
Node 15978, 3039.1867487568843
Node 15707, 1190.5206977778548
Node 15684, 1167.181021775839
Node 15516, 1065.2991226532467
Node 9918, 449.6008158128513
Node 7870, 295.18004127964844
Node 2425, 46.32551526470329
Node 1494, 5.8968398105289515
Node 2361, 43.58027179750152
Node 14817, 1004.5325303954786
Node 11534, 612.9108341279446
Node 7485, 270.697220412978
Node 4574, 127.88371140611243
Node 1500, 6.33824625181995
Node 8335, 326.00793057275615
Node 7321, 259.68827270663996
Node 1530, 8.647895002161462
Node 6012, 192.07293975516
Node 5407, 162.87654792152074
Node 8157, 314.02797443215013
Node 4908, 141.81229705450218
Node 3346, 81.0472617024684
Node 3383, 82.28916183228733
Node 14110, 994.4503462700125
Node 11304, 586.2098794030596
Node 6767, 228.78637484446233
Node 1780, 21.146760921234847
Node 5499, 167.66286468169278
Node 9525, 415.7380121720248
Node 8177, 315.1858164183009
Node 3490, 86.07277649741377
Node 12091, 680.569972624884
Node 10484, 501.0273411277869
Node 6014, 192.13611814141524
Node 3789, 97.05663920726714
Node 1612, 12.804511093787017
Node 1579, 11.267361487739143
Node 15557, 1081.0916114723304
Node 7695, 283.48857828959837
Node 6782, 229.57302095517622
Node 2761, 58.4572821915865
Node 14141, 1000.0096406252214
Node 3792, 97.16388788715375
Node 3100, 72.37354012923419
Node 2449, 47.00673652597909
Node 8744, 358.35133496806435
Node 15700, 1186.0224259248976
Node 15576, 1088.720956661821
Node 15492, 1057.835126279987
Node 6548, 218.30339522829664
Node 2062, 31.607590016028077
Node 15432, 1040.5729970019368
Node 14956, 1006.6991320353792
Node 3460, 84.83064368110703
Node 3141, 74.09175208119751
Node 14083, 991.0106075421355
Node 5361, 161.4312625441893
Node 1819, 22.951980855133
Node 11344, 590.3981386288351
Node 6692, 225.27272124018936
Node 2499, 49.03187465729106
Node 1422, 0.29878688628326444
Node 2623, 53.24018330097845
Node 2148, 35.30989172553934
Node 1558, 10.048733747657362
Node 1451, 3.025563138884639
Node 1433, 1.1269668945450988
Node 1651, 14.911502151983061
Node 15394, 1036.2223148339751
Node 13200, 840.255308921753
Node 4154, 111.50153120321386
Node 4050, 108.03779262783533
Node 3316, 79.90677690787784
Node 1444, 2.0975874009149127
Node 4066, 108.39982410344476
Node 3910, 102.54183275856896
Node 2313, 41.88959602240548
Node 2777, 59.013667852320005
Node 3913, 102.72009441473607
Node 8566, 344.76418775939544
Node 15055, 1009.5469224747075
Node 7594, 277.52527437254525
Node 15016, 1008.2379242262182
Node 9370, 403.8847701641624
Node 14861, 1005.102498590042
Node 10816, 535.746127000852
Node 2084, 32.44491135415943
Node 1585, 11.434300916416628
Node 1570, 10.598451446216107
Node 15551, 1079.067522332427
Node 15317, 1026.9866693243566
Node 15125, 1011.6652358922149
Node 2541, 50.33776341641023
Node 14689, 1003.0857015227792
Node 10324, 487.05603656096577
Node 5621, 173.72694361856185
Node 3782, 96.83087303077572
Node 2615, 53.020581998970094
Node 5235, 156.06472656975663
Node 1971, 28.340605362416234
Node 13648, 911.9318030806385
Node 11802, 642.3892039658111
Node 5947, 188.51982271400732
Node 2267, 40.05927879304073
Node 15218, 1017.2452557185169
Node 11531, 612.2075347941351
Node 10055, 462.5055836658266
Node 6321, 206.89348752663724
Node 1967, 28.187800836794008
Node 4799, 137.35621724622953
Node 8750, 358.7891136540331
Node 1618, 12.997906714200914
Node 4189, 112.96324950450378
Node 3206, 76.2716081810192
Node 2414, 45.83413888677602
Node 3724, 95.01387469900449
Node 1441, 1.8983978989182964
Node 3498, 86.35592270566151
Node 2914, 64.38889807920987
Node 1945, 27.43843173499396
Node 1720, 18.34713027425503
Node 2170, 36.50393157049395
Node 1488, 5.5050322807096785
Node 10755, 528.5640208646308
Node 7428, 267.1762593838118
Node 4012, 106.46011473632623
Node 7404, 265.3230976767798
Node 8398, 331.26424629633954
Node 7507, 272.38111098642287
Node 7141, 248.49354183982956
Node 1722, 18.381919001012367
Node 5594, 172.59518710169127
Node 4677, 132.72599069462015
Node 2275, 40.269259646868164
Node 13256, 848.8827551074462
Node 9316, 399.28928027790596
Node 4363, 119.66452094948542
Node 1426, 0.6536049317306512
Node 2447, 46.975185473000934
Node 15482, 1054.5309502690006
Node 7814, 291.5375481775487
Node 4235, 114.56671694842528
Node 1435, 1.547941995672341
Node 6988, 241.03525683116493
Node 2208, 37.72528848351658
Node 10459, 498.6691694877226
Node 6682, 224.63251383546879
Node 6393, 210.56218380745148
Node 5992, 191.09908457859643
Node 4214, 113.99583579414683
Node 2088, 32.56910718463448
Node 15680, 1159.6206651333312
Node 15523, 1066.196074781768
Node 11863, 652.9316709205794
Node 1659, 15.168819474552201
Node 15369, 1033.4935268355828
Node 15264, 1020.4237910709796
Node 4441, 122.67383933359537
Node 3744, 95.65119011595053
Node 2728, 57.11723747503848
Node 1918, 26.502095815101534
Node 1492, 5.833491937218473
Node 3425, 83.8292209530591
Node 2733, 57.328497329849405
Node 15129, 1011.8659523074735
Node 3607, 90.40442282787647
Node 1537, 8.967643720535941
Node 14988, 1007.5578700134892
Node 13677, 917.4949856154734
Node 9733, 434.21330721925295
Node 1781, 21.14742628666166
Node 14867, 1005.2044993583827
Node 10282, 482.8544544087249
Node 3955, 104.31393604832138
Node 3376, 82.11476971278748
Node 1604, 12.262425583440068
Node 1423, 0.3258733238004886
Node 5765, 180.49866211092834
Node 1501, 6.4237262060959255
Node 2431, 46.439925083856025
Node 2334, 42.69174816545932
Node 2318, 42.12862149208333
Node 15266, 1020.5543915961487
Node 8138, 312.6190249360264
Node 6876, 235.1777285102814
Node 15208, 1016.7036799767237
Node 14558, 1001.9709442176257
Node 2938, 65.24447323360052
Node 7454, 268.846236108036
Node 5318, 159.30063443797627
Node 2645, 54.23083828621917
Node 1463, 3.761223008546246
Node 1674, 15.967083367511584
Node 5598, 172.86480493350734
Node 4315, 117.6723788749003
Node 3439, 84.35085508928701
Node 1755, 20.309081843830306
Node 1839, 23.65174770049482
Node 5060, 148.18592784402134
Node 3086, 71.61695884925503
Node 5000, 145.76039846207598
Node 2498, 49.009261827354834
Node 1639, 14.365639569404438
Node 15037, 1008.9616374559469
Node 2680, 55.67020079324716
Node 1843, 23.79625630662518
Node 9980, 455.54192532638467
Node 2569, 51.484444611985914
Node 1885, 25.37080987883007
Node 8874, 368.01798646390876
Node 6448, 212.99072515594463
Node 1623, 13.279659455806772
Node 1442, 2.029377135057182
Node 4468, 123.75431811710543
Node 2343, 42.821675628980195
Node 3531, 87.45327375246278
Node 7694, 283.46615183862593
Node 4046, 107.95404099445072
Node 1450, 2.684128316348958
Node 6979, 240.42071277679023
Node 2269, 40.069503526140856
Node 15555, 1080.6134850866836
Node 15139, 1012.4728559438022
Node 4957, 143.98321858842286
Node 1927, 26.85304892215995
Node 1597, 11.958714734047817
Node 15234, 1018.5981793100952
Node 5730, 179.19950692710083
Node 4920, 142.17114969652738
Node 3780, 96.81002672584782
Node 4845, 139.07141940160187
Node 11540, 613.5128200342175
Node 10438, 497.2813485018314
Node 4107, 109.73701365560996
Node 3504, 86.52193113874961
Node 2630, 53.716765776163896
Node 3159, 74.70005449990441
Node 1635, 14.196364495642554
Node 9234, 392.68769776879014
Node 2200, 37.50049742912877
Node 1559, 10.076606784387907
Node 7512, 272.7628197774378
Node 1551, 9.5604824876529
Node 15832, 1471.463143990655
Node 15565, 1083.6393278726564
Node 15281, 1022.5044112344873
Node 11478, 606.1681590199638
Node 7101, 246.6168023966062
Node 2853, 61.944238023836036
Node 2101, 32.96900288756999
Node 1928, 26.85307639139926
Node 1467, 3.8979325798237836
Node 4803, 137.5874422846818
Node 15093, 1010.4953978761445
Node 14388, 1001.1149181613644
Node 9834, 443.0474637615584
Node 4128, 110.64797620837345
Node 2300, 41.283036548250315
Node 3242, 77.54382945328176
Node 2046, 30.868627732067257
Node 10647, 517.4683466799065
Node 9700, 431.68107782727014
Node 4697, 133.61613244361718
Node 4058, 108.17831286651302
Node 1706, 17.214222599328274
Node 1634, 14.141760356483488
Node 4879, 140.42329196070745
Node 3250, 77.76168836000167
Node 1429, 0.8410399307515599
Node 14806, 1004.2907735722711
Node 13103, 825.6469243645213
Node 4399, 121.07694621316247
Node 3630, 91.34444007983916
Node 2872, 62.482313263211786
Node 1566, 10.325488194893184
Node 1723, 18.425677443504682
Node 8240, 319.596739545922
Node 6394, 210.5969435047729
Node 15304, 1025.6391559591286
Node 15056, 1009.5942318711699
Node 5095, 149.64064244435613
Node 4119, 110.21079321486955
Node 3430, 84.07302178189562
Node 1794, 21.66833893548257
Node 11552, 614.7708828859472
Node 1913, 26.27832844022916
Node 1469, 3.9984457343740076
Node 1686, 16.490972241951237
Node 15292, 1023.7180619421449
Node 14520, 1001.7675693287692
Node 12542, 743.1269615166323
Node 8868, 367.57418182657347
Node 8602, 348.06196896230864
Node 6038, 192.95642004911792
Node 4620, 130.38930976251314
Node 5363, 161.46565521645874
Node 1758, 20.4641501752313
Node 13075, 821.0364772610093
Node 6298, 205.7206912180683
Node 12774, 775.9070805734784
Node 9969, 454.2485615191891
Node 8558, 344.3929699837314
Node 11175, 571.9656047225595
Node 1425, 0.5658131562769769
Node 2681, 55.74459688385415
Node 15223, 1017.6268022191773
Node 2504, 49.14547570308241
Node 1606, 12.356710202862196
Node 15124, 1011.5946802392914
Node 11202, 574.2709568121714
Node 8929, 372.5310490379552
Node 3138, 74.0380345472669
Node 2651, 54.44465621685981
Node 1688, 16.629146769175442
Node 14670, 1002.9333734295594
Node 5881, 185.3597614895851
Node 2580, 51.821929236646035
Node 1748, 19.931125438008667
Node 15805, 1383.254310040487
Node 15682, 1161.5583219262257
Node 10346, 490.008605195828
Node 9738, 434.5730121325886
Node 9685, 430.1257592562831
Node 5828, 183.04515344145236
Node 1493, 5.871247151768573
Node 7332, 260.39868493672515
Node 1611, 12.789588041330271
Node 5810, 182.29921482334882
Node 1596, 11.948961828862203
Node 4267, 115.97301075774516
Node 1792, 21.570137776623717
Node 3554, 88.33686549603823
Node 15561, 1082.4516012466872
Node 15476, 1052.7755866658765
Node 15200, 1016.2876314524059
Node 1461, 3.677998374745003
Node 12584, 749.7710851003114
Node 8755, 359.2011165767122
Node 7394, 264.2391089930188
Node 5352, 160.90718991866282
Node 4550, 127.02838185194256
Node 2321, 42.25695725801838
Node 2001, 29.563767394920497
Node 4347, 118.94077572868399
Node 2468, 48.03516514140368
Node 2089, 32.57339058463953
Node 9208, 390.83095531181624
Node 5628, 174.3673635110846
Node 5578, 171.63581635099067
Node 3148, 74.31272732945644
Node 7403, 265.1753792200707
Node 5167, 152.85527251856496
Node 4286, 116.64286138361369
Node 5020, 146.76484238496687
Node 1621, 13.177748568267498
Node 4854, 139.31735787125643
Node 2428, 46.37135723459514
Node 3247, 77.66171532713135
Node 2320, 42.2423382332254
Node 6382, 210.04908977193233
Node 5269, 157.26550316254844
Node 1795, 21.694342772788186
Node 1642, 14.471462421228093
Node 6113, 196.69495290607077
Node 2735, 57.42361183060499
Node 5804, 182.0166446889845
Node 15411, 1038.1578283162457
Node 9507, 414.49541341433746
Node 8899, 370.307610925945
Node 1728, 18.81404666859956
Node 8480, 337.9975331204475
Node 6839, 233.2165282415665
Node 5401, 162.63000514685916
Node 4488, 124.6349598584482
Node 1453, 3.117324275362635
Node 7843, 293.6962196621415
Node 7034, 242.82180558955028
Node 5064, 148.36658894728012
Node 2553, 50.80540725945602
Node 1536, 8.904885873892582
Node 2297, 41.09062379919854
Node 9477, 412.5359006052392
Node 2815, 60.60667727159551
Node 2407, 45.6100934789571
Node 6294, 205.41354168288743
Node 2038, 30.543257008394036
Node 4759, 135.95900538660965
Node 13771, 933.8927201261777
Node 12191, 695.1164242732361
Node 5473, 166.18682937666753
Node 3380, 82.22199435460402
Node 1481, 4.961221304809422
Node 11416, 599.6734089739438
Node 8093, 310.10491729995846
Node 2416, 45.84844439683379
Node 2090, 32.576008768896315
Node 8140, 312.7752670882717
Node 5853, 183.95418137210606
Node 3797, 97.35034159445547
Node 1641, 14.463938198043927
Node 4397, 121.01767626037905
Node 2570, 51.529223840093756
Node 12785, 777.6963327899255
Node 11724, 632.8761715953381
Node 9013, 377.9619382452575
Node 5061, 148.2024440469557
Node 4857, 139.49414788719668
Node 7185, 251.48887866068782
Node 2232, 38.6425318214701
Node 10092, 465.54138602973615
Node 6863, 234.3657695328744
Node 5550, 170.24776244146415
Node 5525, 168.9149693594026
Node 1679, 16.139614245545612
Node 12051, 676.5159532647199
Node 9651, 427.40916857967943
Node 2364, 43.77996092233267
Node 7820, 291.8557145809845
Node 3169, 75.0599671684881
Node 11246, 580.1527338848964
Node 7025, 242.5762641984678
Node 2618, 53.0455041767992
Node 6458, 213.50516262594897
Node 2805, 60.21317422768512
Node 15753, 1264.506485888733
Node 15522, 1066.1373810989794
Node 15086, 1010.3472088243929
Node 10283, 483.0043035040012
Node 5740, 179.59439192152777
Node 3369, 81.91892353367948
Node 5711, 178.26530529783702
Node 5277, 157.56744694818408
Node 2121, 34.29794832620954
Node 14335, 1000.8510162589333
Node 2041, 30.70673894803597
Node 4769, 136.27091419820104
Node 4007, 106.36699184887871
Node 15324, 1027.6218470667393
Node 9977, 455.2590457554367
Node 9312, 399.17190907566317
Node 1984, 28.7519163635104
Node 1675, 15.993088587802024
Node 9232, 392.03930502400993
Node 3109, 72.75128892242826
Node 2268, 40.06013584818093
Node 2455, 47.30389443808586
Node 9093, 383.36792743448336
Node 6486, 215.76330702046934
Node 4256, 115.39529536099496
Node 8556, 344.13387985076685
Node 3475, 85.49615495803607
Node 1712, 17.47947006938519
Node 1573, 10.940963611516283
Node 3042, 69.55728422017194
Node 2415, 45.839234634341956
Node 1625, 13.381601168326567
Node 6993, 241.25334715663695
Node 5426, 163.58825129291753
Node 9960, 453.6421257798008
Node 4527, 126.11544123498857
Node 4284, 116.38640291709741
Node 3719, 94.6937436007924
Node 3415, 83.3295217628254
Node 2241, 38.92957955828902
Node 14836, 1004.7955417223292
Node 12327, 713.0873465142018
Node 11491, 607.7352524446226
Node 11356, 591.2250993381641
Node 2532, 49.993273751525315
Node 1982, 28.72702257304064
Node 11221, 577.6913318187254
Node 4398, 121.0591638884519
Node 8723, 357.231636769969
Node 5170, 152.9150743560623
Node 4829, 138.5162845709225
Node 3637, 91.51198059201225
Node 2155, 35.75250032437252
Node 2095, 32.72451523091994
Node 4962, 144.21496700637758
Node 2620, 53.13246324193195
Node 6712, 226.31067932176379
Node 1553, 9.867302541362658
Node 13819, 942.1676618632544
Node 5016, 146.6806873088928
Node 11995, 669.8070678166763
Node 8619, 349.5834058263825
Node 3400, 82.78086109713428
Node 7159, 249.6631812467359
Node 2584, 51.96539562480446
Node 3224, 76.95294634525148
Node 1428, 0.8258342830718781
Node 8972, 375.12632097613096
Node 7868, 295.1323995053304
Node 6806, 231.2175077656054
Node 15685, 1169.2702626659225
Node 15511, 1063.6697423638202
Node 12210, 697.9221158107499
Node 7963, 301.64205176261055
Node 4636, 131.09738575075008
Node 3541, 87.91006045166719
Node 1856, 24.45508036829418
Node 1624, 13.381480296704183
Node 3850, 100.01756631321807
Node 15363, 1032.8759677998842
Node 4600, 129.2673110984747
Node 15169, 1014.5478971317078
Node 12667, 761.3661775345896
Node 6304, 206.0732446877383
Node 6119, 196.86851613179974
Node 2991, 66.974777967072
Node 2859, 62.05573850606051
Node 1805, 22.365158271501265
Node 1650, 14.859859116608666
Node 2988, 66.92127241917622
Node 2314, 41.911242038148245
Node 5799, 181.78250051985836
Node 5382, 162.06533081505384
Node 2962, 66.119860212185
Node 1988, 28.967858019321323
Node 1902, 25.989910906988126
Node 4493, 124.74186269275928
Node 1466, 3.8069431080741007
Node 8546, 343.47274804769506
Node 1455, 3.183443396443068
Node 1424, 0.39611304161180216
Node 15000, 1007.913498126917
Node 5030, 147.13333785201914
Node 3716, 94.62014129608615
Node 2652, 54.54157100303831
Node 1867, 24.85424686844641
Node 15658, 1142.1024653153734
Node 14404, 1001.1963883856558
Node 10774, 530.2623304414552
Node 1434, 1.4750343487657451
Node 6465, 213.8851265943071
Node 3222, 76.86910790258104
Node 1689, 16.722289316075774
Node 4716, 134.47471968379128
Node 2500, 49.03340229040324
Node 3835, 99.13315228258817
Node 3027, 68.82730359788025
Node 11659, 626.8380060807203
Node 7784, 289.16516736733774
Node 2911, 64.14285825994955
Node 2137, 34.94067291847677
Node 15520, 1065.818632476398
Node 2075, 32.193542976626965
Node 5936, 188.1119930199627
Node 1502, 6.573649741485752
