node_generations, branch_length
18705.086740693838, 10662.756830732735
4966.210779711316, 13738.875960982521
832.072698619504, 4134.138081091812
162.20203417909542, 669.8706644404085
0.0, 162.20203417909542
123.72837778140148, 38.473656397693944
0.0, 123.72837778140148
0.0, 123.72837778140148
534.4346059226924, 297.63809269681155
147.5510629947342, 386.8835429279582
112.3908425158073, 35.1602204789269
101.6370523851246, 10.753790130682688
0.0, 101.6370523851246
55.819430490587926, 45.81762189453668
17.375593161270228, 38.4438373293177
0.0, 17.375593161270228
0.0, 17.375593161270228
32.05122906850981, 23.768201422078114
0.0, 32.05122906850981
0.0, 32.05122906850981
111.8602485045538, 0.5305940112534984
0.0, 111.8602485045538
87.3814825308744, 24.4787659736794
0.0, 87.3814825308744
0.0, 87.3814825308744
127.32368564716985, 20.227377347564342
0.0, 127.32368564716985
124.03406452545003, 3.2896211217198186
0.0, 124.03406452545003
107.60984674982548, 16.424217775624555
0.0, 107.60984674982548
0.0, 107.60984674982548
454.5650165725729, 79.8695893501195
126.58672422630545, 327.9782923462675
0.0, 126.58672422630545
115.29879276209006, 11.28793146421539
108.10309524193524, 7.195697520154823
0.0, 108.10309524193524
0.0, 108.10309524193524
109.12417436330595, 6.174618398784105
0.0, 109.12417436330595
106.33325442487796, 2.79091993842799
0.0, 106.33325442487796
0.0, 106.33325442487796
235.363455076342, 219.2015614962309
126.31247466238834, 109.05098041395367
0.0, 126.31247466238834
103.78374009699466, 22.528734565393677
0.0, 103.78374009699466
0.0, 103.78374009699466
191.37481482061426, 43.988640255727745
0.0, 191.37481482061426
140.72337002756524, 50.65144479304902
0.0, 140.72337002756524
136.06544006188366, 4.657929965681575
107.36914454912235, 28.69629551276131
0.0, 107.36914454912235
105.28544880016238, 2.0836957489599683
96.43713143017042, 8.84831736999196
0.0, 96.43713143017042
0.0, 96.43713143017042
105.22171308987527, 0.06373571028711922
53.395781310264574, 51.82593177961069
0.0, 53.395781310264574
0.0, 53.395781310264574
100.37272204748612, 4.8489910423891445
0.0, 100.37272204748612
0.0, 100.37272204748612
118.1014729770437, 17.963967084839965
0.0, 118.1014729770437
102.16990446635367, 15.931568510690028
0.0, 102.16990446635367
0.0, 102.16990446635367
1404.625672734652, 3561.585106976664
140.46943836665082, 1264.1562343680012
0.0, 140.46943836665082
124.30809428818223, 16.161344078468588
0.0, 124.30809428818223
111.37599689768732, 12.932097390494917
0.0, 111.37599689768732
0.0, 111.37599689768732
432.97271727703225, 971.6529554576198
115.66516533623398, 317.30755194079825
0.0, 115.66516533623398
101.40449132584733, 14.260674010386651
0.0, 101.40449132584733
0.0, 101.40449132584733
117.63259210802393, 315.34012516900833
0.0, 117.63259210802393
0.0, 117.63259210802393
9778.55398674818, 8926.532753945658
4528.445832134373, 5250.1081546138075
124.96358821252578, 4403.482243921847
0.0, 124.96358821252578
123.21843230836484, 1.7451559041609386
112.86739177864989, 10.35104052971495
91.47691274576107, 21.39047903288882
0.0, 91.47691274576107
0.0, 91.47691274576107
105.10774494754445, 7.759646831105442
0.0, 105.10774494754445
102.29510189140161, 2.812643056142832
0.0, 102.29510189140161
0.0, 102.29510189140161
121.84510513757853, 1.373327170786311
0.0, 121.84510513757853
120.13155704981733, 1.7135480877611968
106.2960835481714, 13.835473501645936
0.0, 106.2960835481714
0.0, 106.2960835481714
115.61848348978558, 4.513073560031756
0.0, 115.61848348978558
115.41712393224896, 0.2013595575366196
93.95093442612132, 21.466189506127634
0.0, 93.95093442612132
35.240642404112684, 58.71029202200864
0.0, 35.240642404112684
0.0, 35.240642404112684
101.9025292712732, 13.51459466097576
0.0, 101.9025292712732
0.0, 101.9025292712732
3327.507409972695, 1200.9384221616779
1816.8899751356287, 1510.6174348370662
1045.1802079194758, 771.7097672161528
477.3883871979162, 567.7918207215596
0.0, 477.3883871979162
134.45013277459574, 342.9382544233205
0.0, 134.45013277459574
111.92009495349272, 22.530037821103022
0.0, 111.92009495349272
0.0, 111.92009495349272
552.6391745816777, 492.5410333377981
135.45878750834174, 417.18038707333596
104.1577043319896, 31.301083176352137
0.0, 104.1577043319896
102.26547905304484, 1.892225278944764
26.004066237848363, 76.26141281519648
0.0, 26.004066237848363
0.0, 26.004066237848363
101.32834599233355, 0.9371330607112895
0.0, 101.32834599233355
0.0, 101.32834599233355
131.34501838913096, 4.113769119210787
118.88611482236513, 12.458903566765827
0.0, 118.88611482236513
112.59621508213846, 6.289899740226673
0.0, 112.59621508213846
111.71617293791856, 0.8800421442198996
0.0, 111.71617293791856
102.81373789649639, 8.902435041422166
0.0, 102.81373789649639
19.62009672133117, 83.19364117516523
0.0, 19.62009672133117
0.0, 19.62009672133117
126.90513194179277, 4.439886447338182
0.0, 126.90513194179277
109.98005782777601, 16.925074114016766
0.0, 109.98005782777601
0.0, 109.98005782777601
388.112517091889, 164.5266574897887
121.50924051010688, 266.6032765817821
0.0, 121.50924051010688
119.68961770560726, 1.819622804499616
0.0, 119.68961770560726
0.0, 119.68961770560726
126.08685762805472, 262.0256594638343
0.0, 126.08685762805472
0.0, 126.08685762805472
1152.0726614378102, 664.8173136978185
0.0, 1152.0726614378102
0.0, 1152.0726614378102
1876.1962826226875, 1451.3111273500074
132.22275740316144, 1743.973525219526
57.58022606963552, 74.64253133352591
0.0, 57.58022606963552
0.0, 57.58022606963552
104.87464161360066, 27.34811578956078
0.0, 104.87464161360066
102.72052217643619, 2.154119437164468
0.0, 102.72052217643619
0.0, 102.72052217643619
1728.8648855913907, 147.33139703129677
1136.930768036875, 591.9341175545158
191.6722952215187, 945.2584728153563
102.99351139257789, 88.67878382894082
0.0, 102.99351139257789
0.0, 102.99351139257789
106.9186089116293, 84.7536863098894
0.0, 106.9186089116293
12.373988085893014, 94.54462082573629
0.0, 12.373988085893014
0.0, 12.373988085893014
751.3014867995297, 385.62928123734525
135.73764502423126, 615.5638417752984
100.8078017102729, 34.92984331395836
0.0, 100.8078017102729
79.9279708845326, 20.8798308257403
0.0, 79.9279708845326
30.46153917419427, 49.46643171033833
0.0, 30.46153917419427
0.0, 30.46153917419427
131.91153283598848, 3.8261121882427744
0.0, 131.91153283598848
104.48019057040254, 27.43134226558594
100.5509539623097, 3.929236608092836
0.0, 100.5509539623097
0.0, 100.5509539623097
100.6637130576489, 3.816477512753636
68.16461015050325, 32.499102907145655
0.0, 68.16461015050325
0.0, 68.16461015050325
100.38270767607716, 0.28100538157174526
0.0, 100.38270767607716
0.0, 100.38270767607716
187.99156547008042, 563.3099213294493
135.46650002905912, 52.5250654410213
103.0323565692287, 32.43414345983042
0.0, 103.0323565692287
0.0, 103.0323565692287
135.1254848558153, 0.341015173243818
117.44416764170867, 17.681317214106627
113.09708473662616, 4.347082905082516
0.0, 113.09708473662616
112.17233949617243, 0.9247452404537313
0.0, 112.17233949617243
101.64664611555828, 10.525693380614143
0.0, 101.64664611555828
0.0, 101.64664611555828
115.64515901545896, 1.7990086262497158
0.0, 115.64515901545896
106.99489028172668, 8.650268733732275
0.0, 106.99489028172668
103.50762419470095, 3.4872660870257306
0.0, 103.50762419470095
100.35821665918775, 3.1494075355132054
0.0, 100.35821665918775
29.212613689849736, 71.14560296933801
0.0, 29.212613689849736
0.0, 29.212613689849736
117.74173084217259, 17.383754013642715
100.12713203510529, 17.614598807067296
0.0, 100.12713203510529
0.0, 100.12713203510529
113.70381421176302, 4.037916630409569
108.07598433921999, 5.627829872543032
0.0, 108.07598433921999
104.90735801634614, 3.1686263228738483
0.0, 104.90735801634614
0.0, 104.90735801634614
112.5136376957471, 1.1901765160159243
0.0, 112.5136376957471
105.93100503362415, 6.582632662122947
0.0, 105.93100503362415
100.98945848510822, 4.94154654851593
0.0, 100.98945848510822
100.54898819121274, 0.44047029389547276
44.76946715075349, 55.77952104045925
0.0, 44.76946715075349
0.0, 44.76946715075349
50.01062974842257, 50.53835844279017
0.0, 50.01062974842257
0.0, 50.01062974842257
182.57796424656348, 5.413601223516935
110.2844403138875, 72.29352393267598
103.18283530353847, 7.101605010349033
0.0, 103.18283530353847
0.0, 103.18283530353847
107.99379877484206, 2.2906415390454384
0.0, 107.99379877484206
107.85221498351406, 0.14158379132800292
0.0, 107.85221498351406
103.69021195921856, 4.162003024295501
0.0, 103.69021195921856
0.0, 103.69021195921856
141.4693704579039, 41.10859378865959
103.5073869559977, 37.96198350190619
0.0, 103.5073869559977
0.0, 103.5073869559977
110.65298403705243, 30.816386420851458
0.0, 110.65298403705243
0.0, 110.65298403705243
1698.1336026728327, 30.73128291855801
1156.3593933044674, 541.7742093683653
109.26916569279136, 1047.090227611676
0.0, 109.26916569279136
105.40762581043757, 3.861539882353796
0.0, 105.40762581043757
105.31997378350266, 0.08765202693490437
0.0, 105.31997378350266
43.10135878592367, 62.21861499757899
0.0, 43.10135878592367
0.0, 43.10135878592367
502.3312662880681, 654.0281270163994
0.0, 502.3312662880681
88.67535913918789, 413.6559071488802
0.0, 88.67535913918789
0.0, 88.67535913918789
1418.871420853293, 279.2621818195396
103.44101636163691, 1315.4304044916562
0.0, 103.44101636163691
103.29291279088298, 0.148103570753932
0.0, 103.29291279088298
0.0, 103.29291279088298
638.613212266199, 780.2582085870941
146.1455900513536, 492.4676222148454
118.7493974453618, 27.3961926059918
0.0, 118.7493974453618
105.00398378258018, 13.745413662781615
80.70672979516475, 24.29725398741543
0.0, 80.70672979516475
41.70676392744354, 38.99996586772121
0.0, 41.70676392744354
0.0, 41.70676392744354
103.05923129695184, 1.9447524856283422
0.0, 103.05923129695184
0.0, 103.05923129695184
145.63142402699734, 0.5141660243562569
0.0, 145.63142402699734
119.6962375648807, 25.935186462116633
68.82243434466635, 50.873803220214356
0.0, 68.82243434466635
0.0, 68.82243434466635
102.44644455033871, 17.249793014541993
0.0, 102.44644455033871
0.0, 102.44644455033871
149.89058670705765, 488.7226255591413
0.0, 149.89058670705765
107.02707493129031, 42.863511775767336
0.0, 107.02707493129031
0.0, 107.02707493129031
5598.872136312463, 4179.681850435717
2417.006866119923, 3181.8652701925403
148.35912611673817, 2268.647740003185
106.26861243511681, 42.09051368162136
70.31542053390238, 35.953191901214424
0.0, 70.31542053390238
0.0, 70.31542053390238
106.25452981146937, 0.014082623647439618
0.0, 106.25452981146937
102.70340846476782, 3.5511213467015494
0.0, 102.70340846476782
44.44517979471983, 58.25822867004799
0.0, 44.44517979471983
0.0, 44.44517979471983
135.61307367789487, 12.746052438843293
115.79719133219568, 19.815882345699194
102.08427623826941, 13.71291509392627
0.0, 102.08427623826941
0.0, 102.08427623826941
107.62722459096301, 8.16996674123267
0.0, 107.62722459096301
0.0, 107.62722459096301
121.55621569155886, 14.056857986336013
0.0, 121.55621569155886
104.40407853377822, 17.152137157780643
0.0, 104.40407853377822
104.06402115406885, 0.3400573797093642
0.0, 104.06402115406885
0.0, 104.06402115406885
2238.0971706117657, 178.90969550815726
173.78752742156283, 2064.3096431902027
140.0187028117119, 33.768824609850924
0.0, 140.0187028117119
117.21679605793435, 22.80190675377756
106.94173076063947, 10.275065297294873
0.0, 106.94173076063947
102.26277185091367, 4.678958909725807
0.0, 102.26277185091367
0.0, 102.26277185091367
107.03220728798922, 10.184588769945123
0.0, 107.03220728798922
0.0, 107.03220728798922
140.05164028456366, 33.73588713699917
0.0, 140.05164028456366
104.94676349467949, 35.10487678988417
0.0, 104.94676349467949
101.6138070051995, 3.332956489479983
0.0, 101.6138070051995
52.92504630896961, 48.68876069622989
0.0, 52.92504630896961
16.563155900517625, 36.361890408451984
0.0, 16.563155900517625
0.0, 16.563155900517625
1767.111197725207, 470.9859728865588
496.9151388745771, 1270.19605885063
101.76378770084365, 395.1513511737335
0.0, 101.76378770084365
0.0, 101.76378770084365
115.65844573240682, 381.2566931421703
100.33892233772063, 15.319523394686186
0.0, 100.33892233772063
100.01112897425175, 0.327793363468885
0.0, 100.01112897425175
52.207339766862304, 47.80378920738944
0.0, 52.207339766862304
0.0, 52.207339766862304
106.79110273645202, 8.8673429959548
104.24770935852115, 2.543393377930869
0.0, 104.24770935852115
0.0, 104.24770935852115
105.54566935499385, 1.2454333814581702
0.0, 105.54566935499385
48.679985551952996, 56.86568380304085
0.0, 48.679985551952996
0.0, 48.679985551952996
990.9727271216846, 776.1384706035224
130.57963018522284, 860.3930969364617
102.78645433745572, 27.793175847767117
0.0, 102.78645433745572
0.0, 102.78645433745572
126.20539751633085, 4.374232668891992
100.83564203516575, 25.3697554811651
0.0, 100.83564203516575
100.66997340883438, 0.16566862633136736
0.0, 100.66997340883438
65.17369865619764, 35.49627475263674
0.0, 65.17369865619764
0.0, 65.17369865619764
122.16597323007544, 4.039424286255411
110.01531587729443, 12.15065735278101
0.0, 110.01531587729443
107.6598848746407, 2.355431002653731
0.0, 107.6598848746407
102.3966844872753, 5.263200387365401
0.0, 102.3966844872753
100.75936953302133, 1.6373149542539664
0.0, 100.75936953302133
0.0, 100.75936953302133
121.5041949168977, 0.6617783131777344
109.13215315425491, 12.372041762642795
0.0, 109.13215315425491
100.42173509599108, 8.710418058263826
0.0, 100.42173509599108
0.0, 100.42173509599108
115.52362307501224, 5.980571841885464
101.96242746408127, 13.561195610930966
0.0, 101.96242746408127
100.66847694005226, 1.2939505240290146
0.0, 100.66847694005226
0.0, 100.66847694005226
114.94803937737878, 0.5755836976334621
0.0, 114.94803937737878
0.0, 114.94803937737878
677.3666036273523, 313.6061234943322
0.0, 677.3666036273523
622.2700067596783, 55.096596867674066
144.6536941619808, 477.61631259769746
109.5733754136641, 35.080318748316714
0.0, 109.5733754136641
104.69161847692874, 4.881756936735357
0.0, 104.69161847692874
100.68719822458094, 4.004420252347799
0.0, 100.68719822458094
0.0, 100.68719822458094
126.57950271056154, 18.074191451419267
0.0, 126.57950271056154
108.16518713853502, 18.414315572026524
0.0, 108.16518713853502
0.0, 108.16518713853502
474.2473336515445, 148.02267310813374
122.45541615029428, 351.7919175012502
106.573750321349, 15.881665828945287
0.0, 106.573750321349
0.0, 106.573750321349
121.78871140905302, 0.6667047412412614
117.95847223832898, 3.8302391707240417
110.22970068876701, 7.728771549561969
0.0, 110.22970068876701
101.07220437595971, 9.157496312807297
0.0, 101.07220437595971
0.0, 101.07220437595971
114.75891831243302, 3.1995539258959553
0.0, 114.75891831243302
0.0, 114.75891831243302
118.97312787791299, 2.8155835311400352
101.6344300287474, 17.338697849165584
0.0, 101.6344300287474
18.628551816509976, 83.00587821223743
0.0, 18.628551816509976
0.0, 18.628551816509976
104.3513881200057, 14.621739757907292
0.0, 104.3513881200057
102.47086067773563, 1.8805274422700649
0.0, 102.47086067773563
73.78850596835962, 28.682354709376014
0.0, 73.78850596835962
0.0, 73.78850596835962
378.3998309992197, 95.8475026523248
0.0, 378.3998309992197
146.01888611572707, 232.38094488349265
107.27909548560632, 38.73979063012075
0.0, 107.27909548560632
103.21221071351533, 4.066884772090987
0.0, 103.21221071351533
0.0, 103.21221071351533
126.10265720552597, 19.9162289102011
77.34722756281457, 48.755429642711405
0.0, 77.34722756281457
12.206552693873068, 65.1406748689415
0.0, 12.206552693873068
0.0, 12.206552693873068
113.69452610684645, 12.408131098679519
0.0, 113.69452610684645
102.74112549152267, 10.953400615323787
0.0, 102.74112549152267
0.0, 102.74112549152267
4498.125621027208, 1100.7465152852556
2350.280135244089, 2147.845485783119
115.42830750806576, 2234.851827736023
0.0, 115.42830750806576
100.51448692791315, 14.913820580152603
0.0, 100.51448692791315
0.0, 100.51448692791315
1854.453424912443, 495.8267103316457
112.60870220723771, 1741.8447227052054
0.0, 112.60870220723771
0.0, 112.60870220723771
408.49840107191557, 1445.9550238405275
106.7526614816031, 301.7457395903125
0.0, 106.7526614816031
0.0, 106.7526614816031
141.39976799706872, 267.0986330748468
101.53382613956599, 39.86594185750273
0.0, 101.53382613956599
0.0, 101.53382613956599
106.86576607342451, 34.53400192364421
0.0, 106.86576607342451
100.9052470547263, 5.960519018698207
0.0, 100.9052470547263
0.0, 100.9052470547263
4444.924103627399, 53.201517399808836
100.92955053927216, 4343.994553088127
0.0, 100.92955053927216
0.0, 100.92955053927216
2439.7444491825136, 2005.1796544448853
116.1870689379053, 2323.5573802446083
0.0, 116.1870689379053
106.39658816150938, 9.79048077639591
15.723189815531006, 90.67339834597838
0.0, 15.723189815531006
0.0, 15.723189815531006
23.020824548046665, 83.37576361346272
0.0, 23.020824548046665
0.0, 23.020824548046665
431.9993905227517, 2007.745058659762
0.0, 431.9993905227517
173.44277127982923, 258.55661924292247
129.55563216371968, 43.88713911610955
0.0, 129.55563216371968
117.7885761270408, 11.76705603667888
0.0, 117.7885761270408
0.0, 117.7885761270408
146.1018685805238, 27.340902699305417
67.39698702212532, 78.7048815583985
0.0, 67.39698702212532
0.0, 67.39698702212532
114.6594351886422, 31.442433391881607
0.0, 114.6594351886422
0.0, 114.6594351886422
21416.45217871226, 7951.391392714311
145.13465585904964, 21271.317522853213
116.13941671593457, 28.99523914311507
0.0, 116.13941671593457
108.55945319804914, 7.579963517885432
0.0, 108.55945319804914
101.62672445208176, 6.932728745967381
0.0, 101.62672445208176
0.0, 101.62672445208176
141.69669228481197, 3.4379635742376706
120.88831092778962, 20.808381357022355
112.22932104255666, 8.658989885232955
105.80891492986223, 6.420406112694437
0.0, 105.80891492986223
0.0, 105.80891492986223
108.45041076067301, 3.778910281883654
0.0, 108.45041076067301
102.16671209033646, 6.283698670336548
0.0, 102.16671209033646
0.0, 102.16671209033646
114.8600543876786, 6.028256540111016
106.12174671395229, 8.738307673726311
0.0, 106.12174671395229
0.0, 106.12174671395229
109.97096130650627, 4.889093081172334
0.0, 109.97096130650627
106.20760718296354, 3.763354123542726
100.215827703332, 5.991779479631546
0.0, 100.215827703332
82.7584668056539, 17.4573608976781
0.0, 82.7584668056539
0.0, 82.7584668056539
101.78650525884258, 4.421101924120961
0.0, 101.78650525884258
100.47040871052, 1.3160965483225766
0.0, 100.47040871052
32.97114182206554, 67.49926688845446
0.0, 32.97114182206554
0.0, 32.97114182206554
134.91575089237935, 6.780941392432624
114.71762636677545, 20.1981245256039
0.0, 114.71762636677545
107.72992168956145, 6.987704677213998
0.0, 107.72992168956145
104.66568225759468, 3.0642394319667687
0.0, 104.66568225759468
0.0, 104.66568225759468
115.10267999083439, 19.81307090154496
0.0, 115.10267999083439
100.23857129393497, 14.864108696899422
0.0, 100.23857129393497
0.0, 100.23857129393497
6839.276444880941, 14577.17573383132
117.9445524055807, 6721.33189247536
71.78333892843706, 46.16121347714363
0.0, 71.78333892843706
0.0, 71.78333892843706
114.59390112490776, 3.3506512806729347
0.0, 114.59390112490776
102.70430411044485, 11.889597014462908
0.0, 102.70430411044485
0.0, 102.70430411044485
4031.5162316537258, 2807.7602132272154
368.7064697857003, 3662.8097618680254
0.0, 368.7064697857003
204.89493213457297, 163.8115376511273
112.76537812331505, 92.12955401125792
0.0, 112.76537812331505
106.03272394613717, 6.732654177177878
0.0, 106.03272394613717
3.1960389528030464, 102.83668499333412
0.0, 3.1960389528030464
0.0, 3.1960389528030464
133.1912382158307, 71.70369391874226
0.0, 133.1912382158307
128.65749558105608, 4.533742634774626
0.0, 128.65749558105608
120.61134638420026, 8.046149196855822
0.0, 120.61134638420026
111.27745346943787, 9.333892914762387
107.16204063180683, 4.115412837631041
20.323274480226896, 86.83876615157993
0.0, 20.323274480226896
0.0, 20.323274480226896
101.73291882580713, 5.429121805999699
0.0, 101.73291882580713
0.0, 101.73291882580713
110.38762518813586, 0.889828281302016
0.0, 110.38762518813586
0.0, 110.38762518813586
3434.8736632940663, 596.6425683596594
130.8157558564482, 3304.0579074376183
113.61205295608342, 17.203702900364775
0.0, 113.61205295608342
0.0, 113.61205295608342
116.08271454456361, 14.733041311884577
102.19591041233782, 13.886804132225791
0.0, 102.19591041233782
0.0, 102.19591041233782
110.3389908728868, 5.743723671676818
0.0, 110.3389908728868
109.79998647775489, 0.5390043951319115
0.0, 109.79998647775489
107.30749290200933, 2.4924935757455557
0.0, 107.30749290200933
102.19945171766696, 5.108041184342369
0.0, 102.19945171766696
0.0, 102.19945171766696
474.58064197925785, 2960.2930213148084
0.0, 474.58064197925785
112.59753284323138, 361.9831091360265
0.0, 112.59753284323138
109.98712771841689, 2.6104051248144913
0.0, 109.98712771841689
32.81131417204937, 77.17581354636752
0.0, 32.81131417204937
22.916840658703062, 9.894473513346309
0.0, 22.916840658703062
0.0, 22.916840658703062
