node_generations, branch_length
2148.903947239186, 1328.9432615935866
507.3176264479875, 1641.5863207911984
155.8745460529375, 351.44308039505
98.8106565237661, 57.06388952917139
0.0, 98.8106565237661
19.940768867841335, 78.86988765592477
0.0, 19.940768867841335
0.0, 19.940768867841335
123.78134360922225, 32.09320244371524
0.0, 123.78134360922225
39.74854369999818, 84.03279990922407
0.0, 39.74854369999818
26.67998277256879, 13.068560927429392
0.0, 26.67998277256879
0.0, 26.67998277256879
167.70898776969804, 339.6086386782895
0.0, 167.70898776969804
0.0, 167.70898776969804
1351.5121002522696, 797.3918469869163
1191.915736265345, 159.59636398692464
368.29783339867635, 823.6179028666686
0.0, 368.29783339867635
153.6669646287726, 214.63086876990374
47.55420159352325, 106.11276303524934
0.0, 47.55420159352325
0.0, 47.55420159352325
94.67801320004924, 58.98895142872337
42.199652282842564, 52.47836091720667
0.0, 42.199652282842564
0.0, 42.199652282842564
73.42693630104381, 21.251076899005426
0.0, 73.42693630104381
0.0, 73.42693630104381
1008.3772794711194, 183.53845679422557
0.0, 1008.3772794711194
821.3759161316459, 187.00136333947353
77.33748853574886, 744.038427595897
0.0, 77.33748853574886
0.0, 77.33748853574886
642.0541461364691, 179.32176999517685
540.1531647788443, 101.9009813576248
261.1994654952894, 278.95369928355484
0.0, 261.1994654952894
178.57261510364478, 82.62685039164464
0.0, 178.57261510364478
61.65322529123294, 116.91938981241184
0.0, 61.65322529123294
0.0, 61.65322529123294
359.59756963196673, 180.55559514687752
6.098455689601486, 353.4991139423652
0.0, 6.098455689601486
0.0, 6.098455689601486
310.4840228917064, 49.11354674026035
0.0, 310.4840228917064
174.6733272294476, 135.81069566225878
7.6303026346841705, 167.04302459476344
0.0, 7.6303026346841705
0.0, 7.6303026346841705
13.347150082871774, 161.32617714657584
0.0, 13.347150082871774
0.0, 13.347150082871774
641.0943615959804, 0.959784540488613
102.64582000343607, 538.4485415925444
0.0, 102.64582000343607
0.0, 102.64582000343607
525.0497478554075, 116.04461374057291
327.113102772403, 197.93664508300452
78.87851305612598, 248.23458971627701
34.39114809245635, 44.487364963669634
0.0, 34.39114809245635
0.0, 34.39114809245635
78.27326759448589, 0.6052454616400951
0.0, 78.27326759448589
0.0, 78.27326759448589
134.72743549587332, 192.3856672765297
0.0, 134.72743549587332
35.51132179659177, 99.21611369928155
0.0, 35.51132179659177
0.0, 35.51132179659177
497.0940885672843, 27.95565928812323
0.0, 497.0940885672843
132.46365733287695, 364.63043123440735
2.3191636330651737, 130.14449369981176
0.0, 2.3191636330651737
0.0, 2.3191636330651737
98.96405621886812, 33.499601114008826
0.0, 98.96405621886812
84.31959488410617, 14.644461334761957
0.0, 84.31959488410617
74.53977675541837, 9.779818128687793
0.0, 74.53977675541837
20.460735054871403, 54.079041700546966
0.0, 20.460735054871403
0.23201001988126208, 20.22872503499014
0.0, 0.23201001988126208
0.0, 0.23201001988126208
1310.6081371918322, 40.90396306043749
1282.6858036092963, 27.922333582535884
693.7191089419457, 588.9666946673506
0.0, 693.7191089419457
304.4983337385011, 389.2207752034446
0.0, 304.4983337385011
142.1270239769267, 162.37130976157442
0.0, 142.1270239769267
0.0, 142.1270239769267
1275.3163574239718, 7.3694461853244775
1069.231574623565, 206.08478280040686
479.1550908645192, 590.0764837590457
113.00404700831334, 366.1510438562059
0.0, 113.00404700831334
0.0, 113.00404700831334
263.191690066409, 215.96340079811017
136.7317768916969, 126.45991317471211
0.0, 136.7317768916969
0.0, 136.7317768916969
262.0463263785581, 1.1453636878509315
14.597321287220174, 247.4490050913379
0.0, 14.597321287220174
0.0, 14.597321287220174
210.80343966872263, 51.24288670983546
6.238971556645398, 204.56446811207724
0.0, 6.238971556645398
0.0, 6.238971556645398
91.87951305817595, 118.92392661054669
0.0, 91.87951305817595
29.77783794050058, 62.10167511767537
0.0, 29.77783794050058
0.0, 29.77783794050058
1020.0548463699846, 49.176728253580336
909.1754007149261, 110.87944565505848
0.0, 909.1754007149261
630.9503283007311, 278.225072414195
138.02872353436473, 492.9216047663664
0.0, 138.02872353436473
106.97232912162876, 31.05639441273597
0.0, 106.97232912162876
0.0, 106.97232912162876
368.17694538899394, 262.7733829117372
0.0, 368.17694538899394
282.32927656761933, 85.84766882137461
0.0, 282.32927656761933
51.85266561937524, 230.4766109482441
0.0, 51.85266561937524
38.5770680020404, 13.275597617334839
0.0, 38.5770680020404
0.0, 38.5770680020404
978.002951011889, 42.051895358095635
95.2962323572693, 882.7067186546196
0.0, 95.2962323572693
93.86196436752748, 1.4342679897418265
50.3839827076459, 43.47798165988158
0.0, 50.3839827076459
0.0, 50.3839827076459
50.740553456759244, 43.12141091076823
0.0, 50.740553456759244
24.225182331244767, 26.515371125514477
0.0, 24.225182331244767
0.0, 24.225182331244767
780.9007363823313, 197.1022146295577
418.28286448311985, 362.6178718992114
93.98909804854273, 324.29376643457715
0.0, 93.98909804854273
0.0, 93.98909804854273
179.70048121912768, 238.58238326399217
0.0, 179.70048121912768
63.85627941919947, 115.84420179992821
0.0, 63.85627941919947
0.0, 63.85627941919947
776.3243052324613, 4.576431149870018
570.7062281227878, 205.61807710967344
0.0, 570.7062281227878
290.71451014806354, 279.9917179747243
219.0164000463575, 71.69811010170605
0.0, 219.0164000463575
147.44730212736386, 71.56909791899363
0.0, 147.44730212736386
14.683695800323147, 132.76360632704072
0.0, 14.683695800323147
7.816549635940856, 6.867146164382291
0.0, 7.816549635940856
0.0, 7.816549635940856
285.8524513878068, 4.86205876025673
0.0, 285.8524513878068
25.70954028727542, 260.14291110053136
0.0, 25.70954028727542
2.1438114420978795, 23.56572884517754
0.0, 2.1438114420978795
0.0, 2.1438114420978795
641.0204384755333, 135.30386675692796
290.0034725417009, 351.0169659338324
0.0, 290.0034725417009
120.55977890623237, 169.44369363546852
0.0, 120.55977890623237
0.0, 120.55977890623237
353.34445391877125, 287.67598455676205
0.0, 353.34445391877125
336.2480004384534, 17.096453480317848
0.0, 336.2480004384534
61.35855351054255, 274.88944692791085
0.0, 61.35855351054255
0.0, 61.35855351054255
1233.3978757283094, 41.91848169566242
193.78425796443722, 1039.613617763872
0.0, 193.78425796443722
139.99774588056286, 53.78651208387436
29.841065208460822, 110.15668067210204
0.0, 29.841065208460822
0.0, 29.841065208460822
77.38051970296775, 62.617226177595114
0.0, 77.38051970296775
7.507925470139823, 69.87259423282792
0.0, 7.507925470139823
0.0, 7.507925470139823
1232.7160176470823, 0.6818580812271193
1007.0399704939849, 225.67604715309733
39.31793754784573, 967.7220329461392
0.0, 39.31793754784573
0.0, 39.31793754784573
592.2657852432739, 414.77418525071107
143.28211935364146, 448.9836658896324
0.0, 143.28211935364146
0.0, 143.28211935364146
254.37827341159974, 337.88751183167415
47.922534664365195, 206.45573874723453
0.0, 47.922534664365195
0.0, 47.922534664365195
115.04760639789774, 139.330667013702
0.0, 115.04760639789774
38.61289311839461, 76.43471327950313
0.0, 38.61289311839461
0.0, 38.61289311839461
1157.2203360189533, 75.49568162812898
1034.7019727510612, 122.51836326789203
0.0, 1034.7019727510612
1015.0202360063964, 19.681736744664818
1001.4210529242139, 13.599183082182549
775.1677744781749, 226.25327844603896
193.36687072627433, 581.8009037519006
0.0, 193.36687072627433
78.69667194192921, 114.67019878434512
0.0, 78.69667194192921
0.0, 78.69667194192921
594.3798714522399, 180.78790302593507
0.0, 594.3798714522399
378.1033131560047, 216.27655829623518
374.5313728043007, 3.5719403517039723
234.85994506504076, 139.67142773925994
0.0, 234.85994506504076
70.17718715394001, 164.68275791110074
0.0, 70.17718715394001
0.0, 70.17718715394001
349.68889833617106, 24.842474468129637
167.72300245294838, 181.9658958832227
0.0, 167.72300245294838
165.00655900725468, 2.7164434456936988
0.0, 165.00655900725468
0.0, 165.00655900725468
199.6468186980268, 150.04207963814426
0.0, 199.6468186980268
0.0, 199.6468186980268
376.09595427621923, 2.0073588797854427
27.559109722488508, 348.5368445537307
0.0, 27.559109722488508
6.478661902300393, 21.080447820188112
0.0, 6.478661902300393
0.0, 6.478661902300393
203.6552334284957, 172.44072084772353
13.796975564428587, 189.85825786406713
0.0, 13.796975564428587
0.0, 13.796975564428587
111.4652016082282, 92.1900318202675
4.347964869830809, 107.1172367383974
0.0, 4.347964869830809
0.0, 4.347964869830809
28.57177329434498, 82.89342831388322
0.0, 28.57177329434498
0.0, 28.57177329434498
907.0588461545959, 94.36220676961796
32.17983448253783, 874.8790116720581
0.0, 32.17983448253783
7.963336020755302, 24.216498461782525
0.0, 7.963336020755302
0.0, 7.963336020755302
899.7676520935572, 7.291194061038709
0.0, 899.7676520935572
697.7766174830449, 201.99103461051232
19.677746466254984, 678.0988710167899
0.0, 19.677746466254984
0.0, 19.677746466254984
214.55096330540584, 483.22565417763906
62.55312076503795, 151.99784254036788
0.0, 62.55312076503795
0.0, 62.55312076503795
168.89946292242195, 45.6515003829839
0.0, 168.89946292242195
38.88331512743368, 130.01614779498826
0.0, 38.88331512743368
36.89046954387607, 1.9928455835576102
0.0, 36.89046954387607
0.0, 36.89046954387607
1006.5584116703078, 8.461824336088625
0.0, 1006.5584116703078
723.5998002398734, 282.9586114304344
352.01003312643945, 371.58976711343394
0.0, 352.01003312643945
182.3157106279666, 169.69432249847284
24.931257028317642, 157.38445359964896
0.0, 24.931257028317642
0.0, 24.931257028317642
87.14379671133922, 95.17191391662739
0.0, 87.14379671133922
0.0, 87.14379671133922
520.9935499878305, 202.60625025204286
185.43100415403455, 335.562545833796
0.0, 185.43100415403455
56.723671116736334, 128.7073330372982
0.0, 56.723671116736334
27.435699423611503, 29.28797169312483
0.0, 27.435699423611503
17.393609677438384, 10.042089746173119
7.668811325260562, 9.724798352177821
0.0, 7.668811325260562
0.0, 7.668811325260562
9.314088594431265, 8.07952108300712
0.0, 9.314088594431265
0.0, 9.314088594431265
448.1416564107456, 72.85189357708492
198.27046088435884, 249.87119552638677
37.26774408527071, 161.00271679908815
0.0, 37.26774408527071
0.0, 37.26774408527071
125.04825944826587, 73.22220143609297
0.0, 125.04825944826587
0.0, 125.04825944826587
391.8973682660867, 56.244288144658924
0.0, 391.8973682660867
275.68629975312297, 116.21106851296372
52.67126566725214, 223.0150340858708
28.777678853101897, 23.893586814150247
0.0, 28.777678853101897
0.0, 28.777678853101897
46.48094791425736, 6.190317752994787
0.0, 46.48094791425736
0.0, 46.48094791425736
256.6823250273562, 19.00397472576674
0.0, 256.6823250273562
0.0, 256.6823250273562
1142.2876149373274, 14.932721081625914
1022.3871817905955, 119.90043314673187
1017.3649901783829, 5.022191612212623
231.5414400126115, 785.8235501657714
0.0, 231.5414400126115
121.04915127461405, 110.49228873799746
0.0, 121.04915127461405
0.0, 121.04915127461405
641.7908066666237, 375.5741835117592
93.18203453651529, 548.6087721301084
0.0, 93.18203453651529
0.0, 93.18203453651529
108.89124540902779, 532.8995612575959
0.0, 108.89124540902779
62.64876826899476, 46.24247714003303
0.0, 62.64876826899476
17.511022088023008, 45.137746180971746
0.0, 17.511022088023008
0.0, 17.511022088023008
1018.3592931686222, 4.027888621973261
149.12843869695564, 869.2308544716666
0.0, 149.12843869695564
97.60423937520868, 51.52419932174696
0.0, 97.60423937520868
0.0, 97.60423937520868
1007.914164482532, 10.445128686090243
333.0279198538036, 674.8862446287284
0.0, 333.0279198538036
30.23274279813234, 302.7951770556713
0.0, 30.23274279813234
0.0, 30.23274279813234
698.8262648590114, 309.08789962352057
0.0, 698.8262648590114
276.49867158383887, 422.32759327517255
0.0, 276.49867158383887
123.71660370409701, 152.78206787974187
0.0, 123.71660370409701
0.0, 123.71660370409701
1079.4842742032172, 62.80334073411018
9.696981985535286, 1069.7872922176819
0.0, 9.696981985535286
0.0, 9.696981985535286
1029.6424177369013, 49.8418564663159
0.0, 1029.6424177369013
908.7698393730252, 120.87257836387607
471.2094753585437, 437.5603640144815
207.60802828166047, 263.60144707688323
0.0, 207.60802828166047
1.927348959896931, 205.68067932176353
0.0, 1.927348959896931
0.0, 1.927348959896931
453.75651589398836, 17.452959464555363
391.2602744803659, 62.49624141362244
0.0, 391.2602744803659
376.6756486965427, 14.584625783823242
0.0, 376.6756486965427
24.014456204055065, 352.6611924924876
0.0, 24.014456204055065
23.204602396318748, 0.8098538077363173
0.0, 23.204602396318748
8.948926904634552, 14.255675491684196
0.0, 8.948926904634552
0.0, 8.948926904634552
417.48325430165187, 36.273261592336496
330.16002631406576, 87.32322798758611
0.0, 330.16002631406576
157.52477398013457, 172.6352523339312
84.39242793491948, 73.13234604521509
0.0, 84.39242793491948
20.391296222690773, 64.00113171222871
0.0, 20.391296222690773
5.328921158470896, 15.062375064219877
0.0, 5.328921158470896
0.0, 5.328921158470896
153.20754204010032, 4.317231940034247
0.0, 153.20754204010032
115.09071940674497, 38.116822633355355
0.0, 115.09071940674497
53.95653670668743, 61.134182700057536
0.0, 53.95653670668743
0.0, 53.95653670668743
362.80495509155276, 54.67829921009911
259.784410697544, 103.02054439400877
0.0, 259.784410697544
46.23183042597212, 213.55258027157186
0.0, 46.23183042597212
0.0, 46.23183042597212
263.55687356313683, 99.24808152841592
130.77992375495722, 132.7769498081796
0.0, 130.77992375495722
0.0, 130.77992375495722
236.70874117618422, 26.848132386952614
123.18690407424724, 113.52183710193698
100.79677701672136, 22.390127057525874
0.0, 100.79677701672136
99.58050433712333, 1.2162726795980348
56.90397499377945, 42.67652934334388
0.0, 56.90397499377945
14.911007244994508, 41.99296774878494
0.0, 14.911007244994508
0.0, 14.911007244994508
84.17524232868989, 15.40526200843344
0.0, 84.17524232868989
82.44377709535469, 1.7314652333352
0.0, 82.44377709535469
29.52445232663095, 52.91932476872374
0.0, 29.52445232663095
0.0, 29.52445232663095
107.03570734295621, 16.151196731291023
0.0, 107.03570734295621
102.53218838211, 4.503518960846222
0.0, 102.53218838211
86.44895691497715, 16.083231467132848
19.56419655763812, 66.88476035733902
0.0, 19.56419655763812
7.840419505765424, 11.723777051872695
0.0, 7.840419505765424
0.0, 7.840419505765424
41.584383811308776, 44.86457310366837
0.0, 41.584383811308776
0.0, 41.584383811308776
150.27867925014633, 86.4300619260379
0.0, 150.27867925014633
84.10528868901379, 66.17339056113254
0.0, 84.10528868901379
20.62451871447626, 63.48076997453753
0.0, 20.62451871447626
0.0, 20.62451871447626
777.7627625784407, 131.00707679458446
750.477170751269, 27.285591827171743
35.675971446357885, 714.8011993049112
0.0, 35.675971446357885
0.0, 35.675971446357885
686.7660295116011, 63.71114123966788
0.0, 686.7660295116011
613.3989422061665, 73.36708730543467
0.0, 613.3989422061665
0.0, 613.3989422061665
756.9944493068539, 20.768313271586862
332.3227505058825, 424.6716988009714
0.0, 332.3227505058825
0.0, 332.3227505058825
535.9435638976116, 221.05088540924226
341.03028036844967, 194.91328352916196
0.0, 341.03028036844967
10.174881691471619, 330.85539867697804
0.0, 10.174881691471619
0.0, 10.174881691471619
407.6856560734778, 128.25790782413384
0.0, 407.6856560734778
94.40077957633646, 313.28487649714134
0.0, 94.40077957633646
0.0, 94.40077957633646
1302.2390471658086, 8.369090026023514
1016.6631512111557, 285.575895954653
388.78932922220935, 627.8738219889462
203.05177082528675, 185.7375583969226
48.06775720839659, 154.98401361689017
0.0, 48.06775720839659
0.0, 48.06775720839659
136.7192295277977, 66.33254129748906
0.0, 136.7192295277977
61.71324956561706, 75.00597996218063
0.0, 61.71324956561706
44.9940022441779, 16.719247321439163
0.0, 44.9940022441779
0.0, 44.9940022441779
327.73448601786566, 61.05484320434368
54.805185442268005, 272.92930057559767
0.0, 54.805185442268005
0.0, 54.805185442268005
162.62014389745693, 165.11434212040874
0.0, 162.62014389745693
27.99180864500677, 134.62833525245014
0.0, 27.99180864500677
0.0, 27.99180864500677
1003.1677891567145, 13.495362054441102
429.77042758503956, 573.397361571675
29.83123224182126, 399.9391953432183
0.0, 29.83123224182126
0.0, 29.83123224182126
113.78884392216925, 315.9815836628703
10.09281197981532, 103.69603194235393
0.0, 10.09281197981532
0.0, 10.09281197981532
87.06353270343679, 26.725311218732458
0.0, 87.06353270343679
0.0, 87.06353270343679
858.0062928165704, 145.16149634014414
0.0, 858.0062928165704
442.2375055246961, 415.76878729187433
105.78892634975443, 336.44857917494164
0.0, 105.78892634975443
0.0, 105.78892634975443
165.20645958528854, 277.03104593940753
0.0, 165.20645958528854
0.0, 165.20645958528854
1222.1462550726428, 80.09279209316583
1070.5684720108518, 151.57778306179102
262.6668140786077, 807.9016579322441
0.0, 262.6668140786077
203.3649416433685, 59.301872435239176
151.9481561875265, 51.41678545584199
0.0, 151.9481561875265
4.42613097170172, 147.52202521582478
0.0, 4.42613097170172
0.0, 4.42613097170172
200.3739964430692, 2.9909452002993078
0.0, 200.3739964430692
0.0, 200.3739964430692
511.6022991064529, 558.966172904399
0.0, 511.6022991064529
255.20737058989224, 256.39492851656064
0.0, 255.20737058989224
53.93713931927217, 201.27023127062006
0.0, 53.93713931927217
0.0, 53.93713931927217
1159.8532512391992, 62.29300383344366
1083.692936364058, 76.16031487514124
1045.118271149648, 38.57466521440983
977.3655980191882, 67.75267313045993
78.75599643007385, 898.6096015891143
0.0, 78.75599643007385
0.0, 78.75599643007385
237.51426023573558, 739.8513377834525
0.0, 237.51426023573558
52.13223231110729, 185.3820279246283
0.0, 52.13223231110729
0.0, 52.13223231110729
1028.6992823828673, 16.418988766780785
1001.2025593010386, 27.49672308182869
289.8490371085558, 711.3535221924828
0.0, 289.8490371085558
120.57316860577747, 169.27586850277834
0.0, 120.57316860577747
0.0, 120.57316860577747
1000.2315439398294, 0.9710153612091972
120.43318900516053, 879.7983549346689
55.05023690631568, 65.38295209884484
0.0, 55.05023690631568
0.0, 55.05023690631568
101.4080079850603, 19.025181020100234
0.0, 101.4080079850603
0.0, 101.4080079850603
994.1937542831143, 6.037789656715063
520.8203695675569, 473.37338471555745
0.0, 520.8203695675569
312.12442027267775, 208.69594929487914
0.0, 312.12442027267775
0.0, 312.12442027267775
861.6977827485501, 132.4959715345642
357.68280922311345, 504.0149735254367
153.38463350478406, 204.2981757183294
0.0, 153.38463350478406
34.51826021954246, 118.8663732852416
0.0, 34.51826021954246
27.915420295255256, 6.602839924287206
0.0, 27.915420295255256
0.0, 27.915420295255256
173.83886778583, 183.84394143728346
0.0, 173.83886778583
0.0, 173.83886778583
487.6992098884267, 373.99857286012343
0.0, 487.6992098884267
370.0844338468935, 117.61477604153322
157.36123169582137, 212.72320215107212
105.47656103143778, 51.88467066438359
0.0, 105.47656103143778
58.21436091077309, 47.262200120664694
0.0, 58.21436091077309
0.0, 58.21436091077309
152.65405041518468, 4.707181280636689
17.281021152391855, 135.37302926279284
0.0, 17.281021152391855
0.0, 17.281021152391855
127.2671693321925, 25.38688108299219
0.0, 127.2671693321925
20.985921239010658, 106.28124809318183
0.0, 20.985921239010658
0.0, 20.985921239010658
295.57760442617325, 74.50682942072024
0.0, 295.57760442617325
0.0, 295.57760442617325
1013.3119851908978, 15.387297191969537
1002.5546876489052, 10.757297541992557
43.697442242454116, 958.857245406451
0.0, 43.697442242454116
0.0, 43.697442242454116
369.6673180896701, 632.8873695592351
241.44215377785727, 128.22516431181285
88.40325603292916, 153.0388977449281
31.568777800734583, 56.834478232194584
0.0, 31.568777800734583
0.0, 31.568777800734583
83.06543764312454, 5.3378183898046245
0.0, 83.06543764312454
60.13237821840183, 22.933059424722707
0.0, 60.13237821840183
0.0, 60.13237821840183
93.89332428540959, 147.54882949244768
0.0, 93.89332428540959
38.32580305707743, 55.56752122833216
0.0, 38.32580305707743
27.316327650790825, 11.009475406286604
0.0, 27.316327650790825
0.0, 27.316327650790825
359.4718295357986, 10.195488553871542
86.18280898398882, 273.28902055180976
0.0, 86.18280898398882
0.0, 86.18280898398882
320.2234621656074, 39.248367370191204
0.0, 320.2234621656074
10.861309439372103, 309.36215272623525
0.0, 10.861309439372103
0.0, 10.861309439372103
1003.6065219923604, 9.705463198537359
342.7840668883993, 660.8224551039611
0.0, 342.7840668883993
25.146969933510725, 317.6370969548886
0.0, 25.146969933510725
0.0, 25.146969933510725
784.8662555386427, 218.7402664537177
0.0, 784.8662555386427
625.8870996016741, 158.9791559369686
153.33400947744983, 472.55309012422424
0.0, 153.33400947744983
77.68912857747958, 75.64488089997025
0.0, 77.68912857747958
0.0, 77.68912857747958
219.11800680299132, 406.7690927986828
170.89439234640383, 48.223614456587484
0.0, 170.89439234640383
156.95569206642304, 13.938700279980793
0.0, 156.95569206642304
21.15400070473939, 135.80169136168365
0.0, 21.15400070473939
0.0, 21.15400070473939
212.60040065306788, 6.517606149923438
57.83034959683066, 154.7700510562372
0.0, 57.83034959683066
0.0, 57.83034959683066
103.8854988241947, 108.71490182887318
0.0, 103.8854988241947
0.0, 103.8854988241947
1062.178674766329, 21.51426159772882
520.6299607476577, 541.5487140186714
0.0, 520.6299607476577
444.6001088336499, 76.02985191400779
25.585641607603318, 419.01446722604663
0.0, 25.585641607603318
0.0, 25.585641607603318
409.3163295581651, 35.28377927548485
152.16113905962104, 257.155190498544
53.93087700470739, 98.23026205491365
0.0, 53.93087700470739
38.28868300941802, 15.642193995289368
0.0, 38.28868300941802
0.0, 38.28868300941802
138.49805674562597, 13.663082313995062
85.67125142508723, 52.82680532053874
0.0, 85.67125142508723
24.14804307930421, 61.523208345783026
0.0, 24.14804307930421
0.0, 24.14804307930421
95.35967154320473, 43.13838520242125
0.0, 95.35967154320473
94.61605183558862, 0.7436197076161051
0.0, 94.61605183558862
0.0, 94.61605183558862
295.07555413962683, 114.24077541853825
53.38297411896773, 241.6925800206591
0.0, 53.38297411896773
19.554995516253253, 33.82797860271448
0.0, 19.554995516253253
0.0, 19.554995516253253
102.44472481373533, 192.6308293258915
0.0, 102.44472481373533
0.0, 102.44472481373533
1050.0007483656452, 12.177926400683873
891.0916653623408, 158.90908300330443
0.0, 891.0916653623408
878.3949256049268, 12.69673975741398
668.9773428341164, 209.41758277081044
0.0, 668.9773428341164
0.0, 668.9773428341164
695.3395367695324, 183.0553888353944
126.60288412453183, 568.7366526450006
0.0, 126.60288412453183
0.0, 126.60288412453183
478.70758162606256, 216.63195514346984
0.0, 478.70758162606256
348.62234050106815, 130.0852411249944
28.978660169138937, 319.6436803319292
0.0, 28.978660169138937
22.91735395662374, 6.061306212515198
0.0, 22.91735395662374
8.717044797957163, 14.200309158666576
0.0, 8.717044797957163
0.0, 8.717044797957163
207.0221933542271, 141.60014714684104
7.498476694818427, 199.52371665940868
0.0, 7.498476694818427
0.0, 7.498476694818427
133.77411381134758, 73.24807954287954
0.0, 133.77411381134758
34.39971248970547, 99.3744013216421
5.451747204041557, 28.947965285663916
0.0, 5.451747204041557
0.0, 5.451747204041557
22.74560191832683, 11.654110571378641
0.0, 22.74560191832683
0.0, 22.74560191832683
1045.729933284612, 4.270815081033334
346.63540367942113, 699.0945296051907
41.738187893552656, 304.89721578586847
0.0, 41.738187893552656
0.0, 41.738187893552656
127.11324610167101, 219.52215757775014
0.0, 127.11324610167101
0.0, 127.11324610167101
1003.0112695139765, 42.71866377063543
322.8587546451848, 680.1525148687917
0.0, 322.8587546451848
197.50444340750593, 125.35431123767884
0.0, 197.50444340750593
104.11291619926256, 93.39152720824337
0.0, 104.11291619926256
93.5934078697056, 10.519508329556956
0.0, 93.5934078697056
0.0, 93.5934078697056
533.4255371746299, 469.5857323393466
241.8380376327917, 291.58749954183816
0.0, 241.8380376327917
37.38189889941662, 204.45613873337507
0.0, 37.38189889941662
0.0, 37.38189889941662
404.10078068984785, 129.32475648478203
0.0, 404.10078068984785
0.0, 404.10078068984785
1156.744542656024, 3.1087085831752574
1005.1131624211615, 151.63138023486238
1001.2057172960912, 3.9074451250703532
0.0, 1001.2057172960912
471.6312694497186, 529.5744478463725
87.7166690342635, 383.9146004154551
0.0, 87.7166690342635
78.11536861800138, 9.60130041626212
0.0, 78.11536861800138
0.0, 78.11536861800138
219.71220771254994, 251.91906173716868
0.0, 219.71220771254994
138.3906233146019, 81.32158439794804
0.0, 138.3906233146019
0.0, 138.3906233146019
1002.7495818426277, 2.363580578533856
331.1921784676138, 671.5574033750138
248.60405760173487, 82.58812086587895
0.0, 248.60405760173487
35.14068063149381, 213.46337697024106
0.0, 35.14068063149381
0.0, 35.14068063149381
263.18091407610615, 68.01126439150767
0.0, 263.18091407610615
0.0, 263.18091407610615
819.0206941369432, 183.72888770568443
36.630218415532276, 782.390475721411
0.0, 36.630218415532276
5.640675169021041, 30.989543246511236
0.0, 5.640675169021041
0.0, 5.640675169021041
714.5267829233172, 104.493911213626
110.369861277504, 604.1569216458132
0.0, 110.369861277504
0.0, 110.369861277504
436.2835180864539, 278.2432648368633
0.0, 436.2835180864539
334.5167575686, 101.76676051785392
118.99427979985913, 215.52247776874086
0.0, 118.99427979985913
0.0, 118.99427979985913
296.43876881241135, 38.07798875618863
0.0, 296.43876881241135
110.69558089973386, 185.7431879126775
0.0, 110.69558089973386
59.591715526687004, 51.10386537304685
0.0, 59.591715526687004
1.7052947336733038, 57.8864207930137
0.0, 1.7052947336733038
0.0, 1.7052947336733038
1075.6891732787942, 81.05536937722968
892.7982417209129, 182.89093155788134
20.3573857608762, 872.4408559600366
0.0, 20.3573857608762
0.0, 20.3573857608762
725.3636473295261, 167.43459439138678
0.0, 725.3636473295261
262.6081716603965, 462.75547566912957
0.0, 262.6081716603965
75.22669089736112, 187.3814807630354
0.0, 75.22669089736112
49.24631284905955, 25.980378048301574
0.0, 49.24631284905955
0.0, 49.24631284905955
1014.9521034976826, 60.737069781111586
1005.1205246344233, 9.831578863259324
97.59275781365969, 907.5277668207636
0.0, 97.59275781365969
0.0, 97.59275781365969
882.2010710717377, 122.91945356268559
225.9884222150616, 656.2126488566761
169.15888026209169, 56.82954195296992
0.0, 169.15888026209169
82.50112111655429, 86.6577591455374
0.0, 82.50112111655429
55.860726826422955, 26.640394290131333
0.0, 55.860726826422955
0.0, 55.860726826422955
205.16144153084107, 20.82698068422053
153.6846972229637, 51.47674430787737
0.0, 153.6846972229637
24.987184265859533, 128.69751295710418
0.0, 24.987184265859533
0.0, 24.987184265859533
159.4968579065712, 45.66458362426988
0.0, 159.4968579065712
0.0, 159.4968579065712
265.3587524995337, 616.842318572204
0.0, 265.3587524995337
0.0, 265.3587524995337
1010.03377359278, 4.9183299049026346
256.1898730812526, 753.8439005115274
0.0, 256.1898730812526
250.9355385279726, 5.254334553279989
0.0, 250.9355385279726
181.99420890202944, 68.94132962594315
54.10355476814061, 127.89065413388883
0.0, 54.10355476814061
16.639151033611746, 37.464403734528865
0.0, 16.639151033611746
0.0, 16.639151033611746
55.18456702079348, 126.80964188123596
0.0, 55.18456702079348
0.0, 55.18456702079348
768.4203965760723, 241.61337701670766
0.0, 768.4203965760723
257.6774094364581, 510.74298713961423
0.0, 257.6774094364581
0.0, 257.6774094364581
2934.6483044255065, 543.1989044072661
1497.2725292626578, 1437.3757751628486
1193.8637728610659, 303.408756401592
1018.8996557685621, 174.96411709250378
406.0178796341512, 612.8817761344109
0.0, 406.0178796341512
202.11398735933616, 203.90389227481504
0.0, 202.11398735933616
0.0, 202.11398735933616
1008.9033510368921, 9.996304731669966
818.6388695880536, 190.26448144883852
65.26178618818288, 753.3770833998707
0.0, 65.26178618818288
63.85892762559519, 1.4028585625876886
0.0, 63.85892762559519
18.675878696864828, 45.183048928730365
0.0, 18.675878696864828
0.0, 18.675878696864828
118.90821052095026, 699.7306590671033
0.0, 118.90821052095026
51.2391644054786, 67.66904611547167
0.0, 51.2391644054786
0.0, 51.2391644054786
1001.3943654365844, 7.50898560030771
370.5823107320763, 630.8120547045081
0.0, 370.5823107320763
363.69617945966064, 6.886131272415639
288.7173884282833, 74.97879103137734
89.92451546154787, 198.79287296673544
0.0, 89.92451546154787
0.0, 89.92451546154787
223.44579314309925, 65.27159528518405
0.0, 223.44579314309925
7.143731778161447, 216.3020613649378
0.0, 7.143731778161447
0.0, 7.143731778161447
325.76687503869374, 37.9293044209669
0.0, 325.76687503869374
137.26259154820136, 188.50428349049238
0.0, 137.26259154820136
0.0, 137.26259154820136
958.0017808298601, 43.39258460672431
251.30860511692225, 706.6931757129378
0.0, 251.30860511692225
214.53730810133825, 36.771297015584
127.35467456079955, 87.1826335405387
0.0, 127.35467456079955
26.775084008180603, 100.57959055261895
0.0, 26.775084008180603
0.0, 26.775084008180603
137.06043132537712, 77.47687677596113
0.0, 137.06043132537712
0.0, 137.06043132537712
388.1405128803658, 569.8612679494943
246.47845524499778, 141.66205763536803
88.04840449300785, 158.43005075198994
0.0, 88.04840449300785
25.252770425297296, 62.79563406771055
0.0, 25.252770425297296
0.0, 25.252770425297296
137.05720882818355, 109.42124641681423
0.0, 137.05720882818355
0.0, 137.05720882818355
291.5200824383419, 96.62043044202392
0.0, 291.5200824383419
133.1098309143207, 158.4102515240212
0.0, 133.1098309143207
0.0, 133.1098309143207
1137.762327301807, 56.101445559258764
1007.4654041212907, 130.2969231805164
387.12330177683043, 620.3421023444603
80.35603347925641, 306.767268297574
0.0, 80.35603347925641
0.0, 80.35603347925641
315.0548765476646, 72.06842522916583
0.0, 315.0548765476646
30.99796081287212, 284.0569157347925
0.0, 30.99796081287212
0.0, 30.99796081287212
1000.1638982540001, 7.301505867290643
0.0, 1000.1638982540001
537.7172876893878, 462.44661056461223
0.0, 537.7172876893878
436.0117423988386, 101.70554529054925
210.73718176517224, 225.27456063366634
0.0, 210.73718176517224
103.47803379776332, 107.25914796740892
0.0, 103.47803379776332
3.700085029625576, 99.77794876813775
0.0, 3.700085029625576
0.0, 3.700085029625576
369.17717757518875, 66.83456482364983
250.57682822182383, 118.60034935336492
0.0, 250.57682822182383
70.1479226190931, 180.42890560273074
0.0, 70.1479226190931
28.620480918528234, 41.527441700564864
0.0, 28.620480918528234
0.0, 28.620480918528234
355.9330561257532, 13.244121449435568
0.0, 355.9330561257532
0.0, 355.9330561257532
1114.7976149117994, 22.964712390007662
1032.7071344537037, 82.09048045809573
501.41225025474927, 531.2948841989544
228.6094147237114, 272.8028355310379
163.1296971705348, 65.47971755317661
25.106278989328114, 138.0234181812067
0.0, 25.106278989328114
0.0, 25.106278989328114
139.35199108542028, 23.777706085114517
0.0, 139.35199108542028
132.4925021870704, 6.859488898349895
0.0, 132.4925021870704
15.950509957909116, 116.54199222916127
0.0, 15.950509957909116
0.0, 15.950509957909116
217.12895095795116, 11.480463765760248
0.0, 217.12895095795116
63.24909724099017, 153.879853716961
0.0, 63.24909724099017
0.0, 63.24909724099017
333.2941602333695, 168.11809002137977
121.33375130438782, 211.96040892898168
0.0, 121.33375130438782
77.55388618382122, 43.7798651205666
0.0, 77.55388618382122
38.77111038279681, 38.78277580102441
0.0, 38.77111038279681
0.13002004577176812, 38.64109033702505
0.0, 0.13002004577176812
0.0, 0.13002004577176812
186.10430160410112, 147.18985862926837
13.356581002725537, 172.7477206013756
0.0, 13.356581002725537
0.0, 13.356581002725537
175.32562554720687, 10.778676056894255
42.40453960711513, 132.92108594009173
0.0, 42.40453960711513
0.0, 42.40453960711513
126.91069676180959, 48.41492878539728
0.0, 126.91069676180959
111.21018709186086, 15.70050966994873
0.0, 111.21018709186086
58.363425657083205, 52.846761434777655
0.0, 58.363425657083205
0.0, 58.363425657083205
1005.5180056342836, 27.189128819420148
811.4754761263177, 194.0425295079658
454.49789798588466, 356.9775781404331
0.0, 454.49789798588466
0.0, 454.49789798588466
646.492605101497, 164.98287102482072
0.0, 646.492605101497
97.30730574116939, 549.1852993603277
0.0, 97.30730574116939
16.792893245906814, 80.51441249526258
0.0, 16.792893245906814
0.0, 16.792893245906814
1005.447306257212, 0.07069937707160534
0.0, 1005.447306257212
723.0224230247824, 282.4248832324296
0.0, 723.0224230247824
26.845300640587595, 696.1771223841947
0.0, 26.845300640587595
0.0, 26.845300640587595
1070.8881610754672, 43.909453836332204
198.64108015783933, 872.247080917628
0.0, 198.64108015783933
0.0, 198.64108015783933
1006.0172144415822, 64.87094663388507
268.18678796024864, 737.8304264813335
0.0, 268.18678796024864
130.6158867014305, 137.57090125881814
0.0, 130.6158867014305
86.8604717493066, 43.7554149521239
30.403864110437688, 56.45660763886891
0.0, 30.403864110437688
26.974919250787615, 3.4289448596500733
0.0, 26.974919250787615
0.0, 26.974919250787615
52.99234573287168, 33.86812601643492
0.0, 52.99234573287168
0.0, 52.99234573287168
428.76331280697696, 577.2539016346052
244.25425693657985, 184.5090558703971
66.49175171423515, 177.7625052223447
0.0, 66.49175171423515
0.0, 66.49175171423515
237.33191433564957, 6.922342600930278
0.0, 237.33191433564957
193.42872853292224, 43.903185802727336
110.53404047205092, 82.89468806087132
0.0, 110.53404047205092
0.0, 110.53404047205092
149.83314486383165, 43.59558366909059
0.0, 149.83314486383165
34.74567549411298, 115.08746936971866
0.0, 34.74567549411298
0.0, 34.74567549411298
286.5517739190979, 142.21153888787904
22.726565878990712, 263.8252080401072
0.0, 22.726565878990712
8.591322822499533, 14.135243056491179
0.0, 8.591322822499533
0.0, 8.591322822499533
216.87235830949803, 69.67941560959989
0.0, 216.87235830949803
94.21042528271934, 122.66193302677868
73.93685468923312, 20.273570593486227
0.0, 73.93685468923312
71.5684911562703, 2.3683635329628174
5.804143576252924, 65.76434758001737
0.0, 5.804143576252924
0.0, 5.804143576252924
50.956699984872444, 20.611791171397854
0.0, 50.956699984872444
34.59707035614153, 16.359629628730914
0.0, 34.59707035614153
32.97239730346761, 1.62467305267392
0.0, 32.97239730346761
0.0, 32.97239730346761
83.22603230520924, 10.984392977510097
0.0, 83.22603230520924
0.0, 83.22603230520924
1327.7938620636762, 169.4786671989816
1194.5470592594024, 133.24680280427378
1117.3327385475857, 77.21432071181675
1035.054883092299, 82.27785545528673
667.51557106994, 367.5393120223589
34.70001548677149, 632.8155555831686
0.0, 34.70001548677149
0.0, 34.70001548677149
578.8581132044268, 88.65745786551327
0.0, 578.8581132044268
406.6071763206847, 172.2509368837421
0.0, 406.6071763206847
381.5384589536348, 25.068717367049885
0.0, 381.5384589536348
203.40224622905924, 178.13621272457556
68.95316394216806, 134.44908228689118
0.0, 68.95316394216806
0.0, 68.95316394216806
154.93933634738593, 48.46290988167331
7.151773264185026, 147.7875630832009
0.0, 7.151773264185026
0.0, 7.151773264185026
112.8563278078886, 42.08300853949733
29.157114548791377, 83.69921325909723
0.0, 29.157114548791377
0.0, 29.157114548791377
98.87384216947821, 13.982485638410395
0.0, 98.87384216947821
68.35259492826899, 30.521247241209224
0.0, 68.35259492826899
0.0, 68.35259492826899
1022.6252227312247, 12.429660361074298
77.52472245401665, 945.100500277208
0.0, 77.52472245401665
1.3643349777347786, 76.16038747628187
0.0, 1.3643349777347786
0.0, 1.3643349777347786
1019.9665695930233, 2.6586531382013163
923.9546516483305, 96.01191794469287
0.0, 923.9546516483305
140.06844421699472, 783.8862074313357
92.88146182794783, 47.18698238904689
0.0, 92.88146182794783
35.000878037547764, 57.88058379040007
0.0, 35.000878037547764
0.0, 35.000878037547764
101.6411002303037, 38.427343986691014
0.0, 101.6411002303037
0.0, 101.6411002303037
1006.9699681199818, 12.996601473041551
785.8895969799429, 221.0803711400389
724.6238200184132, 61.265776961529696
112.80787892930356, 611.8159410891096
24.2247926195002, 88.58308630980335
0.0, 24.2247926195002
8.411463057574013, 15.813329561926187
0.0, 8.411463057574013
8.163879490551679, 0.24758356702233364
0.0, 8.163879490551679
0.0, 8.163879490551679
89.86981696724347, 22.93806196206009
0.0, 89.86981696724347
0.0, 89.86981696724347
146.47450303380364, 578.1493169846095
0.0, 146.47450303380364
74.48655032634905, 71.9879527074546
0.0, 74.48655032634905
0.0, 74.48655032634905
759.8344287498508, 26.055168230092136
0.0, 759.8344287498508
262.572184008008, 497.2622447418428
0.0, 262.572184008008
113.9732992174564, 148.59888479055158
0.0, 113.9732992174564
98.05821666635026, 15.915082551106138
0.0, 98.05821666635026
52.27431055280065, 45.78390611354961
0.0, 52.27431055280065
36.30151126621469, 15.97279928658596
0.0, 36.30151126621469
0.0, 36.30151126621469
1003.2698102597732, 3.7001578602086056
752.1122436068459, 251.15756665292724
0.0, 752.1122436068459
0.0, 752.1122436068459
1001.6432883677744, 1.6265218919987774
0.0, 1001.6432883677744
952.8323623397031, 48.81092602807132
614.5789291723614, 338.25343316734165
45.55718952455802, 569.0217396478034
0.0, 45.55718952455802
35.07640361828509, 10.480785906272928
0.0, 35.07640361828509
0.0, 35.07640361828509
85.84167693311109, 528.7372522392503
0.0, 85.84167693311109
0.0, 85.84167693311109
827.0366214917449, 125.7957408479582
203.22091835284633, 623.8157031388986
145.3589104735778, 57.86200787926853
2.570741977353468, 142.78816849622433
0.0, 2.570741977353468
0.0, 2.570741977353468
39.32156051845601, 106.03734995512178
0.0, 39.32156051845601
0.0, 39.32156051845601
149.0767047475471, 54.14421360529923
0.0, 149.0767047475471
95.6373038288189, 53.4394009187282
0.0, 95.6373038288189
0.0, 95.6373038288189
417.8833666646886, 409.1532548270563
219.63256583525367, 198.25080082943492
71.93720679249385, 147.69535904275983
0.0, 71.93720679249385
0.0, 71.93720679249385
98.25172501683693, 121.38084081841674
0.0, 98.25172501683693
0.0, 98.25172501683693
239.91462897389192, 177.96873769079667
0.0, 239.91462897389192
217.7576474331297, 22.156981540762217
0.0, 217.7576474331297
106.49326961798322, 111.26437781514649
0.0, 106.49326961798322
0.0, 106.49326961798322
1107.4465786724209, 9.886159875164822
291.7163753177329, 815.730203354688
85.80041148375244, 205.91596383398047
0.0, 85.80041148375244
3.1522862799032425, 82.6481252038492
0.0, 3.1522862799032425
0.0, 3.1522862799032425
119.29098419224339, 172.4253911254895
0.0, 119.29098419224339
0.0, 119.29098419224339
1079.0873124408017, 28.35926623161913
1007.3429735625444, 71.74433887825728
130.13209748254368, 877.2108760800007
0.0, 130.13209748254368
82.37245618708302, 47.75964129546067
0.0, 82.37245618708302
55.055629850690615, 27.316826336392403
0.0, 55.055629850690615
0.0, 55.055629850690615
236.58314370535788, 770.7598298571866
0.0, 236.58314370535788
0.0, 236.58314370535788
1022.6895818082867, 56.39773063251505
1016.422737545987, 6.266844262299628
649.6624981150447, 366.7602394309423
53.67508097729942, 595.9874171377453
0.0, 53.67508097729942
0.0, 53.67508097729942
241.45457420118169, 408.20792391386306
64.00333377009385, 177.45124043108785
0.0, 64.00333377009385
0.0, 64.00333377009385
187.9605007349189, 53.49407346626279
130.00966848425801, 57.95083225066088
0.0, 130.00966848425801
0.0, 130.00966848425801
148.80364409696242, 39.15685663795648
0.0, 148.80364409696242
0.0, 148.80364409696242
732.3259860100053, 284.09675153598175
97.60096031597342, 634.7250256940318
0.0, 97.60096031597342
0.0, 97.60096031597342
391.33144940875076, 340.99453660125454
0.0, 391.33144940875076
147.45699601135917, 243.8744533973916
0.0, 147.45699601135917
0.0, 147.45699601135917
1018.1682031466403, 4.521378661646395
114.33456666996392, 903.8336364766764
0.0, 114.33456666996392
43.638693859679485, 70.69587281028444
0.0, 43.638693859679485
0.0, 43.638693859679485
1000.6133426156541, 17.55486053098616
0.0, 1000.6133426156541
883.5557251857305, 117.05761742992365
45.4252806027655, 838.130444582965
0.0, 45.4252806027655
31.825516967355064, 13.599763635410433
0.0, 31.825516967355064
0.0, 31.825516967355064
106.87079232735812, 776.6849328583723
0.0, 106.87079232735812
0.0, 106.87079232735812
1156.3834838631, 38.16357539630235
1043.8317783467287, 112.55170551637138
0.0, 1043.8317783467287
0.0, 1043.8317783467287
1075.458197800078, 80.92528606302199
1050.0987355651948, 25.359462234883267
1010.2322847234155, 39.86645084177928
213.79784391181147, 796.4344408116041
0.0, 213.79784391181147
110.86781470370529, 102.93002920810618
5.416508421795053, 105.45130628191023
0.0, 5.416508421795053
0.0, 5.416508421795053
69.68557856640908, 41.182236137296215
0.0, 69.68557856640908
0.0, 69.68557856640908
474.4365611039793, 535.7957236194363
127.61600648377748, 346.8205546202018
0.0, 127.61600648377748
109.57514314996902, 18.04086333380846
14.219671129187327, 95.35547202078169
0.0, 14.219671129187327
0.0, 14.219671129187327
45.90467888750192, 63.6704642624671
0.0, 45.90467888750192
0.0, 45.90467888750192
456.81492368917964, 17.621637414799636
0.0, 456.81492368917964
0.0, 456.81492368917964
1022.4505912821902, 27.648144283004626
1000.9803394820441, 21.470251800146116
0.0, 1000.9803394820441
317.4690133634222, 683.5113261186218
58.40052860564751, 259.06848475777474
0.0, 58.40052860564751
0.0, 58.40052860564751
226.67843870968304, 90.79057465373918
0.0, 226.67843870968304
155.19732161012254, 71.48111709956049
68.76907209708487, 86.42824951303767
0.0, 68.76907209708487
0.0, 68.76907209708487
106.87714232603896, 48.32017928408358
0.0, 106.87714232603896
0.0, 106.87714232603896
1020.1808870350709, 2.269704247119307
1010.096894470423, 10.083992564647929
1003.9839714684255, 6.112923001997501
263.6479420421041, 740.3360294263214
136.9299775240413, 126.71796451806279
0.0, 136.9299775240413
20.24975247630856, 116.68022504773275
0.0, 20.24975247630856
0.0, 20.24975247630856
234.51722515311914, 29.13071688898495
0.0, 234.51722515311914
26.099754808084473, 208.41747034503467
0.0, 26.099754808084473
16.587167206511346, 9.512587601573127
0.0, 16.587167206511346
0.0, 16.587167206511346
394.7056166091546, 609.2783548592708
212.8598070161667, 181.8458095929879
0.0, 212.8598070161667
0.0, 212.8598070161667
366.14481160376664, 28.560805005387977
270.0623089199134, 96.08250268385325
28.110806570015612, 241.9515023498978
0.0, 28.110806570015612
0.0, 28.110806570015612
74.08522551283272, 195.97708340708067
0.0, 74.08522551283272
32.857131034358176, 41.228094478474546
0.0, 32.857131034358176
19.62554276626036, 13.231588268097816
0.0, 19.62554276626036
0.0, 19.62554276626036
362.19007863124466, 3.954732972521981
0.0, 362.19007863124466
0.0, 362.19007863124466
1006.2620258225201, 3.8348686479029084
871.0017734489763, 135.26025237354372
0.0, 871.0017734489763
230.97761104402574, 640.0241624049506
0.0, 230.97761104402574
69.14602571314123, 161.8315853308845
24.471121373200504, 44.674904339940724
0.0, 24.471121373200504
8.13010290800531, 16.34101846519519
0.0, 8.13010290800531
0.0, 8.13010290800531
48.59508906288448, 20.550936650256745
0.0, 48.59508906288448
0.0, 48.59508906288448
1006.1321934168982, 0.12983240562186893
417.78612604714993, 588.3460673697482
0.0, 417.78612604714993
374.4268474061091, 43.35927864104082
0.0, 374.4268474061091
277.24369425533837, 97.18315315077075
0.0, 277.24369425533837
255.8434396437942, 21.40025461154417
37.45040333362509, 218.39303631016912
0.0, 37.45040333362509
23.254665223086718, 14.195738110538372
0.0, 23.254665223086718
0.0, 23.254665223086718
169.14010115325516, 86.70333849053904
0.0, 169.14010115325516
0.0, 169.14010115325516
1002.9516459365432, 3.180547480355017
14.589577266380976, 988.3620686701622
0.0, 14.589577266380976
0.0, 14.589577266380976
938.0531898047573, 64.8984561317859
137.20948711053975, 800.8437026942175
0.0, 137.20948711053975
0.0, 137.20948711053975
402.8871158226649, 535.1660739820924
0.0, 402.8871158226649
0.0, 402.8871158226649
1011.4148659913118, 8.76602104375911
0.0, 1011.4148659913118
1011.1242226191824, 0.29064337212935243
347.672186850326, 663.4520357688564
84.22311731580277, 263.44906953452323
0.0, 84.22311731580277
37.69130173084972, 46.531815584953044
0.0, 37.69130173084972
6.572673018832996, 31.11862871201673
0.0, 6.572673018832996
0.0, 6.572673018832996
128.93306638000314, 218.73912047032286
0.0, 128.93306638000314
0.0, 128.93306638000314
860.154163855995, 150.97005876318747
587.9245769001394, 272.22958695585555
398.2352109885999, 189.68936591153954
195.8869268483202, 202.34828414027967
0.0, 195.8869268483202
0.0, 195.8869268483202
288.58562169858607, 109.64958929001381
0.0, 288.58562169858607
249.946103870993, 38.63951782759307
17.646603473724088, 232.2995003972689
0.0, 17.646603473724088
0.0, 17.646603473724088
204.96255247485243, 44.98355139614057
0.0, 204.96255247485243
97.76233658044873, 107.2002158944037
7.176887226595102, 90.58544935385363
0.0, 7.176887226595102
0.0, 7.176887226595102
39.15465344514748, 58.60768313530125
0.0, 39.15465344514748
21.35245216695797, 17.80220127818951
0.0, 21.35245216695797
11.35850157331569, 9.99395059364228
0.0, 11.35850157331569
0.0, 11.35850157331569
441.8640851039959, 146.06049179614354
147.27151325053524, 294.59257185346064
0.0, 147.27151325053524
0.0, 147.27151325053524
235.1279732941249, 206.73611180987098
0.0, 235.1279732941249
159.0468293378508, 76.0811439562741
97.92722263346495, 61.119606704385845
55.99067171404791, 41.93655091941704
0.0, 55.99067171404791
50.34002648123904, 5.65064523280887
11.99900426958897, 38.34102221165007
0.0, 11.99900426958897
0.0, 11.99900426958897
38.80492818468434, 11.5350982965547
0.0, 38.80492818468434
0.0, 38.80492818468434
81.40315094573583, 16.52407168772912
0.0, 81.40315094573583
0.0, 81.40315094573583
99.85668271629694, 59.19014662155385
0.0, 99.85668271629694
0.0, 99.85668271629694
611.9283683384484, 248.22579551754654
191.38730924210992, 420.5410590963385
0.0, 191.38730924210992
0.0, 191.38730924210992
562.8183682602015, 49.11000007824691
122.79956741420754, 440.01880084599395
67.48217519570696, 55.317392218500586
0.0, 67.48217519570696
39.21465321541643, 28.267521980290525
0.0, 39.21465321541643
0.0, 39.21465321541643
98.75171873686263, 24.047848677344916
0.0, 98.75171873686263
44.65228732078206, 54.09943141608057
0.0, 44.65228732078206
0.0, 44.65228732078206
387.84715196518255, 174.97121629501896
0.0, 387.84715196518255
142.02236208718867, 245.82478987799388
0.0, 142.02236208718867
18.192257508542152, 123.83010457864651
0.0, 18.192257508542152
15.249378744713123, 2.942878763829029
0.0, 15.249378744713123
0.0, 15.249378744713123
1065.7354195800087, 9.722778220069358
714.4177555120621, 351.3176640679467
0.0, 714.4177555120621
0.0, 714.4177555120621
1038.525094820558, 27.210324759450714
530.6931054764665, 507.83198934409154
42.008467348013895, 488.6846381284526
0.0, 42.008467348013895
0.0, 42.008467348013895
178.32967501256073, 352.36343046390573
0.0, 178.32967501256073
0.0, 178.32967501256073
1002.9021888890456, 35.62290593151238
0.0, 1002.9021888890456
328.7363925057932, 674.1657963832524
0.0, 328.7363925057932
323.045649521475, 5.690742984318206
0.0, 323.045649521475
0.0, 323.045649521475
1282.989463788949, 44.80439827472719
1089.1954207767496, 193.79404301219938
1024.765072416134, 64.43034836061565
157.071944882231, 867.693127533903
0.0, 157.071944882231
15.793492526356012, 141.278452355875
0.0, 15.793492526356012
7.340244367872382, 8.45324815848363
0.0, 7.340244367872382
0.0, 7.340244367872382
617.2443205371164, 407.52075187901755
448.00158618060544, 169.242734356511
27.16120810385257, 420.84037807675287
0.0, 27.16120810385257
0.0, 27.16120810385257
337.4048551510651, 110.59673102954036
190.96976388307112, 146.43509126799395
0.0, 190.96976388307112
0.0, 190.96976388307112
303.0236678602528, 34.381187290812306
104.24717475849009, 198.7764931017627
0.0, 104.24717475849009
17.770269600889172, 86.47690515760092
0.0, 17.770269600889172
15.542771608306783, 2.2274979925823892
0.0, 15.542771608306783
0.0, 15.542771608306783
162.96140244294165, 140.06226541731112
0.0, 162.96140244294165
139.8803155741272, 23.081086868814452
0.0, 139.8803155741272
0.0, 139.8803155741272
525.9823166716694, 91.26200386544701
108.15591909758224, 417.8263975740872
0.0, 108.15591909758224
91.68450025699094, 16.471418840591298
0.0, 91.68450025699094
69.08844438081928, 22.59605587617166
0.0, 69.08844438081928
23.051484058602757, 46.03696032221653
0.0, 23.051484058602757
0.0, 23.051484058602757
122.87771832144931, 403.1045983502201
0.0, 122.87771832144931
0.7447165539954766, 122.13300176745383
0.0, 0.7447165539954766
0.0, 0.7447165539954766
1066.7896243885696, 22.40579638818008
1053.017046709482, 13.77257767908759
1036.07740191884, 16.939644790641978
887.911144542034, 148.16625737680602
0.0, 887.911144542034
484.3583606445676, 403.5527838974664
0.0, 484.3583606445676
88.04379298976372, 396.3145676548039
0.0, 88.04379298976372
23.78735802690855, 64.25643496285517
0.0, 23.78735802690855
19.72840661191778, 4.058951414990769
0.0, 19.72840661191778
0.0, 19.72840661191778
1024.9572737110032, 11.120128207836842
0.0, 1024.9572737110032
375.2333835637179, 649.7238901472853
64.15401251562548, 311.0793710480924
0.0, 64.15401251562548
0.0, 64.15401251562548
300.48258510320454, 74.75079846051335
0.0, 300.48258510320454
65.59729352738788, 234.88529157581667
0.0, 65.59729352738788
0.0, 65.59729352738788
1043.5873730468277, 9.429673662654295
525.770972725424, 517.8164003214036
388.7900521664425, 136.98092055898155
6.7514053807278405, 382.03864678571466
0.0, 6.7514053807278405
6.607502753685788, 0.1439026270420527
0.0, 6.607502753685788
0.0, 6.607502753685788
292.51537891504296, 96.27467325139952
95.83444176983858, 196.68093714520438
0.0, 95.83444176983858
68.06399507610107, 27.77044669373751
0.0, 68.06399507610107
0.0, 68.06399507610107
205.38195987251768, 87.13341904252528
0.0, 205.38195987251768
48.29629309128263, 157.08566678123506
0.0, 48.29629309128263
10.831391974067932, 37.464901117214694
0.0, 10.831391974067932
0.0, 10.831391974067932
454.6139409456883, 71.15703177973575
309.79526286730055, 144.81867807838773
0.0, 309.79526286730055
56.46559233984663, 253.3296705274539
0.0, 56.46559233984663
18.21677721546974, 38.24881512437689
0.0, 18.21677721546974
0.0, 18.21677721546974
451.1027516240908, 3.5111893215974987
162.94282062486562, 288.15993099922514
0.0, 162.94282062486562
85.41461620831792, 77.5282044165477
0.0, 85.41461620831792
0.0, 85.41461620831792
358.08088380764457, 93.02186781644622
23.48644504409778, 334.5944387635468
0.0, 23.48644504409778
0.0, 23.48644504409778
308.67984534409516, 49.40103846354941
23.582833192506953, 285.0970121515882
0.0, 23.582833192506953
0.0, 23.582833192506953
91.91132947388485, 216.7685158702103
0.0, 91.91132947388485
0.0, 91.91132947388485
1013.940414867937, 29.646958178890713
356.91620998448514, 657.0242048834518
182.09802171403265, 174.81818827045248
34.672646595934445, 147.4253751180982
0.0, 34.672646595934445
0.0, 34.672646595934445
112.19957370648787, 69.89844800754479
0.0, 112.19957370648787
61.75338409994386, 50.44618960654401
0.0, 61.75338409994386
58.153900864561514, 3.599483235382344
0.0, 58.153900864561514
47.825750065153194, 10.32815079940832
0.0, 47.825750065153194
0.0, 47.825750065153194
334.3138897716829, 22.602320212802226
0.0, 334.3138897716829
0.0, 334.3138897716829
1004.7782475205943, 9.162167347342688
12.170038655851187, 992.6082088647431
0.0, 12.170038655851187
0.0, 12.170038655851187
187.63248680374042, 817.1457607168538
0.0, 187.63248680374042
93.7732545918415, 93.85923221189891
0.0, 93.7732545918415
0.0, 93.7732545918415
1063.1643315899762, 3.625292798593364
857.9931151783833, 205.17121641159292
172.91127973661293, 685.0818354417704
0.0, 172.91127973661293
60.730340324782844, 112.18093941183008
0.0, 60.730340324782844
0.0, 60.730340324782844
223.39838814701523, 634.594727031368
0.0, 223.39838814701523
129.53350276123194, 93.86488538578328
0.0, 129.53350276123194
0.0, 129.53350276123194
1010.8662820814134, 52.298049508562826
146.41040533124442, 864.455876750169
0.0, 146.41040533124442
60.927567546746474, 85.48283778449795
0.0, 60.927567546746474
0.47231959685315344, 60.45524794989332
0.0, 0.47231959685315344
0.0, 0.47231959685315344
647.7650825560394, 363.101199525374
506.22567653906833, 141.53940601697104
423.123880737751, 83.10179580131734
54.05370009918982, 369.07018063856117
0.0, 54.05370009918982
31.19259948725189, 22.86110061193793
0.0, 31.19259948725189
0.7771216528369438, 30.415477834414947
0.0, 0.7771216528369438
0.0, 0.7771216528369438
224.06787398437203, 199.05600675337897
148.32564006898437, 75.74223391538766
0.0, 148.32564006898437
0.0, 148.32564006898437
148.785514648862, 75.28235933551002
0.0, 148.785514648862
17.818755328910576, 130.96675931995142
0.0, 17.818755328910576
0.0, 17.818755328910576
495.58587431003275, 10.639802229035581
359.64094897742234, 135.9449253326104
290.0395524533206, 69.60139652410174
0.0, 290.0395524533206
29.10626734841908, 260.93328510490153
0.0, 29.10626734841908
0.0, 29.10626734841908
300.3813585616865, 59.25959041573583
0.0, 300.3813585616865
207.1346579381553, 93.24670062353121
87.80697665411718, 119.32768128403812
0.0, 87.80697665411718
83.24863450137461, 4.5583421527425685
0.0, 83.24863450137461
47.93786255522416, 35.31077194615045
0.0, 47.93786255522416
17.54308937413293, 30.394773181091228
0.0, 17.54308937413293
0.0, 17.54308937413293
169.1610302423697, 37.97362769578561
19.96440426538015, 149.19662597698954
0.0, 19.96440426538015
0.0, 19.96440426538015
74.41873747003453, 94.74229277233516
0.0, 74.41873747003453
0.0, 74.41873747003453
494.55484645235333, 1.031027857679419
198.43105176722193, 296.12379468513143
0.0, 198.43105176722193
0.0, 198.43105176722193
400.90487022959337, 93.64997622275996
91.03382949835867, 309.8710407312347
0.0, 91.03382949835867
7.2783627545375085, 83.75546674382116
0.0, 7.2783627545375085
0.0, 7.2783627545375085
302.0203379626211, 98.88453226697226
0.0, 302.0203379626211
179.19456850496314, 122.82576945765797
0.0, 179.19456850496314
177.09314362260127, 2.1014248823618686
0.0, 177.09314362260127
55.341192474088224, 121.75195114851306
0.0, 55.341192474088224
0.0, 55.341192474088224
559.7500547780025, 88.01502777803682
146.19538544679833, 413.5546693312042
0.0, 146.19538544679833
92.83053139273358, 53.36485405406475
0.0, 92.83053139273358
21.635769766748027, 71.19476162598555
0.0, 21.635769766748027
0.0, 21.635769766748027
360.7321998493126, 199.01785492868993
0.0, 360.7321998493126
49.75862856426144, 310.9735712850512
0.0, 49.75862856426144
0.0, 49.75862856426144
1240.6635874084716, 42.32587638047744
1097.1674574650062, 143.49612994346535
1052.0720872951465, 45.095370169859734
1022.8843037780941, 29.187783517052367
1000.9848515507784, 21.89945222731569
125.95187217518192, 875.0329793755965
26.498362963882112, 99.4535092112998
0.0, 26.498362963882112
0.0, 26.498362963882112
125.55224428444534, 0.399627890736582
44.49009289160372, 81.06215139284161
0.0, 44.49009289160372
33.717310577157754, 10.77278231444597
0.0, 33.717310577157754
0.0, 33.717310577157754
61.671574763911636, 63.8806695205337
0.0, 61.671574763911636
39.35179705986988, 22.319777704041755
0.0, 39.35179705986988
0.0, 39.35179705986988
442.1379152742623, 558.8469362765161
0.0, 442.1379152742623
176.61909073614385, 265.51882453811845
0.0, 176.61909073614385
167.46974176893642, 9.14934896720743
0.0, 167.46974176893642
0.0, 167.46974176893642
1011.4183862664873, 11.46591751160679
13.237159725801515, 998.1812265406859
0.0, 13.237159725801515
0.0, 13.237159725801515
1011.2256783788667, 0.19270788762059965
327.4493640192058, 683.776314359661
0.0, 327.4493640192058
96.68526433255002, 230.76409968665578
0.0, 96.68526433255002
0.0, 96.68526433255002
337.97401519463, 673.2516631842368
16.70585069437446, 321.2681645002555
0.0, 16.70585069437446
16.573633772144458, 0.13221692223000048
0.0, 16.573633772144458
0.0, 16.573633772144458
48.972367795900155, 289.00164739872986
0.0, 48.972367795900155
0.0, 48.972367795900155
1038.8129288142734, 13.259158480873111
1023.9177807682458, 14.895148046027543
631.8238431085533, 392.09393765969253
0.0, 631.8238431085533
323.60324999556525, 308.22059311298807
31.62613545705741, 291.97711453850786
0.0, 31.62613545705741
0.0, 31.62613545705741
314.67478726215495, 8.9284627334103
0.0, 314.67478726215495
0.0, 314.67478726215495
1005.2302788010567, 18.687501967189178
779.7598573801027, 225.47042142095393
640.8163118209851, 138.94354555911764
292.98517012890557, 347.83114169207954
0.0, 292.98517012890557
89.42360300681739, 203.56156712208818
0.0, 89.42360300681739
82.51702263313184, 6.906580373685543
0.0, 82.51702263313184
0.0, 82.51702263313184
489.81911095680323, 150.99720086418188
314.35089788972874, 175.4682130670745
0.0, 314.35089788972874
0.0, 314.35089788972874
428.3218219485219, 61.497289008281314
99.85402907877224, 328.4677928697497
0.0, 99.85402907877224
0.0, 99.85402907877224
170.86269744812185, 257.4591245004001
0.0, 170.86269744812185
157.942874244733, 12.919823203388859
0.0, 157.942874244733
0.0, 157.942874244733
747.1054583987027, 32.65439898140005
0.0, 747.1054583987027
432.1585722896507, 314.946886109052
0.0, 432.1585722896507
62.22251836573787, 369.9360539239128
0.0, 62.22251836573787
58.480713981858344, 3.7418043838795256
0.0, 58.480713981858344
0.0, 58.480713981858344
839.9449661926574, 165.2853126083993
40.958074579765366, 798.986891612892
0.0, 40.958074579765366
1.6111605108709441, 39.34691406889442
0.0, 1.6111605108709441
0.0, 1.6111605108709441
438.5645260373784, 401.38044015527896
200.93068315770847, 237.63384287966994
0.0, 200.93068315770847
147.40002892201682, 53.53065423569166
0.0, 147.40002892201682
0.0, 147.40002892201682
337.1391181404838, 101.42540789689463
0.0, 337.1391181404838
316.7835085577412, 20.355609582742602
65.71187598911493, 251.07163256862626
0.0, 65.71187598911493
6.226903345911954, 59.48497264320297
0.0, 6.226903345911954
0.0, 6.226903345911954
250.4127451399733, 66.37076341776788
181.63969280384833, 68.77305233612498
0.0, 181.63969280384833
80.32467937162276, 101.31501343222557
0.0, 80.32467937162276
79.01669872592278, 1.3079806456999847
0.0, 79.01669872592278
76.79147563550073, 2.2252230904220482
0.0, 76.79147563550073
0.0, 76.79147563550073
202.6208068983353, 47.79193824163801
0.0, 202.6208068983353
0.0, 202.6208068983353
1033.0914505092653, 5.721478305008077
629.9024653415034, 403.18898516776187
0.0, 629.9024653415034
471.57606880198216, 158.32639653952128
0.0, 471.57606880198216
437.2614606812306, 34.314608120751586
58.70636049740396, 378.5551001838266
0.0, 58.70636049740396
44.45105935864116, 14.255301138762803
0.0, 44.45105935864116
0.0, 44.45105935864116
232.56181275176422, 204.69964792946635
0.0, 232.56181275176422
105.01464586777035, 127.54716688399387
15.351045927882462, 89.66359993988789
0.0, 15.351045927882462
0.0, 15.351045927882462
83.57687127450099, 21.437774593269367
0.0, 83.57687127450099
0.0, 83.57687127450099
1010.3019048720078, 22.78954563725756
46.68517108021279, 963.616733791795
0.0, 46.68517108021279
29.08420074361289, 17.6009703365999
0.0, 29.08420074361289
0.0, 29.08420074361289
1000.7068786878872, 9.59502618412057
28.60170236005492, 972.1051763278323
0.0, 28.60170236005492
0.31052615867914984, 28.29117620137577
0.0, 0.31052615867914984
0.0, 0.31052615867914984
915.4968920679238, 85.20998661996339
625.6565685043701, 289.84032356355374
175.71868267183007, 449.93788583254
0.0, 175.71868267183007
0.0, 175.71868267183007
411.96870361122353, 213.68786489314652
48.37074598423531, 363.5979576269882
0.0, 48.37074598423531
15.966089949363122, 32.40465603487219
0.0, 15.966089949363122
0.0, 15.966089949363122
240.52158798964746, 171.44711562157607
128.6766210948388, 111.84496689480866
0.0, 128.6766210948388
0.0, 128.6766210948388
185.35948449050284, 55.16210349914462
0.0, 185.35948449050284
9.75841580665155, 175.60106868385128
0.0, 9.75841580665155
0.0, 9.75841580665155
887.971147971934, 27.525744095989808
74.68800254201939, 813.2831454299146
0.0, 74.68800254201939
28.157008256433294, 46.5309942855861
0.0, 28.157008256433294
0.0, 28.157008256433294
335.7354773349183, 552.2356706370157
0.0, 335.7354773349183
270.78489035836895, 64.95058697654935
0.0, 270.78489035836895
0.0, 270.78489035836895
1092.4394857585673, 4.727971706438893
298.54979076141944, 793.8896949971479
3.0594257959080045, 295.49036496551145
0.0, 3.0594257959080045
0.0, 3.0594257959080045
156.75462817689225, 141.7951625845272
0.0, 156.75462817689225
108.33698551107982, 48.41764266581244
0.0, 108.33698551107982
57.19986722152878, 51.13711828955104
0.0, 57.19986722152878
0.0, 57.19986722152878
1059.1873568124174, 33.252128946149924
1013.4959965412958, 45.69136027112165
683.9148731780462, 329.5811233632496
5.664662452297029, 678.2502107257491
0.0, 5.664662452297029
0.0, 5.664662452297029
239.10464633147407, 444.81022684657205
0.0, 239.10464633147407
53.26233479299568, 185.84231153847838
0.0, 53.26233479299568
47.62088942964267, 5.641445363353007
0.0, 47.62088942964267
0.0, 47.62088942964267
1011.7589227168265, 1.7370738244692348
992.0247380768792, 19.73418463994733
284.22491200855166, 707.7998260683275
120.56635354441211, 163.65855846413956
0.0, 120.56635354441211
36.27310660616741, 84.29324693824469
0.0, 36.27310660616741
0.0, 36.27310660616741
164.10443941849672, 120.12047259005493
0.0, 164.10443941849672
79.7446343761335, 84.35980504236322
8.041130324675992, 71.70350405145751
0.0, 8.041130324675992
0.0, 8.041130324675992
17.860605065889835, 61.88402931024367
0.0, 17.860605065889835
0.0, 17.860605065889835
381.3986660088386, 610.6260720680407
0.0, 381.3986660088386
80.89631471130328, 300.5023512975353
0.0, 80.89631471130328
0.0, 80.89631471130328
1011.7388600150706, 0.02006270175593272
346.37907630825447, 665.3597837068162
120.04038078588005, 226.33869552237442
0.0, 120.04038078588005
0.0, 120.04038078588005
235.81407357708446, 110.56500273117001
9.80167812556884, 226.01239545151563
0.0, 9.80167812556884
0.0, 9.80167812556884
110.8358326945723, 124.97824088251215
0.0, 110.8358326945723
0.0, 110.8358326945723
1002.2650222715032, 9.473837743567401
813.927267681227, 188.33775459027618
176.52862528276978, 637.3986423984572
0.0, 176.52862528276978
0.0, 176.52862528276978
755.5229966817592, 58.404270999467826
237.34317115121513, 518.1798255305441
55.24256739323059, 182.10060375798454
0.0, 55.24256739323059
0.0, 55.24256739323059
219.8812451977654, 17.461925953449736
87.51008252079856, 132.37116267696683
0.0, 87.51008252079856
82.5869128906172, 4.923169630181363
0.0, 82.5869128906172
0.0, 82.5869128906172
140.59518942895, 79.2860557688154
0.0, 140.59518942895
30.826124635079772, 109.76906479387023
0.0, 30.826124635079772
1.4846913196476283, 29.341433315432145
0.0, 1.4846913196476283
0.0, 1.4846913196476283
408.7876888709138, 346.73530781084537
130.9235736121577, 277.8641152587561
0.0, 130.9235736121577
108.1338049767901, 22.789768635367594
0.0, 108.1338049767901
0.0, 108.1338049767901
158.50527288929226, 250.28241598162157
0.0, 158.50527288929226
88.01757977854723, 70.48769311074503
0.0, 88.01757977854723
0.0, 88.01757977854723
1002.011256559156, 0.25376571234721723
15.08405278441977, 986.9272037747362
0.0, 15.08405278441977
5.0212693822655625, 10.062783402154206
0.0, 5.0212693822655625
0.0, 5.0212693822655625
764.1890457430361, 237.82221081611988
435.792151375564, 328.3968943674721
0.0, 435.792151375564
220.83644863822283, 214.95570273734117
0.0, 220.83644863822283
124.33547677784834, 96.50097186037449
0.0, 124.33547677784834
40.23864332154769, 84.09683345630066
0.0, 40.23864332154769
0.0, 40.23864332154769
472.02088825620126, 292.16815748683484
0.0, 472.02088825620126
223.91359227004818, 248.10729598615308
56.27416049567495, 167.63943177437324
0.0, 56.27416049567495
9.117677002300415, 47.15648349337454
0.0, 9.117677002300415
0.0, 9.117677002300415
100.48420754157648, 123.4293847284717
68.28888529960678, 32.195322241969706
0.0, 68.28888529960678
0.0, 68.28888529960678
74.24960975058484, 26.234597790991643
0.0, 74.24960975058484
24.952408694915576, 49.29720105566926
0.0, 24.952408694915576
0.0, 24.952408694915576
1049.5664994550393, 9.6208573573781
59.23594951980748, 990.3305499352318
0.0, 59.23594951980748
0.0, 59.23594951980748
1002.4662485980475, 47.100250856991806
597.0112661408859, 405.4549824571616
0.0, 597.0112661408859
266.66334281229604, 330.3479233285899
0.0, 266.66334281229604
147.9515090241788, 118.71183378811725
0.0, 147.9515090241788
0.0, 147.9515090241788
771.3498846414697, 231.11636395657786
211.42364246631846, 559.9262421751512
0.0, 211.42364246631846
75.89548275555512, 135.52815971076333
0.0, 75.89548275555512
0.0, 75.89548275555512
636.6673500213171, 134.68253462015252
116.72336076182432, 519.9439892594928
0.0, 116.72336076182432
0.0, 116.72336076182432
235.95450827223624, 400.7128417490809
0.0, 235.95450827223624
180.24279127490703, 55.711716997329205
0.0, 180.24279127490703
114.02102997923438, 66.22176129567265
0.0, 114.02102997923438
0.0, 114.02102997923438
1157.9053469274868, 82.7582404809848
1013.0718428652921, 144.83350406219472
212.40386885010045, 800.6679740151916
44.83154146267501, 167.57232738742545
0.0, 44.83154146267501
0.0, 44.83154146267501
125.82235894488336, 86.58150990521709
0.0, 125.82235894488336
0.0, 125.82235894488336
1008.0199371258626, 5.051905739429458
0.0, 1008.0199371258626
433.78322661855015, 574.2367105073124
0.0, 433.78322661855015
390.41416446122565, 43.36906215732449
29.17335215940998, 361.24081230181565
0.0, 29.17335215940998
0.0, 29.17335215940998
323.3142986002462, 67.09986586097943
235.33201222062252, 87.9822863796237
0.0, 235.33201222062252
0.0, 235.33201222062252
267.95400094135033, 55.36029765889589
181.15515073634938, 86.79885020500095
0.0, 181.15515073634938
5.415157477093633, 175.73999325925575
0.0, 5.415157477093633
0.0, 5.415157477093633
214.4298596481484, 53.52414129320192
167.85267348433547, 46.57718616381294
7.17567561761414, 160.67699786672134
0.0, 7.17567561761414
0.0, 7.17567561761414
63.345025466783355, 104.50764801755211
0.0, 63.345025466783355
0.0, 63.345025466783355
207.11441423699202, 7.315445411156389
0.0, 207.11441423699202
193.0258082910208, 14.08860594597121
0.0, 193.0258082910208
0.0, 193.0258082910208
1021.9214003974981, 135.98394652998866
199.769891754287, 822.1515086432112
0.0, 199.769891754287
55.39000324740845, 144.37988850687853
0.0, 55.39000324740845
33.488300021418304, 21.901703225990147
0.0, 33.488300021418304
0.0, 33.488300021418304
412.54087965790495, 609.3805207395932
204.68145870978728, 207.85942094811767
34.294061502056486, 170.3873972077308
0.0, 34.294061502056486
0.0, 34.294061502056486
50.14414798618982, 154.53731072359744
0.0, 50.14414798618982
21.387236516288496, 28.756911469901326
0.0, 21.387236516288496
17.447095232831515, 3.940141283456981
0.0, 17.447095232831515
0.0, 17.447095232831515
353.56476738845663, 58.97611226944832
0.0, 353.56476738845663
82.9018325159718, 270.6629348724848
0.0, 82.9018325159718
11.384844060320836, 71.51698845565097
0.0, 11.384844060320836
0.0, 11.384844060320836
1635.463022835274, 1299.1852815902325
1198.9039981308463, 436.55902470442766
1110.9000523336272, 88.0039457972191
1027.432384397086, 83.46766793654115
934.7627188579478, 92.66966553913824
260.8551796348024, 673.9075392231454
0.0, 260.8551796348024
217.28200135857713, 43.57317827622529
47.75857421402533, 169.52342714455182
0.0, 47.75857421402533
4.451626047730483, 43.306948166294845
0.0, 4.451626047730483
0.0, 4.451626047730483
128.83364042733578, 88.44836093124135
0.0, 128.83364042733578
128.05052462445627, 0.7831158028795073
0.0, 128.05052462445627
115.23338430485158, 12.81714031960469
0.0, 115.23338430485158
0.0, 115.23338430485158
403.2538193857644, 531.5088994721834
0.0, 403.2538193857644
312.1834381771904, 91.07038120857402
127.70029420172827, 184.48314397546213
32.89109815564871, 94.80919604607956
0.0, 32.89109815564871
32.83495809138899, 0.05614006425972207
0.0, 32.83495809138899
17.713896099486856, 15.121061991902135
0.0, 17.713896099486856
0.0, 17.713896099486856
91.9426624160329, 35.75763178569537
0.0, 91.9426624160329
44.75515883367468, 47.187503582358225
0.0, 44.75515883367468
14.523377258239732, 30.231781575434944
0.0, 14.523377258239732
12.411004560293037, 2.112372697946695
0.0, 12.411004560293037
0.0, 12.411004560293037
210.66687055397855, 101.51656762321184
47.750704035910275, 162.91616651806828
0.0, 47.750704035910275
16.696092428742173, 31.054611607168102
0.0, 16.696092428742173
0.0, 16.696092428742173
85.55097720816669, 125.11589334581187
0.0, 85.55097720816669
62.5704446386473, 22.980532569519383
0.0, 62.5704446386473
0.0, 62.5704446386473
1019.1080484283447, 8.324335968741366
634.4106358220276, 384.697412606317
390.67549664391265, 243.735139178115
67.50123178802474, 323.17426485588794
0.0, 67.50123178802474
0.0, 67.50123178802474
311.6901744617433, 78.98532218216934
22.638867253800097, 289.05130720794324
0.0, 22.638867253800097
0.0, 22.638867253800097
141.17851309132146, 170.51166137042185
0.0, 141.17851309132146
95.84585117694317, 45.33266191437829
0.0, 95.84585117694317
0.0, 95.84585117694317
420.30592963750996, 214.10470618451768
274.95533781350457, 145.3505918240054
0.0, 274.95533781350457
218.6604467212869, 56.29489109221768
0.0, 218.6604467212869
0.0, 218.6604467212869
406.6045282151447, 13.70140142236528
207.7493887573475, 198.85513945779718
1.409336121376061, 206.34005263597143
0.0, 1.409336121376061
0.0, 1.409336121376061
107.29448454278159, 100.45490421456591
0.0, 107.29448454278159
17.758463417280897, 89.5360211255007
0.0, 17.758463417280897
0.0, 17.758463417280897
275.2959175051707, 131.308610709974
0.0, 275.2959175051707
0.0, 275.2959175051707
1004.9317761368887, 14.176272291455916
413.7996543516674, 591.1321217852213
0.0, 413.7996543516674
351.2617501653172, 62.537904186350204
85.676931922257, 265.5848182430602
0.0, 85.676931922257
32.789899432921025, 52.88703248933597
0.0, 32.789899432921025
13.245326093851022, 19.544573339070006
0.0, 13.245326093851022
0.0, 13.245326093851022
232.67046585016465, 118.59128431515256
187.53405092417924, 45.136414925985406
0.0, 187.53405092417924
0.0, 187.53405092417924
199.5814297169436, 33.08903613322104
0.0, 199.5814297169436
2.949892326970696, 196.63153738997292
0.0, 2.949892326970696
0.0, 2.949892326970696
1002.9202191573268, 2.0115569795619876
458.309879582469, 544.6103395748578
154.78017311330683, 303.5297064691622
9.909738234864681, 144.87043487844215
0.0, 9.909738234864681
0.0, 9.909738234864681
80.27967054288817, 74.50050257041866
9.415282222265112, 70.86438832062305
0.0, 9.415282222265112
6.962131903846643, 2.4531503184184693
0.0, 6.962131903846643
0.0, 6.962131903846643
59.869137798963465, 20.410532743924705
0.0, 59.869137798963465
0.0, 59.869137798963465
337.5608596038426, 120.74901997862645
65.57503232953246, 271.9858272743101
0.0, 65.57503232953246
6.477447786777996, 59.09758454275447
0.0, 6.477447786777996
0.0, 6.477447786777996
328.03767571443154, 9.52318388941103
130.54143665056222, 197.49623906386933
25.47309101171593, 105.0683456388463
0.0, 25.47309101171593
0.0, 25.47309101171593
118.11997286525329, 12.42146378530893
0.0, 118.11997286525329
0.0, 118.11997286525329
296.90680758369666, 31.130868130734882
236.43904795174282, 60.46775963195384
0.0, 236.43904795174282
8.235544936704514, 228.2035030150383
0.0, 8.235544936704514
0.0, 8.235544936704514
275.4357332036246, 21.471074380072082
0.0, 275.4357332036246
118.21834278563733, 157.21739041798725
0.0, 118.21834278563733
99.25166762752109, 18.966675158116246
0.0, 99.25166762752109
0.0, 99.25166762752109
688.5446386678044, 314.37558048952235
534.4548102607582, 154.08982840704618
0.0, 534.4548102607582
261.53817893947775, 272.9166313212805
0.0, 261.53817893947775
0.0, 261.53817893947775
604.1523924288928, 84.39224623891164
22.641603910220343, 581.5107885186724
0.0, 22.641603910220343
9.422999004898815, 13.218604905321529
0.0, 9.422999004898815
0.0, 9.422999004898815
594.2780305980115, 9.874361830881298
0.0, 594.2780305980115
314.9646621194438, 279.31336847856767
0.0, 314.9646621194438
0.0, 314.9646621194438
1075.3753776310955, 35.524674702531684
858.4337649001379, 216.94161273095756
0.0, 858.4337649001379
813.6055362501334, 44.828228650004576
31.088782594777744, 782.5167536553556
0.0, 31.088782594777744
29.768158028387777, 1.3206245663899665
0.0, 29.768158028387777
7.726603755970605, 22.041554272417173
0.0, 7.726603755970605
0.0, 7.726603755970605
683.7460676344396, 129.8594686156938
185.64495308574573, 498.10111454869383
0.0, 185.64495308574573
10.914105912380874, 174.73084717336485
0.0, 10.914105912380874
0.0, 10.914105912380874
224.74531048146608, 459.0007571529735
0.0, 224.74531048146608
86.09363008142095, 138.6516804000451
35.778938135761166, 50.31469194565979
0.0, 35.778938135761166
0.0, 35.778938135761166
80.81329875446846, 5.280331326952492
0.0, 80.81329875446846
44.8362374611628, 35.97706129330566
2.1614954627083742, 42.67474199845443
0.0, 2.1614954627083742
0.0, 2.1614954627083742
36.68367445985618, 8.152563001306625
0.0, 36.68367445985618
0.0, 36.68367445985618
1059.643138775988, 15.732238855107425
1022.3052325897912, 37.33790618619685
1006.2621144393026, 16.043118150488567
207.2642088558086, 798.997905583494
0.0, 207.2642088558086
8.657813578224063, 198.60639527758454
0.0, 8.657813578224063
0.0, 8.657813578224063
303.1492556759938, 703.1128587633089
67.95166451650749, 235.1975911594863
0.0, 67.95166451650749
0.0, 67.95166451650749
146.0706159412101, 157.0786397347837
0.0, 146.0706159412101
31.716566267652514, 114.35404967355758
0.0, 31.716566267652514
0.0, 31.716566267652514
1007.8385765116766, 14.466656078114625
347.07581878672806, 660.7627577249485
83.54582026763137, 263.5299985190967
0.0, 83.54582026763137
79.11409593829768, 4.43172432933369
0.0, 79.11409593829768
0.0, 79.11409593829768
295.17736901135345, 51.898449775374615
0.0, 295.17736901135345
225.31007435214522, 69.86729465920823
0.0, 225.31007435214522
44.16228583585078, 181.14778851629444
0.0, 44.16228583585078
22.068761937677113, 22.093523898173668
2.0158143108458053, 20.05294762683131
0.0, 2.0158143108458053
0.0, 2.0158143108458053
9.91988039551776, 12.148881542159353
0.0, 9.91988039551776
0.0, 9.91988039551776
668.9253488577268, 338.9132276539498
497.89186454823783, 171.03348430948898
131.7428555465723, 366.14900900166555
0.0, 131.7428555465723
103.11124636256244, 28.631609184009847
0.0, 103.11124636256244
0.0, 103.11124636256244
254.0348414515597, 243.85702309667812
0.0, 254.0348414515597
0.0, 254.0348414515597
618.9458523024995, 49.97949655522734
0.3963132785473158, 618.5495390239522
0.0, 0.3963132785473158
0.0, 0.3963132785473158
466.78192457247997, 152.1639277300195
0.0, 466.78192457247997
184.9092530074227, 281.87267156505726
0.0, 184.9092530074227
23.029565259049928, 161.8796877483728
0.0, 23.029565259049928
0.0, 23.029565259049928
1056.5120417189994, 3.131097056988665
1004.8347334366424, 51.67730828235699
128.94815457651987, 875.8865788601225
0.0, 128.94815457651987
6.1719644411788765, 122.776190135341
0.0, 6.1719644411788765
0.0, 6.1719644411788765
821.1910907681257, 183.6436426685167
565.8149759784284, 255.37611478969734
0.0, 565.8149759784284
149.6044768598284, 416.21049911859996
18.97178121455719, 130.6326956452712
0.0, 18.97178121455719
8.828949413653788, 10.142831800903402
0.0, 8.828949413653788
0.0, 8.828949413653788
48.338009985556035, 101.26646687427237
0.0, 48.338009985556035
28.52121031658721, 19.816799668968823
0.0, 28.52121031658721
0.0, 28.52121031658721
796.737182396564, 24.453908371561738
118.27273721826802, 678.4644451782959
0.0, 118.27273721826802
6.745300058256146, 111.52743716001187
0.0, 6.745300058256146
4.275129887253586, 2.47017017100256
0.0, 4.275129887253586
0.0, 4.275129887253586
386.76160264084126, 409.9755797557227
203.93102023852916, 182.8305824023121
0.0, 203.93102023852916
86.69994737486374, 117.23107286366542
0.0, 86.69994737486374
73.9693517741511, 12.730595600712647
0.0, 73.9693517741511
0.0, 73.9693517741511
356.8504941081033, 29.911108532737956
160.3723678208512, 196.4781262872521
0.0, 160.3723678208512
140.18147512146606, 20.19089269938513
0.0, 140.18147512146606
0.0, 140.18147512146606
297.49744097441607, 59.35305313368724
138.04943127670683, 159.44800969770924
0.0, 138.04943127670683
0.0, 138.04943127670683
287.99247825366575, 9.504962720750314
70.3021780970831, 217.69030015658265
0.0, 70.3021780970831
0.0, 70.3021780970831
113.10056669156585, 174.8919115620999
0.0, 113.10056669156585
67.86885126860065, 45.231715422965195
0.0, 67.86885126860065
0.0, 67.86885126860065
1042.207079410169, 14.304962308830454
0.0, 1042.207079410169
1004.5041287618816, 37.702950648287356
49.82037720621853, 954.6837515556631
0.0, 49.82037720621853
32.12855281784369, 17.69182438837484
0.0, 32.12855281784369
28.764059946215962, 3.3644928716277285
0.0, 28.764059946215962
0.0, 28.764059946215962
911.2007339252164, 93.30339483666523
0.0, 911.2007339252164
785.8612349303341, 125.3394989948822
205.62889298897497, 580.2323419413592
0.0, 205.62889298897497
48.68617899059719, 156.94271399837777
0.0, 48.68617899059719
0.0, 48.68617899059719
721.0785043072761, 64.782730623058
581.9352161404904, 139.14328816678574
0.0, 581.9352161404904
318.8196688790758, 263.11554726141463
186.21266313684663, 132.60700574222915
0.2735198658255273, 185.9391432710211
0.0, 0.2735198658255273
0.0, 0.2735198658255273
47.17413983637294, 139.03852330047368
20.56553345076719, 26.608606385605746
0.0, 20.56553345076719
0.0, 20.56553345076719
23.762491538192137, 23.4116482981808
0.0, 23.762491538192137
0.0, 23.762491538192137
225.49029294516964, 93.32937593390614
76.34538806407356, 149.14490488109607
0.0, 76.34538806407356
24.645918992479476, 51.69946907159408
0.0, 24.645918992479476
0.0, 24.645918992479476
144.0928770671777, 81.39741587799193
0.0, 144.0928770671777
127.14980061358023, 16.943076453597484
0.0, 127.14980061358023
0.0, 127.14980061358023
650.6414320744859, 70.43707223279023
0.0, 650.6414320744859
300.3981213239496, 350.2433107505363
0.0, 300.3981213239496
153.47862787090142, 146.9194934530482
0.0, 153.47862787090142
0.0, 153.47862787090142
1161.6716207341901, 37.23237739665615
446.9330957616885, 714.7385249725016
0.0, 446.9330957616885
125.98921541673609, 320.9438803449524
0.0, 125.98921541673609
0.0, 125.98921541673609
1148.9285615221847, 12.743059212005392
153.62599679908584, 995.3025647230988
0.0, 153.62599679908584
93.12363635034814, 60.502360448737704
0.0, 93.12363635034814
73.8368289821771, 19.28680736817104
0.0, 73.8368289821771
18.62750673937918, 55.20932224279792
0.0, 18.62750673937918
0.0, 18.62750673937918
1084.2288718997765, 64.69968962240819
452.2104510983158, 632.0184208014607
26.743230895666212, 425.46722020264957
0.0, 26.743230895666212
0.0, 26.743230895666212
71.58127070546097, 380.62918039285483
0.0, 71.58127070546097
57.524881986888445, 14.05638871857252
0.0, 57.524881986888445
0.0, 57.524881986888445
663.2587465227554, 420.9701253770212
255.67698819440722, 407.58175832834814
0.0, 255.67698819440722
0.0, 255.67698819440722
260.54347457090194, 402.7152719518534
8.98210936003866, 251.56136521086327
0.0, 8.98210936003866
0.0, 8.98210936003866
250.90295757038925, 9.640517000512688
5.504921267100109, 245.39803630328913
0.0, 5.504921267100109
0.0, 5.504921267100109
242.4406140220713, 8.46234354831796
71.18891048829661, 171.25170353377467
0.0, 71.18891048829661
64.16419433634005, 7.024716151956568
0.0, 64.16419433634005
53.41227042102602, 10.751923915314023
0.0, 53.41227042102602
46.03504145954499, 7.3772289614810305
0.0, 46.03504145954499
14.252164816630591, 31.782876642914403
0.0, 14.252164816630591
0.0, 14.252164816630591
134.4369107843761, 108.00370323769519
0.0, 134.4369107843761
83.60047887802058, 50.836431906355514
0.0, 83.60047887802058
64.36678649216138, 19.2336923858592
21.528648325261596, 42.83813816689978
0.0, 21.528648325261596
0.0, 21.528648325261596
52.16265551176812, 12.20413098039326
0.0, 52.16265551176812
0.0, 52.16265551176812
1410.1910450166001, 225.2719778186738
915.7619324142606, 494.4291126023395
155.05658287040708, 760.7053495438536
0.0, 155.05658287040708
0.0, 155.05658287040708
201.44101463483076, 714.3209177794299
25.23644638548511, 176.20456824934564
0.0, 25.23644638548511
0.0, 25.23644638548511
88.13817277441743, 113.30284186041334
0.0, 88.13817277441743
0.0, 88.13817277441743
1050.3292019048968, 359.86184311170337
0.0, 1050.3292019048968
1016.4563355942438, 33.87286631065297
0.0, 1016.4563355942438
93.97708158472592, 922.4792540095178
0.0, 93.97708158472592
92.86574709974053, 1.1113344849853917
10.331628021763711, 82.53411907797683
0.0, 10.331628021763711
2.204095945174568, 8.127532076589143
0.0, 2.204095945174568
0.0, 2.204095945174568
52.48484661393124, 40.38090048580929
0.0, 52.48484661393124
42.33998446048336, 10.144862153447882
0.0, 42.33998446048336
0.0, 42.33998446048336
