Node, generations
Node 14816, 23376.928175611403
Node 13878, 1183.8758654540038
Node 13836, 1143.533824033424
Node 13430, 1017.7521732743136
Node 3800, 140.85427288502498
Node 1336, 17.533942948817614
Node 3268, 113.09502118742434
Node 13102, 1006.067421433779
Node 8054, 425.5994410457322
Node 3513, 125.33574147530975
Node 3325, 115.71696671164545
Node 2335, 67.69719535099844
Node 1771, 42.49955032349563
Node 7916, 414.2263410285736
Node 6192, 284.0115886174886
Node 4931, 205.11093592406286
Node 3673, 133.7596496651847
Node 1191, 5.8362685626795265
Node 1230, 10.036196090321862
Node 1162, 2.925662232968937
Node 1154, 2.286935073652915
Node 4359, 170.61067559606292
Node 2532, 76.64654585251168
Node 2073, 56.681357941382096
Node 1357, 18.743592661819246
Node 5611, 245.48681263789595
Node 7558, 386.38829709948044
Node 1915, 49.761766523674495
Node 1557, 31.146664818508196
Node 1687, 38.26942001053794
Node 5213, 220.7379017752474
Node 4326, 168.71294751210638
Node 4551, 182.25900032606313
Node 4521, 180.10900329269091
Node 2861, 92.08076969263898
Node 1458, 25.127919696769148
Node 1445, 24.56691726970727
Node 4299, 167.05143002789484
Node 2898, 93.86229182696715
Node 1615, 34.715866821887616
Node 11812, 898.1784100312678
Node 10063, 634.1700182217035
Node 5515, 239.85195442650033
Node 7440, 377.2695911107814
Node 2777, 88.03303784466334
Node 11349, 818.3187510908373
Node 4861, 200.482478828341
Node 4736, 192.5171129497359
Node 2673, 83.65661717085659
Node 7252, 362.07417582948375
Node 2250, 64.29582892202014
Node 1852, 47.00821258408552
Node 4285, 165.87634160070124
Node 13610, 1036.251035824809
Node 13062, 1005.1729109858412
Node 12606, 1000.9512111219544
Node 5077, 213.66529065077717
Node 11478, 840.2427604831196
Node 1684, 38.221133977345765
Node 9623, 584.1893067207777
Node 5506, 239.34566214550642
Node 3209, 110.54596131999607
Node 9162, 532.8595819246906
Node 13858, 1160.2819621655044
Node 13789, 1106.5154591955327
Node 10799, 734.5610403607945
Node 2466, 74.06047333863496
Node 3110, 105.1792223144912
Node 1826, 45.833577118362676
Node 1394, 21.19383550498334
Node 13151, 1007.0665778757224
Node 5341, 228.74877680978508
Node 2799, 88.99897772418795
Node 8399, 455.8672245348009
Node 1142, 0.9097277796728261
Node 1140, 0.3646872902968688
Node 3573, 128.765478887193
Node 1695, 38.93796321188305
Node 1506, 27.906644080358387
Node 1297, 14.845876057239172
Node 2564, 78.29340306560003
Node 13855, 1157.130304140944
Node 13706, 1058.6054628187505
Node 8407, 456.3283812048415
Node 1149, 1.5839384029585863
Node 7859, 409.7718925875434
Node 1214, 7.862078518811922
Node 2412, 71.72137661376875
Node 12546, 1000.6836363049832
Node 8062, 426.2749635098067
Node 4272, 165.35234854137727
Node 2917, 95.03002644073615
Node 2305, 66.57887064723903
Node 1410, 22.326119544853785
Node 4806, 196.50799674460993
Node 3103, 104.74606500997237
Node 3555, 127.63588116614207
Node 11963, 924.9934384553625
Node 2141, 59.53044127260848
Node 1866, 47.66958685043081
Node 10906, 749.9868485663512
Node 2323, 67.2975440291257
Node 8348, 452.32464704598715
Node 2640, 81.8981006566238
Node 2091, 57.229529366611516
Node 1491, 26.79158192248147
Node 1258, 12.21156469851097
Node 6129, 279.5941873852362
Node 2351, 68.54186512742612
Node 13777, 1099.7417720547423
Node 13371, 1014.007015035003
Node 12767, 1001.9012415617524
Node 2347, 68.25411902222126
Node 2189, 61.3060712663542
Node 13208, 1008.1555905513754
Node 12439, 1000.1559772688701
Node 11587, 856.399857642618
Node 5131, 216.20121271747257
Node 9506, 570.4408565378081
Node 7703, 396.2525612868371
Node 6441, 302.15588934356646
Node 5620, 245.92848990703607
Node 12208, 962.37876303156
Node 10572, 704.3955136753601
Node 5791, 257.7713263381555
Node 2773, 87.93153785024214
Node 1141, 0.3684467974125227
Node 1148, 1.4969989287716463
Node 5174, 218.59017889057242
Node 6431, 301.3734396942197
Node 6208, 285.2672096404454
Node 1599, 33.65754775189035
Node 4233, 163.9160039378808
Node 1338, 17.628176763813105
Node 11462, 835.9444182160971
Node 8968, 510.056779585374
Node 3841, 143.14359836946448
Node 3632, 132.17564913354684
Node 1196, 6.194603619996634
Node 1172, 3.6977020206528346
Node 1710, 39.4243596477404
Node 6743, 324.4820950631914
Node 2133, 59.13311754883369
Node 1726, 40.46982493495536
Node 5952, 267.4161858588213
Node 5235, 222.41487288928587
Node 2507, 75.69164182489972
Node 2070, 56.256842865325005
Node 13169, 1007.3727841055775
Node 9449, 563.640279990348
Node 5775, 256.7458670816361
Node 4407, 173.08941845739957
Node 1675, 37.82055031110119
Node 1205, 7.058300160335358
Node 1168, 3.332630107660192
Node 13756, 1083.5216080307234
Node 13387, 1015.0042274663791
Node 11130, 783.7034756314182
Node 8773, 491.03620931797826
Node 8392, 455.25732699488117
Node 12608, 1000.9535216540977
Node 3752, 138.25873079748902
Node 1145, 1.3875650931451362
Node 8105, 430.6255336853488
Node 6159, 281.49561971885566
Node 5616, 245.70536816189835
Node 2882, 92.95269614002589
Node 1724, 40.41066201497285
Node 13656, 1044.7677525226334
Node 12978, 1004.140213000726
Node 11127, 783.2337660738126
Node 2697, 84.76055557244206
Node 1188, 5.77112472147466
Node 11201, 794.2987176232043
Node 9300, 547.2090734945173
Node 4579, 184.02357348679405
Node 3595, 130.35725284135623
Node 1192, 5.852095459773605
Node 3521, 125.91495086597419
Node 1234, 10.248197704999118
Node 2857, 91.91886306646155
Node 13557, 1028.9052746534835
Node 13507, 1024.2600133744704
Node 6548, 309.8025328975152
Node 13219, 1008.5623652836889
Node 12786, 1002.0329129584786
Node 1254, 11.948255282465418
Node 13196, 1007.9789340240326
Node 9278, 544.7062655824717
Node 3887, 145.43161839053522
Node 2537, 77.13599658316953
Node 1239, 10.60413469257853
Node 1591, 33.29654889692076
Node 6856, 333.51979740936156
Node 2364, 69.09261003453578
Node 1691, 38.624755703375754
Node 12716, 1001.4969380694758
Node 1760, 42.00565241939124
Node 1303, 15.420658174560156
Node 13548, 1028.1931035430566
Node 3175, 108.79479640666479
Node 2436, 72.61014729228428
Node 1578, 32.692794232540066
Node 3941, 148.50400993385716
Node 14142, 2389.50791434125
Node 13368, 1013.9410399890085
Node 4773, 194.7231526860235
Node 2113, 58.26573483476641
Node 2780, 88.11262818460176
Node 9114, 526.9705144937104
Node 5481, 237.64630475386613
Node 4307, 167.25294370255745
Node 4158, 159.47329135301447
Node 7036, 345.25693345548774
Node 6723, 323.0023937200146
Node 14080, 1751.80675779004
Node 13840, 1146.639084318462
Node 12234, 967.9386643446741
Node 3402, 119.81347792783966
Node 11918, 915.9934662982416
Node 1923, 50.327384061411365
Node 1566, 31.717438182010394
Node 13793, 1108.8539612043055
Node 13741, 1075.4508452711334
Node 1903, 49.324105048567844
Node 1711, 39.494680998154635
Node 13738, 1074.1908012416463
Node 13722, 1063.689929014973
Node 11078, 775.1239061752401
Node 7741, 399.641543642722
Node 1955, 51.52166478669787
Node 1157, 2.4746491129323096
Node 4600, 185.14587984573652
Node 1201, 6.840403390339351
Node 4177, 161.06854102404145
Node 10814, 737.0963170099393
Node 6639, 316.3710604273448
Node 1176, 4.066516299013782
Node 3906, 146.31188701404392
Node 13479, 1022.2264171068724
Node 12485, 1000.3520472778234
Node 4844, 199.00482965470357
Node 1328, 16.741524373107122
Node 1173, 3.7087358545844387
Node 5996, 270.01076059815455
Node 3745, 137.55915025471293
Node 4676, 189.61257003661132
Node 3773, 139.5679538230712
Node 1774, 42.58955806474799
Node 13775, 1098.9881058106773
Node 13457, 1020.1309075330553
Node 4637, 187.222279744792
Node 13357, 1013.4524918381514
Node 9088, 523.2102248765656
Node 2737, 86.51303924431193
Node 1796, 43.824164497276314
Node 13270, 1009.7547668189545
Node 4423, 173.92060347902787
Node 13752, 1081.2783696459048
Node 13487, 1022.8039844497441
Node 5170, 218.3820460151642
Node 3044, 101.17539751975535
Node 11104, 780.156646426009
Node 9315, 548.7793649408735
Node 7256, 362.2740350109637
Node 3361, 117.51581457858079
Node 9995, 626.1039692254096
Node 13725, 1064.745418647607
Node 13630, 1039.4537236232893
Node 1901, 49.24608008809891
Node 13591, 1033.521794126535
Node 7796, 404.5378594686092
Node 1927, 50.46946843136893
Node 1632, 35.4023683208575
Node 3116, 105.3862103838381
Node 2198, 61.726112279814025
Node 2074, 56.74036599699256
Node 1560, 31.397880572222764
Node 1161, 2.901407015453405
Node 13541, 1027.3125666319877
Node 5104, 215.33555788838933
Node 1307, 15.50916102557787
Node 4951, 206.55619671134983
Node 1434, 23.686790006869483
Node 10316, 669.3143148411315
Node 13704, 1058.438569590881
Node 12046, 936.7870462319659
Node 6526, 308.05468064644043
Node 3564, 128.1076147016921
Node 5371, 230.6294496712164
Node 4955, 206.6177282481397
Node 1552, 30.852731325310874
Node 1728, 40.58779226489527
Node 11014, 765.1657629057531
Node 4429, 174.2286964042689
Node 3232, 111.54759991404035
Node 1798, 43.987893716568
Node 13664, 1046.5381243485401
Node 13481, 1022.2748772881409
Node 13124, 1006.5565031320087
Node 3735, 136.822924118985
Node 3200, 110.05054689632911
Node 1413, 22.419065995468088
Node 1153, 2.0274699005574637
Node 10204, 653.0291434927523
Node 1936, 50.74697246195392
Node 8040, 424.68596310649264
Node 3819, 141.73044529386272
Node 2760, 87.52234207133034
Node 1747, 41.26704232362678
Node 1378, 20.033987655613252
Node 13370, 1013.9488543265043
Node 7102, 349.4220675695047
Node 2287, 65.94852938597714
Node 6213, 285.9072427078166
Node 1199, 6.475425752070517
Node 3774, 139.63223399988973
Node 1461, 25.254542071847396
Node 1727, 40.49166228079375
Node 12592, 1000.8726618082535
Node 2877, 92.67507984828896
Node 2561, 78.22048306517097
Node 1807, 44.787393625130214
Node 4986, 208.59576513078173
Node 4371, 171.37389281069085
Node 13493, 1023.1357831161297
Node 13462, 1020.5527365209828
Node 11356, 819.3118482005393
Node 2910, 94.66419600873363
Node 1835, 46.352859480277615
Node 1379, 20.11261206788472
Node 1468, 25.65246043434264
Node 5393, 232.03855953226278
Node 1492, 26.79561726544042
Node 12948, 1003.7912750905213
Node 5021, 210.39662071132142
Node 1312, 15.752061127916493
Node 1262, 12.4380320284447
Node 6945, 339.54229339634554
Node 3038, 100.83378366364813
Node 1536, 29.986143138110076
Node 1456, 24.948082732402753
Node 6636, 316.23654816508144
Node 5071, 213.34968533930456
Node 2565, 78.31550359241506
Node 4297, 166.88503188122118
Node 3399, 119.74067797979468
Node 2432, 72.44348853832037
Node 2459, 73.73722613874757
Node 1452, 24.84356345707409
Node 1253, 11.873697751198785
Node 14068, 1682.1364994451274
Node 14005, 1442.0046273727587
Node 13639, 1041.1615455717065
Node 12298, 981.4947104987739
Node 6883, 335.02139172371886
Node 4670, 189.2546988945273
Node 3557, 127.75214218078533
Node 3506, 124.99007137654304
Node 6092, 277.3419304089691
Node 1875, 48.043130275797225
Node 1235, 10.328651324933261
Node 8713, 486.6212545951523
Node 1477, 25.93823055754937
Node 5251, 223.36107922689985
Node 12837, 1002.5842137581875
Node 5617, 245.869994142865
Node 2214, 62.595853846515354
Node 8116, 431.35759690847414
Node 2331, 67.6343935094319
Node 2379, 69.81351486035902
Node 13938, 1264.0313890957962
Node 13868, 1168.0254818394806
Node 13838, 1146.3079004755994
Node 10524, 697.6853160396065
Node 6573, 311.1469387492941
Node 13796, 1113.8544110600142
Node 13526, 1025.7901918418213
Node 13432, 1017.92095097266
Node 11207, 795.1304113379379
Node 2586, 79.33955768419258
Node 1395, 21.197388420557015
Node 9251, 542.8630510394297
Node 5683, 249.6598102114296
Node 3959, 149.73733903077104
Node 1232, 10.214766113308878
Node 2107, 57.98646059689087
Node 7006, 343.63569816808615
Node 3030, 100.27806820087886
Node 2144, 59.634700386997146
Node 1766, 42.35779203254756
Node 2951, 97.23503240633806
Node 2749, 86.90175788441819
Node 4417, 173.57194950098193
Node 2919, 95.12960918118587
Node 1241, 10.871127984339257
Node 3623, 131.73302455192618
Node 1320, 16.398966503038228
Node 13519, 1025.2687718368572
Node 6496, 305.42796513437537
Node 6447, 302.76154249579
Node 5278, 225.09446682219644
Node 3582, 129.43599676627002
Node 11264, 802.2898382220866
Node 7500, 382.70845680405364
Node 6972, 341.43508958083265
Node 5654, 248.03747968398724
Node 1706, 39.34909076505963
Node 10752, 729.14993261092
Node 10332, 671.241536829611
Node 5422, 234.7805738641314
Node 1242, 10.906934491237097
Node 4086, 156.11170992661812
Node 8749, 489.1365792950405
Node 7198, 357.62447326443817
Node 1236, 10.341658582717743
Node 2610, 80.59054601033317
Node 1175, 4.058780264782139
Node 13791, 1107.956436487812
Node 13627, 1039.3456998987863
Node 8195, 438.6486705393377
Node 2499, 75.3582953439318
Node 2390, 70.59728945271392
Node 1550, 30.793523386730932
Node 1447, 24.71215910605628
Node 4782, 195.24443030641004
Node 13497, 1023.3427998361569
Node 5043, 211.880997239894
Node 1204, 6.974988802788477
Node 4370, 171.36335284929177
Node 4295, 166.79857797726763
Node 13682, 1052.2051746450752
Node 13592, 1033.5257792505251
Node 7154, 354.082377427426
Node 5586, 244.04182067601172
Node 4918, 204.29587336321714
Node 4681, 189.87516318855936
Node 12529, 1000.5874648709259
Node 11182, 792.3117285617536
Node 1243, 10.937187254528308
Node 1220, 9.263002055717475
Node 13607, 1035.4598525103172
Node 9345, 552.1993141602766
Node 13413, 1016.3312497657607
Node 9981, 624.3113079226549
Node 8451, 460.7609925989642
Node 3250, 112.33325213269973
Node 5670, 248.85352815505195
Node 4874, 201.4585752719157
Node 1893, 48.806681286943174
Node 4408, 173.09617336929898
Node 3739, 137.28424303278086
Node 1371, 19.52836386337085
Node 3948, 149.21962219767605
Node 3727, 136.45077658583494
Node 9266, 544.092647287166
Node 7686, 394.988727053687
Node 5097, 214.9032087386813
Node 4265, 165.12681241503378
Node 6702, 320.9471521430137
Node 9203, 537.7707245126159
Node 7304, 365.63800458185233
Node 5288, 226.20072512482616
Node 1676, 37.92057321909525
Node 1956, 51.56657602570874
Node 5352, 229.5098883905714
Node 4845, 199.04126542160878
Node 5015, 210.20058115175559
Node 3981, 150.72310338027287
Node 3938, 148.44122267767327
Node 2925, 95.60309379454398
Node 1958, 51.63186575388971
Node 1902, 49.24711000084754
Node 1606, 34.16330076311706
Node 4763, 194.22606477094155
Node 8833, 497.7748210195579
Node 2629, 81.4481189071121
Node 1713, 39.620506635183304
Node 2675, 83.68129806281833
Node 1187, 5.7424829215665225
Node 13353, 1013.2996138975374
Node 11616, 860.4904286299475
Node 1758, 41.850297917619244
Node 10754, 729.4775713402798
Node 9980, 624.3025944155193
Node 1498, 27.00777042210854
Node 12095, 945.6029467500925
Node 4405, 173.01692242871712
Node 10219, 654.239583291968
Node 8056, 425.68873109422316
Node 2718, 85.74500015546543
Node 10165, 648.0201435946351
Node 6554, 309.9759716840591
Node 3385, 119.18705061901895
Node 13867, 1168.0094110454227
Node 13349, 1012.8633546734138
Node 9352, 552.9298259889118
Node 3551, 127.48970456218396
Node 1953, 51.49486406002594
Node 8641, 478.87380020837804
Node 3866, 144.63647241474945
Node 2421, 71.9334758446406
Node 13118, 1006.4137923251258
Node 8982, 511.39130371700736
Node 8964, 509.8888776586727
Node 3908, 146.4076371111742
Node 1374, 19.87711517129047
Node 7862, 409.8168623868524
Node 6760, 326.0813893637002
Node 3187, 109.50725858574668
Node 2455, 73.49269619887745
Node 1484, 26.501268481344443
Node 2236, 63.42978847218402
Node 11225, 798.7890456586929
Node 1811, 44.95585329117074
Node 1938, 50.92842321154345
Node 1223, 9.639783109405379
Node 1213, 7.7407288816418305
Node 1159, 2.729919278155537
Node 13846, 1152.0315769116453
Node 13731, 1067.5149304543336
Node 13617, 1037.9227177548646
Node 10650, 713.6216066281788
Node 6734, 323.86969838070496
Node 4332, 169.23040134244982
Node 5984, 269.37875728860854
Node 1554, 31.01496309550745
Node 5772, 256.3136155296048
Node 1439, 24.183936192380784
Node 13345, 1012.7739741304644
Node 3796, 140.6746493770514
Node 7614, 390.12394553014843
Node 4193, 161.63956372860156
Node 2702, 84.90820947583818
Node 2177, 60.8806722757547
Node 6314, 293.0131460222202
Node 3965, 149.98317888582955
Node 2372, 69.3497447049788
Node 1163, 3.0088212953041387
Node 1553, 30.878505335640178
Node 4952, 206.56690888141563
Node 1375, 19.938571521545377
Node 13708, 1058.7189128322966
Node 13530, 1026.103176695375
Node 6349, 295.54982657697803
Node 2038, 55.028118364149165
Node 5248, 223.11094059946132
Node 1791, 43.63117338178165
Node 13257, 1009.3170987088668
Node 11206, 795.0937959803281
Node 9097, 524.3236171487728
Node 5622, 245.9754897298409
Node 4312, 167.6399103259502
Node 7694, 395.60477674245175
Node 2711, 85.42166676693732
Node 1183, 5.088393845201023
Node 1284, 13.963656478205934
Node 11213, 796.7558589596521
Node 7988, 421.3033488601419
Node 2414, 71.78715251746993
Node 1337, 17.622599444691904
Node 4652, 188.03154987424895
Node 10195, 652.5746619373962
Node 3342, 116.49355722851242
Node 2656, 82.4823869594605
Node 13692, 1055.727801694052
Node 13605, 1035.0779245855592
Node 13139, 1006.8668311675958
Node 2268, 64.92624379436648
Node 1390, 20.916485792771454
Node 12552, 1000.7015956821291
Node 4276, 165.43714354997567
Node 1216, 8.465776563902205
Node 2921, 95.20558044591948
Node 1324, 16.658246573980072
Node 2771, 87.91736868479397
Node 1768, 42.41961646054138
Node 1273, 13.081904337649384
Node 2053, 55.76281083782982
Node 9186, 535.7522936725852
Node 6038, 272.9638569277848
Node 13590, 1033.511404180315
Node 2032, 54.788785366642436
Node 1166, 3.2546115652290593
Node 13560, 1029.4239355136438
Node 13374, 1014.3049382065382
Node 13001, 1004.4280297282959
Node 12197, 960.3255887624446
Node 7870, 410.5600787042434
Node 6211, 285.7281506121111
Node 2155, 59.94083763557528
Node 2136, 59.29161328929193
Node 1828, 45.9751802396233
Node 7660, 393.3096243965547
Node 2635, 81.69433195984834
Node 7897, 412.6214163563212
Node 2574, 78.86347600390552
Node 7209, 358.96405675227504
Node 5532, 240.49613387818414
Node 2438, 72.6992385782249
Node 3312, 115.22584870617443
Node 2373, 69.35959040707196
Node 1478, 26.288028982829744
Node 6666, 318.11424095994533
Node 1829, 45.99379838141843
Node 12889, 1003.149277697284
Node 12594, 1000.8815294329604
Node 1293, 14.584957216380527
Node 8800, 493.8175200015052
Node 6354, 296.12688761399755
Node 3626, 131.85045538361535
Node 2274, 65.37413736095374
Node 1793, 43.77529927821276
Node 3295, 114.33934191365205
Node 1170, 3.60017825688026
Node 13358, 1013.4678907300142
Node 8876, 501.61899953171894
Node 6454, 302.9248269529597
Node 3251, 112.39103347637668
Node 5323, 227.99834577142215
Node 2145, 59.67072314575161
Node 1185, 5.408856798500294
Node 1732, 40.810165197190024
Node 1598, 33.55699600857451
Node 3264, 112.99689379142025
Node 1362, 19.021017366660352
Node 2528, 76.5686875998483
Node 2388, 70.34877779638923
Node 13620, 1038.2363767777608
Node 8452, 460.8370122991248
Node 13776, 1099.5467465938618
Node 6563, 310.5382620671764
Node 2208, 62.335160191140034
Node 1203, 6.94900003988022
Node 3060, 102.29093505075026
Node 13535, 1026.7368816540456
Node 13426, 1017.2645228135359
Node 10928, 751.7394564788776
Node 2601, 80.12745045666713
Node 6981, 342.0843703631183
Node 1899, 49.14746476483822
Node 1210, 7.597945922083329
Node 1225, 9.871906988283623
Node 13533, 1026.5068985317994
Node 11118, 781.7203704846518
Node 6484, 304.72685806230845
Node 3904, 146.24713901203896
Node 4108, 157.28740510004448
Node 3147, 107.3709945365832
Node 2667, 83.42998967752445
Node 1443, 24.44128012215285
Node 10501, 694.5704733175186
Node 2832, 90.79917401675704
Node 2763, 87.57371997870484
Node 12855, 1002.7259538905557
Node 5414, 234.09458882414333
Node 2535, 76.9957302974496
Node 1298, 15.192327526156564
Node 1356, 18.576084105747963
Node 3455, 122.38998096457503
Node 1381, 20.244862365751548
Node 2029, 54.672144891971485
Node 12166, 955.0580167577317
Node 5164, 218.20306760993444
Node 2982, 98.25861411021133
Node 2245, 64.12172566547025
Node 1314, 15.839420100927304
Node 7366, 370.90449396745123
Node 1950, 51.33202106195985
Node 1735, 40.83520080200525
Node 2813, 89.57225718392003
Node 13913, 1225.1177811458147
Node 7275, 363.5246223600383
Node 4504, 179.01986513258632
Node 1883, 48.52717397240756
Node 1686, 38.26337431863349
Node 2798, 88.9498935682112
Node 2395, 70.82815822997543
Node 13672, 1048.4458958798618
Node 11905, 913.2040568155387
Node 6750, 324.9693498841004
Node 5189, 219.23443819476063
Node 4409, 173.13173294451093
Node 4253, 164.66283056063975
Node 4903, 203.22862632706162
Node 1274, 13.251932701075383
Node 1304, 15.430517581937119
Node 6046, 274.0303969905679
Node 2003, 53.63574782542231
Node 9857, 611.6714736889426
Node 2693, 84.66909644883259
Node 2010, 53.80869877871003
Node 1197, 6.196248036550644
Node 3886, 145.43040288858452
Node 1285, 14.072736665958038
Node 2213, 62.58667652156088
Node 14065, 1673.6507464464082
Node 13952, 1293.7844884282592
Node 13649, 1043.80002263647
Node 10831, 739.3855528327963
Node 4638, 187.25354440619924
Node 8963, 509.8633487285704
Node 4810, 196.62605422006382
Node 4189, 161.46842094969838
Node 1402, 21.755120402189398
Node 13567, 1030.2554085678714
Node 13321, 1011.7653933368059
Node 1322, 16.511203000935105
Node 4777, 195.0316278492757
Node 1186, 5.435607116121506
Node 13851, 1154.1625021841937
Node 13595, 1033.8485538655507
Node 8891, 502.8341051817952
Node 3031, 100.30688528160896
Node 2694, 84.72217683229519
Node 1780, 42.90471785015417
Node 1872, 47.902638156615865
Node 1853, 47.07278428535558
Node 13223, 1008.6627987409818
Node 11880, 909.6907662237536
Node 8534, 469.3346942704437
Node 2103, 57.82572426938634
Node 5860, 261.4613889190613
Node 3165, 108.17808492310678
Node 2705, 85.03901355576035
Node 1404, 21.811723366512233
Node 1255, 12.061954664032385
Node 10102, 640.4865824950602
Node 7232, 360.7259747415173
Node 3352, 116.99401675279333
Node 2692, 84.6634004575046
Node 3253, 112.47119165449723
Node 13843, 1151.1453726060545
Node 8461, 461.89241357240513
Node 7534, 385.12867061408764
Node 3228, 111.36877150365787
Node 2907, 94.56038593663448
Node 1820, 45.5643031516745
Node 1270, 12.938362472706057
Node 4694, 190.63786332311957
Node 1349, 18.070909614135903
Node 1231, 10.059564304963924
Node 2081, 57.04200528088791
Node 13803, 1116.2615757728825
Node 13599, 1034.6680228689067
Node 12240, 968.6604600748863
Node 10183, 651.4475772767285
Node 8187, 437.79757138405887
Node 1178, 4.281908964447531
Node 7669, 393.6756885809735
Node 6126, 279.4127179365407
Node 2086, 57.14381896586443
Node 5608, 245.36133881448572
Node 4260, 164.9976911251988
Node 3905, 146.30885392103738
Node 6611, 314.19957186506156
Node 13434, 1018.115777160207
Node 8381, 454.32816003019644
Node 7955, 418.131216431096
Node 7604, 389.61318014309285
Node 2224, 63.05420949234383
Node 11767, 890.2418830419095
Node 1160, 2.8084946801502575
Node 5396, 232.24478042138978
Node 3747, 137.79230338564057
Node 1409, 22.325361122687447
Node 13625, 1038.715478152506
Node 12998, 1004.400540371239
Node 4111, 157.38393126645195
Node 1479, 26.288628295113227
Node 11082, 775.8141833520394
Node 9311, 548.4743659414321
Node 5220, 221.16685399889545
Node 3763, 139.04669959353362
Node 3163, 108.14336268481155
Node 8171, 435.9268949191206
Node 10547, 700.0014939819837
Node 5661, 248.30464901813536
Node 5330, 228.29980146608577
Node 4289, 166.09061315470424
Node 2998, 98.93115908018578
Node 2695, 84.73420129821547
Node 1662, 37.132838258939394
Node 2004, 53.650082065571404
Node 1529, 29.468156196724376
Node 5434, 235.41847204646925
Node 9868, 612.9418869406136
Node 3511, 125.30522949306963
Node 5518, 239.90672374398517
Node 1249, 11.710048610695932
Node 4978, 208.2622798309709
Node 3066, 102.65385100914395
Node 1932, 50.65521308652844
Node 13508, 1024.2834872034584
Node 13350, 1012.9786124351949
Node 9732, 596.70678944926
Node 4562, 183.14650969740657
Node 3057, 102.08594352385603
Node 1920, 50.10876502088596
Node 9409, 559.6067930556837
Node 5890, 263.27974972036145
Node 2928, 95.66388238401
Node 2819, 89.930825873848
Node 1890, 48.64923843343665
Node 1308, 15.524462684796541
Node 2806, 89.3486942812637
Node 2775, 87.95802481341119
Node 2114, 58.35378308601269
Node 5686, 250.0152859760548
Node 5428, 235.1969739407744
Node 5009, 210.02181772250808
Node 1221, 9.35978979641777
Node 8660, 481.45084330326097
Node 1417, 22.483134960912395
Node 14022, 1489.8478341723426
Node 13937, 1263.2220849583487
Node 13721, 1063.3573977844374
Node 12317, 985.1967053071685
Node 4066, 155.0713221559537
Node 1983, 52.605962881530594
Node 1863, 47.42464304169191
Node 1884, 48.55883717658963
Node 1363, 19.08225727117823
Node 12111, 947.8369762297118
Node 11340, 816.4324459356509
Node 13680, 1050.1955781353947
Node 6188, 283.74597662253666
Node 1200, 6.836629719405849
Node 3334, 115.94633075058745
Node 1184, 5.312603823783324
Node 13473, 1021.7129773341726
Node 13275, 1009.9574666372828
Node 7711, 396.983351820938
Node 3327, 115.74473555868526
Node 1907, 49.52165481152583
Node 3159, 107.97078223308502
Node 1334, 17.30012839608259
Node 13453, 1019.9205426218833
Node 4714, 191.51987536385565
Node 13324, 1012.0056606367671
Node 10128, 644.0741105798495
Node 4152, 159.21008122185185
Node 2956, 97.3062623119464
Node 7140, 352.6572038599727
Node 5209, 220.44391604352376
Node 1542, 30.321766802528543
Node 1193, 6.041300891639257
Node 6958, 340.51241784981585
Node 1208, 7.3596071985770175
Node 1164, 3.0880634826582627
Node 1144, 1.2438286954062598
Node 12544, 1000.6747669048998
Node 7592, 388.7271555957732
Node 8718, 487.2883643012275
Node 13839, 1146.570742000544
Node 10348, 673.1553816120469
Node 13553, 1028.5045245811707
Node 13250, 1009.1866561790487
Node 7234, 360.9022923533378
Node 5103, 215.206086252677
Node 3096, 104.45101118013535
Node 1991, 52.91265130520277
Node 5789, 257.5305274672034
Node 1734, 40.82629608548638
Node 4524, 180.4142236631027
Node 12367, 994.6520000770662
Node 6997, 342.9556801947719
Node 3018, 99.6784716440038
Node 2585, 79.3299286036787
Node 7648, 392.4385344689157
Node 2794, 88.8196421925936
Node 1664, 37.16503326524227
Node 2237, 63.51057289796496
Node 13503, 1023.8624393067568
Node 2116, 58.43824665842492
Node 13451, 1019.8691091738762
Node 12727, 1001.5869760955144
Node 9451, 563.7751714144849
Node 11042, 769.2207314648301
Node 9541, 574.6939299037084
Node 2984, 98.29607064315842
Node 3980, 150.63410937918573
Node 2633, 81.5179917179462
Node 1505, 27.814387920074157
Node 10408, 681.237248823996
Node 9094, 523.8453324476698
Node 5674, 249.08708943685548
Node 9703, 593.0411244998794
Node 1906, 49.40105213433502
Node 3259, 112.78751806006318
Node 1228, 10.028337662768449
Node 2069, 56.23000112208158
Node 13447, 1019.3027111016046
Node 9450, 563.6730582834882
Node 4425, 174.03901918100092
Node 5462, 236.562265544625
Node 3990, 151.5195366602254
Node 4724, 192.02345918657062
Node 13156, 1007.1971814239289
Node 5903, 264.15841950962977
Node 6713, 322.0017605264249
Node 3640, 132.4540921313804
Node 2330, 67.58732260309388
Node 6552, 309.90759413681303
Node 6175, 282.9109618075132
Node 2869, 92.47238421653324
Node 1579, 32.75953317738429
Node 1451, 24.81754004075507
Node 1370, 19.32739994933254
Node 4515, 179.82661603249687
Node 3459, 122.52471138586043
Node 1587, 32.98299274187805
Node 14000, 1409.1909427341375
Node 13739, 1075.0228579607353
Node 11666, 868.1891681360232
Node 4514, 179.7687006230014
Node 13696, 1056.1406326851793
Node 13634, 1040.7643383776842
Node 10433, 684.4263905706979
Node 1227, 10.011490947277448
Node 1180, 4.5656892304927394
Node 9973, 623.6316070952893
Node 9663, 589.1628613257776
Node 2341, 68.05662463959476
Node 3950, 149.3314160849544
Node 13278, 1010.0142869212888
Node 8402, 456.0473033664488
Node 4073, 155.32289925909765
Node 13662, 1046.2023063541794
Node 13502, 1023.8220630745238
Node 13420, 1016.9808234561203
Node 7927, 415.77125690350044
Node 7100, 349.29407068713584
Node 3484, 123.74302699226102
Node 2282, 65.68260622032084
Node 6560, 310.1957050886375
Node 2240, 63.8323534935243
Node 1354, 18.50402976142036
Node 4385, 172.15439305100813
Node 1143, 1.1558020751048124
Node 13482, 1022.299050543315
Node 11295, 810.3098140731512
Node 6309, 292.3472782057508
Node 1318, 16.290102712928714
Node 1151, 1.8095691636176756
Node 5219, 221.107930022704
Node 1736, 40.83947550607588
Node 3081, 103.63479426388498
Node 1182, 4.855162038804003
Node 13309, 1011.1513126841074
Node 1586, 32.959665675221615
Node 1190, 5.813110710005731
Node 12907, 1003.4098529256679
Node 4283, 165.81011560151086
Node 3549, 127.41737214333475
Node 1237, 10.504278189395674
Node 3196, 109.87389699132892
Node 9647, 587.4710473275512
Node 3065, 102.63905397740025
Node 6461, 303.30107472756174
Node 2841, 90.97294230848757
Node 2690, 84.55444286207191
Node 4887, 202.32761079802654
Node 1658, 36.949938093153776
Node 13569, 1030.3540292411722
Node 12893, 1003.2236435542593
Node 12206, 962.3153951117633
Node 9148, 530.7567290051314
Node 6941, 339.2026278877416
Node 4495, 178.52722097321427
Node 1869, 47.743830666672466
Node 6658, 317.6690865310353
Node 3475, 123.32286236772136
Node 1155, 2.2889391104698005
Node 6385, 297.6968187761619
Node 1387, 20.782494117581702
Node 5603, 245.01714815732095
Node 2253, 64.43193246365301
Node 10760, 730.1349884653694
Node 1648, 36.202008424932416
Node 1259, 12.238314473851698
Node 10494, 693.7590190742893
Node 2187, 61.17577158515615
Node 1295, 14.769375767844531
Node 12306, 982.540092892915
Node 13506, 1024.1614483462806
Node 13291, 1010.3974297349756
Node 11667, 868.2689615848923
Node 4064, 155.05838782972955
Node 8905, 504.34495925420356
Node 6164, 281.93098290186526
Node 1265, 12.597227184506227
Node 2965, 97.63979003100407
Node 8363, 453.3990020068625
Node 13173, 1007.4674726165806
Node 10448, 687.212976686582
Node 8703, 486.1236124514655
Node 6796, 328.6749108734152
Node 6700, 320.52133559863336
Node 2715, 85.58556582125226
Node 5835, 260.4468156286988
Node 3074, 103.462341024653
Node 7560, 386.560717508779
Node 7399, 373.90958199054967
Node 2057, 56.01824708464707
Node 3460, 122.86217508535529
Node 1873, 47.92839703606122
Node 13163, 1007.3187746265621
Node 11049, 770.30279223146
Node 2659, 82.70129753304754
Node 3193, 109.84563786583684
Node 2362, 69.0168727520253
Node 12258, 972.5134304089355
Node 8817, 495.686045759131
Node 8664, 482.312656626397
Node 9419, 560.5192752978984
Node 1226, 9.943871634413417
Node 13391, 1015.2195353669663
Node 13332, 1012.3004236652519
Node 11358, 819.6663319909615
Node 4139, 158.56038481245997
Node 3117, 105.45199931263795
Node 1473, 25.75495684733397
Node 2868, 92.46729050185716
Node 1158, 2.6286825629838146
Node 1755, 41.72780216719906
Node 3976, 150.45955141290298
Node 2796, 88.88147029721053
Node 1502, 27.66768194273781
Node 10369, 674.9862679936156
Node 13329, 1012.2285672270174
Node 13212, 1008.2920137290728
Node 13924, 1236.3047412292356
Node 13604, 1035.0756017943975
Node 6926, 338.15082761661256
Node 1169, 3.3446134121281452
Node 6640, 316.3926600606233
Node 6161, 281.731344451322
Node 4820, 197.0768888232984
Node 5552, 241.7794683457992
Node 3620, 131.6525276559671
Node 2478, 74.56521383982229
Node 3465, 123.04578447784307
Node 3374, 118.46807550686036
Node 6588, 312.8655407530935
Node 11235, 799.3770239007561
Node 9996, 626.2581328568045
Node 1614, 34.68562172371815
Node 9022, 516.3589968343779
Node 6502, 305.6646048920713
Node 5072, 213.3721828978707
Node 2044, 55.19193284018498
Node 5034, 211.21488408076033
Node 3859, 144.0605448205411
Node 3561, 127.86506731688183
Node 2082, 57.075259975464995
Node 6373, 297.16344433926
Node 4384, 172.1481290041547
Node 2035, 54.86037319330979
Node 3830, 142.24916453533297
Node 2828, 90.53206660975087
Node 7811, 405.90732341750714
Node 4780, 195.14771751206212
Node 2739, 86.64337609620671
Node 11120, 782.0960549726424
Node 1432, 23.574915613609075
Node 9284, 545.4677872519163
Node 5053, 212.42508616172321
Node 3926, 147.61557944044125
Node 3855, 143.95344992697463
Node 2643, 81.93204583269798
Node 3741, 137.41435511447963
Node 4683, 190.11644038300545
Node 7425, 376.25622677339095
Node 4583, 184.2474751416456
Node 1388, 20.80514727172844
Node 1740, 40.95633080190707
Node 1677, 37.990621808345
Node 7208, 358.6209920450744
Node 6019, 271.8958762839521
Node 5436, 235.48690219705108
Node 2743, 86.76076974345185
Node 1263, 12.439723638486976
Node 13818, 1129.5700885774554
Node 11996, 929.5157883422273
Node 9093, 523.8187739833616
Node 1992, 53.03595881741342
Node 8204, 439.9568564076273
Node 7095, 349.05128036817973
Node 7925, 415.33266176447387
Node 5704, 251.33041777187515
Node 1189, 5.7894372531468585
Node 6984, 342.1916796734365
Node 2961, 97.5106945282519
Node 2186, 61.16286658615497
Node 13810, 1124.4652326432058
Node 13575, 1031.3373373716477
Node 7514, 383.8538035672291
Node 5526, 240.17419516591573
Node 6727, 323.11117313955486
Node 5165, 218.20372133072843
Node 1272, 13.062287876680006
Node 13012, 1004.5104676755165
Node 8948, 508.663016500388
Node 2393, 70.74200465453562
Node 11265, 802.4978063545615
Node 9591, 580.3997154923783
Node 5351, 229.46665293485182
Node 1622, 35.16406436107118
Node 1397, 21.34703268306836
Node 6648, 316.9588512390737
Node 3865, 144.51084241957162
Node 2852, 91.71597175613549
Node 1229, 10.028857446290733
Node 11053, 770.6177711306619
Node 1838, 46.43922869630219
Node 1405, 21.942860053188504
Node 4542, 181.7143560076988
Node 3791, 140.47348575461245
Node 4020, 152.90998865853715
Node 1146, 1.404392125666873
Node 3655, 132.94665947970398
Node 2856, 91.91807174064975
Node 1541, 30.273393444162817
Node 2543, 77.6309961426444
Node 2311, 66.80382483940609
Node 1290, 14.379485673266807
Node 13781, 1102.305351465795
Node 1969, 52.08224043518155
Node 13440, 1018.8069153741591
Node 10365, 674.6845862598888
Node 6499, 305.57973520060597
Node 2978, 98.11227627766846
Node 1437, 23.875064309774352
Node 4534, 181.08925925890424
Node 3778, 139.69792134904608
Node 3532, 126.33992841373566
Node 3772, 139.49718129597125
Node 12830, 1002.5384320949734
