node_generations, branch_length
1500.4997290708184, 14238.183761979211
249.5839607756402, 1250.9157682951782
0.0, 249.5839607756402
243.5875279424839, 5.9964328331563195
217.75754793759864, 25.829980004885243
198.09875925914824, 19.658788678450406
0.0, 198.09875925914824
0.0, 198.09875925914824
203.66762886168988, 14.089919075908767
100.99404660440595, 102.67358225728393
13.260317132807597, 87.73372947159835
0.0, 13.260317132807597
0.0, 13.260317132807597
84.32765240948532, 16.666394194920628
0.0, 84.32765240948532
0.0, 84.32765240948532
120.6749313822552, 82.99269747943468
0.0, 120.6749313822552
102.26009518330484, 18.414836198950354
0.0, 102.26009518330484
81.55821454825386, 20.701880635050983
0.0, 81.55821454825386
0.0, 81.55821454825386
224.30612438775094, 19.281403554732947
204.53556747267538, 19.77055691507556
0.0, 204.53556747267538
60.877397936916324, 143.65816953575904
0.0, 60.877397936916324
0.0, 60.877397936916324
221.356924750034, 2.94919963771693
209.21439673680263, 12.142528013231384
200.57134497868728, 8.643051758115348
0.0, 200.57134497868728
0.0, 200.57134497868728
200.81404910104797, 8.400347635754656
0.0, 200.81404910104797
182.74270999661528, 18.071339104432695
100.90540866685616, 81.83730132975911
10.629213849725085, 90.27619481713107
0.0, 10.629213849725085
0.0, 10.629213849725085
66.27466991390448, 34.630738752951686
0.0, 66.27466991390448
0.0, 66.27466991390448
155.3043104632193, 27.438399533395966
0.0, 155.3043104632193
0.0, 155.3043104632193
214.15552250903033, 7.201402241003677
80.56712416362939, 133.58839834540095
0.0, 80.56712416362939
0.0, 80.56712416362939
207.4679195467241, 6.687602962306244
0.0, 207.4679195467241
207.10549178453707, 0.3624277621870249
202.09997952027942, 5.005512264257646
97.16731068127885, 104.93266883900057
0.0, 97.16731068127885
71.90492330556462, 25.262387375714226
0.0, 71.90492330556462
5.1748966009890065, 66.73002670457562
0.0, 5.1748966009890065
4.5378101377644615, 0.637086463224545
0.0, 4.5378101377644615
1.3869645794213925, 3.150845558343069
0.0, 1.3869645794213925
0.0, 1.3869645794213925
200.28772272702903, 1.8122567932503841
0.0, 200.28772272702903
0.0, 200.28772272702903
206.5342722549607, 0.5712195295763536
132.23706124454588, 74.29721101041483
19.62123611103312, 112.61582513351277
0.0, 19.62123611103312
0.0, 19.62123611103312
34.74394267674414, 97.49311856780174
0.0, 34.74394267674414
0.0, 34.74394267674414
203.56423250554755, 2.9700397494131607
0.0, 203.56423250554755
203.03422296146286, 0.5300095440846917
87.88691854032892, 115.14730442113394
0.0, 87.88691854032892
0.0, 87.88691854032892
200.07291299676137, 2.961309964701485
0.0, 200.07291299676137
81.26233284472417, 118.8105801520372
0.0, 81.26233284472417
0.0, 81.26233284472417
774.5225840053665, 725.9771450654519
578.9850837366367, 195.5375002687298
220.4911327817555, 358.49395095488126
0.0, 220.4911327817555
206.74938962610932, 13.74174315564619
0.0, 206.74938962610932
205.98479538532308, 0.7645942407862378
200.01114429880215, 5.973651086520931
0.0, 200.01114429880215
129.29357358064425, 70.7175707181579
0.0, 129.29357358064425
38.375836596540246, 90.91773698410401
0.0, 38.375836596540246
0.0, 38.375836596540246
203.2099736688064, 2.7748217165166693
200.44012974100926, 2.7698439277971545
0.0, 200.44012974100926
99.3046305144031, 101.13549922660616
0.0, 99.3046305144031
0.0, 99.3046305144031
201.8986004024099, 1.3113732663965152
54.81437392906562, 147.08422647334427
0.0, 54.81437392906562
6.898123960359749, 47.91624996870587
0.0, 6.898123960359749
0.0, 6.898123960359749
77.37967114706937, 124.51892925534052
0.0, 77.37967114706937
24.451048657963657, 52.92862248910572
0.0, 24.451048657963657
0.0, 24.451048657963657
527.9377911390452, 51.047292597591536
245.40391341513163, 282.5338777239136
0.0, 245.40391341513163
215.71709527796884, 29.68681813716279
205.91677059948856, 9.80032467848028
94.02288045000232, 111.89389014948624
0.0, 94.02288045000232
68.69286374249667, 25.33001670750565
0.0, 68.69286374249667
20.55990662943293, 48.13295711306374
0.0, 20.55990662943293
0.0, 20.55990662943293
204.61691715328269, 1.2998534462058728
202.05684148402472, 2.5600756692579694
0.0, 202.05684148402472
201.58850936358388, 0.4683321204408344
0.0, 201.58850936358388
201.45297695817712, 0.1355324054067637
0.0, 201.45297695817712
200.9320850416846, 0.5208919164925305
2.4010624643485383, 198.53102257733605
0.0, 2.4010624643485383
0.0, 2.4010624643485383
200.05658818963647, 0.8754968520481157
0.0, 200.05658818963647
0.0, 200.05658818963647
202.34743902423222, 2.2694781290504693
0.0, 202.34743902423222
98.69128655186, 103.65615247237221
0.0, 98.69128655186
61.664101926314004, 37.027184625546
0.0, 61.664101926314004
0.0, 61.664101926314004
213.58479026378106, 2.1323050141877786
35.12647858766058, 178.45831167612047
0.0, 35.12647858766058
30.18748902052144, 4.938989567139139
0.0, 30.18748902052144
0.0, 30.18748902052144
144.75451411793637, 68.83027614584469
51.0133482597789, 93.74116585815747
0.0, 51.0133482597789
11.893484933192104, 39.119863326586795
0.0, 11.893484933192104
0.0, 11.893484933192104
128.7232195014805, 16.03129461645588
0.683434823292099, 128.0397846781884
0.0, 0.683434823292099
0.0, 0.683434823292099
5.9278967102851805, 122.7953227911953
0.0, 5.9278967102851805
0.0, 5.9278967102851805
510.1389144481551, 17.798876690890097
209.35676868534617, 300.7821457628089
203.62145711071335, 5.735311574632817
0.0, 203.62145711071335
103.89446668413648, 99.72699042657688
0.0, 103.89446668413648
0.0, 103.89446668413648
203.70454938322013, 5.652219302126042
49.404715316909645, 154.2998340663105
0.0, 49.404715316909645
0.0, 49.404715316909645
96.63998109668377, 107.06456828653636
0.0, 96.63998109668377
0.0, 96.63998109668377
235.0674121393778, 275.0715023087773
210.263630781806, 24.803781357571808
202.74743901855283, 7.516191763253175
17.29610593066975, 185.45133308788309
0.0, 17.29610593066975
0.0, 17.29610593066975
201.03485720915413, 1.7125818093986993
0.0, 201.03485720915413
125.95008943594566, 75.08476777320847
0.0, 125.95008943594566
125.13265165809258, 0.8174377778530726
0.0, 125.13265165809258
18.015557605639827, 107.11709405245276
0.0, 18.015557605639827
0.0, 18.015557605639827
205.86006549174635, 4.403565290059646
33.70116603746922, 172.15889945427713
0.0, 33.70116603746922
10.862088448447155, 22.839077589022068
0.0, 10.862088448447155
9.312273995736932, 1.5498144527102227
0.0, 9.312273995736932
0.0, 9.312273995736932
203.60011332091923, 2.2599521708271197
0.0, 203.60011332091923
37.38000510631747, 166.22010821460177
0.0, 37.38000510631747
12.860091783732766, 24.519913322584703
0.0, 12.860091783732766
0.0, 12.860091783732766
221.2417629271231, 13.825649212254717
218.82911645087245, 2.412646476250643
130.93573471431515, 87.8933817365573
0.0, 130.93573471431515
85.39604210989378, 45.53969260442136
0.0, 85.39604210989378
57.43685910984383, 27.959183000049954
0.0, 57.43685910984383
0.0, 57.43685910984383
218.40225899864723, 0.42685745222522087
208.82991431440905, 9.572344684238175
0.0, 208.82991431440905
201.716726095355, 7.113188219054052
0.0, 201.716726095355
99.37162046228124, 102.34510563307376
0.0, 99.37162046228124
0.0, 99.37162046228124
211.97120983829012, 6.431049160357105
0.0, 211.97120983829012
204.32487760158807, 7.646332236702051
201.15690690808236, 3.1679706935057084
0.0, 201.15690690808236
146.9379445876194, 54.218962320462964
0.0, 146.9379445876194
133.12217122126413, 13.815773366355273
23.846023460795426, 109.2761477604687
0.0, 23.846023460795426
15.608064032303039, 8.237959428492386
0.0, 15.608064032303039
0.0, 15.608064032303039
61.35801155897468, 71.76415966228944
0.0, 61.35801155897468
20.29502205029352, 41.062989508681156
0.0, 20.29502205029352
1.236776983669513, 19.058245066624007
0.0, 1.236776983669513
0.0, 1.236776983669513
203.52294661140505, 0.801930990183024
0.0, 203.52294661140505
189.10651969699705, 14.416426914407992
0.0, 189.10651969699705
43.65254727815366, 145.4539724188434
0.0, 43.65254727815366
13.379160520375347, 30.273386757778315
0.0, 13.379160520375347
0.0, 13.379160520375347
219.74630454422353, 1.4954583828995567
207.51294442567502, 12.233360118548518
202.33452492579156, 5.178419499883461
53.81960869376752, 148.51491623202404
0.0, 53.81960869376752
0.0, 53.81960869376752
153.63674589016384, 48.69777903562772
0.0, 153.63674589016384
16.5242318239419, 137.11251406622193
0.0, 16.5242318239419
0.0, 16.5242318239419
205.77606259615433, 1.7368818295206836
0.0, 205.77606259615433
202.62097320353269, 3.1550893926216474
0.0, 202.62097320353269
50.24940523326072, 152.37156797027197
37.49903900090475, 12.750366232355965
0.0, 37.49903900090475
0.0, 37.49903900090475
47.2878312333525, 2.961573999908218
0.0, 47.2878312333525
15.325354843209265, 31.962476390143234
0.0, 15.325354843209265
9.005261030664311, 6.320093812544954
0.0, 9.005261030664311
0.0, 9.005261030664311
212.44247192017062, 7.303832624052916
143.59012399376903, 68.85234792640159
13.341866071881457, 130.24825792188756
0.0, 13.341866071881457
0.0, 13.341866071881457
60.76268802222081, 82.82743597154823
27.10188612597643, 33.66080189624438
0.0, 27.10188612597643
0.0, 27.10188612597643
30.991799124306606, 29.7708888979142
0.0, 30.991799124306606
0.0, 30.991799124306606
205.73664352277586, 6.705828397394754
0.0, 205.73664352277586
205.39494267350008, 0.3417008492757816
0.0, 205.39494267350008
179.34286034127084, 26.052082332229247
0.0, 179.34286034127084
130.78225517418116, 48.560605167089676
0.0, 130.78225517418116
0.0, 130.78225517418116
616.0651357327171, 158.45744827264946
551.6536333617591, 64.41150237095792
207.3596726214295, 344.2939607403297
38.98499891395314, 168.37467370747635
0.0, 38.98499891395314
0.0, 38.98499891395314
202.189029798739, 5.170642822690496
0.0, 202.189029798739
53.89084443974463, 148.29818535899437
0.0, 53.89084443974463
0.0, 53.89084443974463
467.7195573800573, 83.93407598170182
280.0191517578936, 187.70040562216371
215.43014232207108, 64.58900943582253
0.0, 215.43014232207108
201.75077423386816, 13.67936808820292
122.31863119485236, 79.4321430390158
0.0, 122.31863119485236
99.41599619911801, 22.902634995734346
0.0, 99.41599619911801
88.88617729561048, 10.529818903507532
0.0, 88.88617729561048
0.0, 88.88617729561048
127.31396334538515, 74.43681088848301
0.0, 127.31396334538515
81.4801109714653, 45.833852373919854
0.0, 81.4801109714653
22.462561833751717, 59.01754913771357
0.0, 22.462561833751717
19.365937190187758, 3.0966246435639597
0.0, 19.365937190187758
0.0, 19.365937190187758
260.6160004584895, 19.4031512994041
204.17001719144318, 56.44598326704633
0.0, 204.17001719144318
139.11798766687903, 65.05202952456415
0.0, 139.11798766687903
95.2999725745998, 43.818015092279225
0.0, 95.2999725745998
0.0, 95.2999725745998
216.0493988983175, 44.56660156017202
0.0, 216.0493988983175
202.69763729311262, 13.35176160520487
0.0, 202.69763729311262
14.859339578682743, 187.83829771442987
0.0, 14.859339578682743
0.0, 14.859339578682743
430.7871371378113, 36.932420242245996
290.83189806972564, 139.9552390680857
268.6543347830943, 22.17756328663131
218.509439519979, 50.14489526311533
0.0, 218.509439519979
206.2005871290964, 12.308852390882606
0.0, 206.2005871290964
38.87345903801532, 167.32712809108108
0.0, 38.87345903801532
0.0, 38.87345903801532
219.16630883411133, 49.488025948982994
215.74402825177873, 3.422280582332604
61.46796434509723, 154.2760639066815
0.0, 61.46796434509723
41.829756829257654, 19.638207515839575
0.0, 41.829756829257654
2.949541361713292, 38.88021546754436
0.0, 2.949541361713292
0.0, 2.949541361713292
212.69084857256166, 3.0531796792170667
202.62582968422245, 10.06501888833921
0.0, 202.62582968422245
77.7470582189018, 124.87877146532065
0.0, 77.7470582189018
64.63192179438896, 13.11513642451284
18.054646449438568, 46.577275344950394
0.0, 18.054646449438568
14.902828015363086, 3.151818434075482
0.0, 14.902828015363086
1.8907422630586455, 13.01208575230444
0.0, 1.8907422630586455
0.0, 1.8907422630586455
19.823992117149476, 44.807929677239485
0.0, 19.823992117149476
0.0, 19.823992117149476
204.34965508353272, 8.341193489028939
186.8283015715238, 17.521353512008915
79.86569521928614, 106.96260635223767
3.651676142171724, 76.21401907711441
0.0, 3.651676142171724
0.0, 3.651676142171724
58.51298191459168, 21.35271330469446
0.0, 58.51298191459168
0.0, 58.51298191459168
107.81622271304258, 79.01207885848123
0.0, 107.81622271304258
0.0, 107.81622271304258
202.64587773557824, 1.7037773479544853
86.26271987348257, 116.38315786209567
0.0, 86.26271987348257
4.959006774345799, 81.30371309913677
0.0, 4.959006774345799
0.0, 4.959006774345799
110.8211622075905, 91.82471552798773
39.3628753148062, 71.4582868927843
0.0, 39.3628753148062
0.0, 39.3628753148062
63.62278240712408, 47.19837980046643
0.0, 63.62278240712408
0.0, 63.62278240712408
218.91191312058703, 0.25439571352430335
74.69849358655469, 144.21341953403234
0.0, 74.69849358655469
22.318527115833028, 52.37996647072166
0.0, 22.318527115833028
8.037260838503418, 14.28126627732961
0.0, 8.037260838503418
0.0, 8.037260838503418
209.77570370597036, 9.136209414616673
148.96875451890014, 60.80694918707022
0.0, 148.96875451890014
108.61825990158663, 40.350494617313515
0.0, 108.61825990158663
81.43815236011913, 27.180107541467493
0.0, 81.43815236011913
9.611999812546257, 71.82615254757287
0.0, 9.611999812546257
0.0, 9.611999812546257
205.9685211788521, 3.8071825271182718
18.563397570930423, 187.40512360792167
0.0, 18.563397570930423
16.31108742588108, 2.252310145049343
0.0, 16.31108742588108
0.0, 16.31108742588108
204.06158249448845, 1.906938684363638
0.0, 204.06158249448845
135.66549129040874, 68.39609120407971
0.0, 135.66549129040874
75.05156935551939, 60.61392193488935
0.0, 75.05156935551939
0.0, 75.05156935551939
287.0250259221171, 3.8068721476085443
210.20011726197643, 76.82490866014066
200.95531994998072, 9.244797311995711
43.29918787337707, 157.65613207660365
0.0, 43.29918787337707
11.149612392509193, 32.14957548086788
0.0, 11.149612392509193
0.0, 11.149612392509193
48.693787597281, 152.2615323526997
0.0, 48.693787597281
0.0, 48.693787597281
202.04550412484411, 8.154613137132316
158.59884082957592, 43.446663295268195
0.0, 158.59884082957592
122.27095040940699, 36.32789042016893
0.0, 122.27095040940699
0.0, 122.27095040940699
200.12477924597005, 1.9207248788740685
0.0, 200.12477924597005
176.48626701301885, 23.6385122329512
0.0, 176.48626701301885
13.750062635342427, 162.73620437767642
0.0, 13.750062635342427
0.0, 13.750062635342427
267.0443607621636, 19.980665159953503
227.63096465108802, 39.41339611107557
202.50770653460043, 25.12325811648759
98.44504091343715, 104.06266562116328
0.0, 98.44504091343715
50.73122154121553, 47.71381937222162
0.0, 50.73122154121553
15.43158504177761, 35.29963649943792
0.0, 15.43158504177761
0.0, 15.43158504177761
200.78504875988259, 1.7226577747178453
0.0, 200.78504875988259
2.2796191646493362, 198.50542959523324
0.0, 2.2796191646493362
0.0, 2.2796191646493362
214.01335380930124, 13.617610841786785
210.302041285129, 3.7113125241722287
80.67255861426264, 129.62948267086637
0.0, 80.67255861426264
8.30820277967357, 72.36435583458908
0.0, 8.30820277967357
0.0, 8.30820277967357
209.6176056837188, 0.6844356014102004
61.36973372312112, 148.24787196059768
0.0, 61.36973372312112
3.7781825083612457, 57.591551214759875
0.0, 3.7781825083612457
0.0, 3.7781825083612457
208.24771974732786, 1.3698859363909435
0.0, 208.24771974732786
127.08526221866586, 81.162457528662
0.0, 127.08526221866586
119.27362546259414, 7.811636756071721
36.7848122188882, 82.48881324370595
0.0, 36.7848122188882
0.0, 36.7848122188882
58.69843454218895, 60.57519092040519
10.045148915634075, 48.653285626554876
0.0, 10.045148915634075
0.0, 10.045148915634075
54.389485500053524, 4.308949042135424
0.0, 54.389485500053524
0.0, 54.389485500053524
213.86517957503406, 0.1481742342671737
0.0, 213.86517957503406
211.79959793765985, 2.0655816373742084
203.3908330731896, 8.408764864470243
0.0, 203.3908330731896
0.0, 203.3908330731896
209.05588530362414, 2.7437126340357167
110.2705812839824, 98.78530401964174
0.0, 110.2705812839824
79.19756120545074, 31.073020078531655
0.0, 79.19756120545074
48.016135577626, 31.181425627824737
0.0, 48.016135577626
0.0, 48.016135577626
187.85964168982383, 21.196243613800306
0.0, 187.85964168982383
0.0, 187.85964168982383
251.22015013374647, 15.82421062841712
203.26850839804027, 47.951641735706204
185.50763632157853, 17.760872076461737
103.36794084934192, 82.13969547223661
0.0, 103.36794084934192
50.6137363376332, 52.75420451170872
0.0, 50.6137363376332
22.366939858603228, 28.24679647902997
4.084295840973291, 18.282644017629938
0.0, 4.084295840973291
0.0, 4.084295840973291
18.062334486622408, 4.30460537198082
0.0, 18.062334486622408
0.0, 18.062334486622408
174.77261029647315, 10.735026025105384
0.0, 174.77261029647315
113.37939991034085, 61.393210386132296
0.0, 113.37939991034085
50.48976387414768, 62.889636036193174
0.0, 50.48976387414768
0.0, 50.48976387414768
203.03257135557777, 0.23593704246249558
0.0, 203.03257135557777
200.14833728871287, 2.884234066864906
88.42586109752874, 111.72247619118413
0.0, 88.42586109752874
0.0, 88.42586109752874
174.79340009658813, 25.354937192124737
0.0, 174.79340009658813
0.0, 174.79340009658813
223.74028231058873, 27.479867823157747
206.27876973789108, 17.461512572697643
200.31810332507504, 5.960666412816039
62.32894854777671, 137.98915477729832
25.78625573425113, 36.542692813525576
0.0, 25.78625573425113
0.0, 25.78625573425113
49.75089510020308, 12.57805344757363
0.0, 49.75089510020308
40.74946758974036, 9.001427510462719
0.0, 40.74946758974036
0.0, 40.74946758974036
143.20118707970565, 57.116916245369396
0.0, 143.20118707970565
60.7356827625401, 82.46550431716554
0.0, 60.7356827625401
19.27796015893747, 41.45772260360263
0.0, 19.27796015893747
0.6038846277425824, 18.674075531194887
0.0, 0.6038846277425824
0.0, 0.6038846277425824
204.988753642617, 1.2900160952740691
0.0, 204.988753642617
113.33717572687641, 91.6515779157406
87.2814074048417, 26.05576832203471
0.0, 87.2814074048417
0.0, 87.2814074048417
111.38450130359264, 1.9526744232837672
0.0, 111.38450130359264
0.0, 111.38450130359264
214.8042759926405, 8.936006317948227
0.0, 214.8042759926405
211.96686372891244, 2.837412263728055
204.81720422306051, 7.149659505851929
92.68151927842217, 112.13568494463834
30.475725408171574, 62.2057938702506
0.0, 30.475725408171574
0.0, 30.475725408171574
70.72404283738811, 21.95747644103406
0.0, 70.72404283738811
35.09555723322621, 35.6284856041619
0.0, 35.09555723322621
2.4418418436325036, 32.65371538959371
0.0, 2.4418418436325036
0.0, 2.4418418436325036
203.59745542808326, 1.2197487949772494
173.50996487957516, 30.0874905485081
0.0, 173.50996487957516
117.56909304816573, 55.94087183140944
19.776889282223618, 97.7922037659421
0.0, 19.776889282223618
0.0, 19.776889282223618
31.39133742798328, 86.17775562018244
0.0, 31.39133742798328
0.0, 31.39133742798328
201.90260091143782, 1.6948545166454494
15.638879577579495, 186.2637213338583
0.0, 15.638879577579495
14.075897803240196, 1.562981774339299
0.0, 14.075897803240196
13.066000134567885, 1.009897668672311
0.0, 13.066000134567885
2.8315963861079276, 10.234403748459957
0.0, 2.8315963861079276
0.0, 2.8315963861079276
201.04384405431472, 0.8587568571230975
0.0, 201.04384405431472
0.0, 201.04384405431472
209.11517320487494, 2.851690524037508
134.78718214096125, 74.32799106391369
0.0, 134.78718214096125
56.746834128657675, 78.04034801230358
0.0, 56.746834128657675
5.458656718431332, 51.28817741022634
0.0, 5.458656718431332
0.0, 5.458656718431332
207.01623753815693, 2.098935666718006
0.0, 207.01623753815693
0.0, 207.01623753815693
314.1575818979203, 116.62955523989103
266.60819203284086, 47.54938986507943
229.24929360143759, 37.358898431403276
0.0, 229.24929360143759
222.19540944397266, 7.053884157464921
127.38008814230813, 94.81532130166454
0.0, 127.38008814230813
0.0, 127.38008814230813
222.0993845442348, 0.09602489973786987
53.08549342575877, 169.013891118476
0.0, 53.08549342575877
49.425535956806534, 3.6599574689522356
0.0, 49.425535956806534
1.1158839896470094, 48.309651967159525
0.0, 1.1158839896470094
0.0, 1.1158839896470094
209.1077786862203, 12.99160585801448
0.0, 209.1077786862203
0.0, 209.1077786862203
252.5765083455957, 14.031683687245163
89.18485023178052, 163.3916581138152
0.0, 89.18485023178052
10.410816323103772, 78.77403390867674
0.0, 10.410816323103772
0.0, 10.410816323103772
248.06744062075916, 4.509067724836541
242.65734278557596, 5.410097835183194
206.2181286452202, 36.43921414035577
0.0, 206.2181286452202
200.01485891447376, 6.2032697307464275
0.0, 200.01485891447376
188.62353377030254, 11.391325144171219
100.63317532862553, 87.99035844167702
0.0, 100.63317532862553
79.48650860538837, 21.14666672323716
0.0, 79.48650860538837
0.0, 79.48650860538837
103.65046645358602, 84.97306731671652
0.0, 103.65046645358602
47.01586426823401, 56.63460218535201
0.0, 47.01586426823401
37.6036819908296, 9.412182277404412
0.0, 37.6036819908296
0.0, 37.6036819908296
221.17195660853474, 21.48538617704122
213.64592458628783, 7.526032022246909
200.07953980154826, 13.566384784739569
0.0, 200.07953980154826
188.13806533256314, 11.94147446898512
0.0, 188.13806533256314
31.981840710999293, 156.15622462156387
0.0, 31.981840710999293
0.0, 31.981840710999293
209.82492382261555, 3.821000763672288
201.5662842544271, 8.258639568188443
0.0, 201.5662842544271
105.21137455553082, 96.35490969889628
0.0, 105.21137455553082
30.962572790524625, 74.24880176500619
0.0, 30.962572790524625
0.0, 30.962572790524625
208.57463989345038, 1.250283929165164
0.5176534857920877, 208.0569864076583
0.0, 0.5176534857920877
0.0, 0.5176534857920877
123.0279863097426, 85.54665358370778
0.0, 123.0279863097426
0.0, 123.0279863097426
219.4056894095118, 1.7662671990229342
209.8393847251906, 9.56630468432121
0.0, 209.8393847251906
206.72459367894595, 3.1147910462446475
203.82498553325854, 2.8996081456874094
0.0, 203.82498553325854
146.04835871920426, 57.77662681405428
0.0, 146.04835871920426
111.38534129683721, 34.66301742236705
0.0, 111.38534129683721
0.0, 111.38534129683721
204.38224764554585, 2.342346033400105
0.0, 204.38224764554585
196.10467781702238, 8.277569828523468
0.0, 196.10467781702238
31.237974988953063, 164.86670282806932
0.0, 31.237974988953063
3.84237776881654, 27.395597220136523
0.0, 3.84237776881654
0.0, 3.84237776881654
212.73605850850788, 6.669630901003927
162.38618833370793, 50.349870174799946
2.585989958767604, 159.80019837494032
0.0, 2.585989958767604
0.0, 2.585989958767604
48.29516090735851, 114.09102742634943
0.0, 48.29516090735851
22.77490026203554, 25.520260645322967
0.0, 22.77490026203554
0.0, 22.77490026203554
212.40646137424557, 0.32959713426231474
165.8002264577643, 46.60623491648127
0.0, 165.8002264577643
40.57401903336921, 125.22620742439508
0.0, 40.57401903336921
0.0, 40.57401903336921
211.74284197726385, 0.6636193969817157
16.98400408134631, 194.75883789591754
0.0, 16.98400408134631
0.0, 16.98400408134631
204.06519710499265, 7.677644872271202
185.16433209048955, 18.900865014503097
0.0, 185.16433209048955
61.36386398435828, 123.80046810613126
0.0, 61.36386398435828
0.0, 61.36386398435828
188.5860210052612, 15.479176099731461
0.0, 188.5860210052612
69.57298954355488, 119.0130314617063
0.0, 69.57298954355488
0.0, 69.57298954355488
244.24964648205994, 3.817794138699213
0.0, 244.24964648205994
224.54297125634216, 19.706675225717788
203.61027843951007, 20.932692816832088
7.6123825963028935, 195.99789584320717
0.0, 7.6123825963028935
0.0, 7.6123825963028935
80.4277418985452, 123.18253654096488
0.0, 80.4277418985452
0.0, 80.4277418985452
216.96694029601767, 7.576030960324488
206.24266038267018, 10.724279913347488
135.4012783717883, 70.84138201088189
92.33856875861117, 43.06270961317712
0.0, 92.33856875861117
0.0, 92.33856875861117
112.10154725047695, 23.29973112131134
70.96741726561693, 41.134129984860024
0.0, 70.96741726561693
0.0, 70.96741726561693
101.05280273235175, 11.048744518125204
0.0, 101.05280273235175
96.21492415686284, 4.837878575488915
0.0, 96.21492415686284
19.783950835447225, 76.4309733214156
0.0, 19.783950835447225
0.0, 19.783950835447225
200.03616647385078, 6.206493908819397
0.0, 200.03616647385078
71.44592459658385, 128.59024187726692
0.0, 71.44592459658385
0.0, 71.44592459658385
209.44944360428747, 7.5174966917302015
0.0, 209.44944360428747
208.07732546128437, 1.3721181430030924
93.20052413335489, 114.87680132792948
0.0, 93.20052413335489
64.25206172106898, 28.948462412285906
0.0, 64.25206172106898
59.94578374136371, 4.306277979705271
14.648039034309887, 45.29774470705382
0.0, 14.648039034309887
0.0, 14.648039034309887
32.33825684314797, 27.607526898215745
0.0, 32.33825684314797
30.873472118049904, 1.4647847250980632
0.0, 30.873472118049904
0.0, 30.873472118049904
204.58341196157446, 3.493913499709919
202.68080251994203, 1.9026094416324213
163.52719283778038, 39.15360968216166
0.0, 163.52719283778038
81.15842587264055, 82.36876696513983
0.0, 81.15842587264055
0.0, 81.15842587264055
201.06033928097403, 1.620463238968
3.558690841850507, 197.50164843912353
0.0, 3.558690841850507
2.4226423684310556, 1.1360484734194514
0.0, 2.4226423684310556
0.0, 2.4226423684310556
23.703585428526544, 177.3567538524475
0.0, 23.703585428526544
0.0, 23.703585428526544
204.14778745518132, 0.43562450639313965
201.16903095414554, 2.9787565010357753
0.0, 201.16903095414554
49.56207712367014, 151.6069538304754
20.2503031767467, 29.31177394692344
0.0, 20.2503031767467
0.0, 20.2503031767467
48.60514528880902, 0.9569318348611233
0.0, 48.60514528880902
0.0, 48.60514528880902
202.65280831431838, 1.494979140862938
136.70422278706494, 65.94858552725344
16.914039945476862, 119.79018284158808
0.0, 16.914039945476862
0.0, 16.914039945476862
105.19234442179086, 31.51187836527407
0.0, 105.19234442179086
0.0, 105.19234442179086
201.6420226462444, 1.0107856680739644
0.0, 201.6420226462444
0.0, 201.6420226462444
282.3377060263518, 31.819875871568513
50.61468814754088, 231.7230178788109
0.0, 50.61468814754088
22.1459822605508, 28.468705886990083
0.0, 22.1459822605508
9.18797319429824, 12.95800906625256
0.0, 9.18797319429824
0.0, 9.18797319429824
205.59676075764435, 76.74094526870743
201.0558405289358, 4.540920228708558
0.0, 201.0558405289358
102.00264542414209, 99.0531951047937
0.0, 102.00264542414209
95.6943596212435, 6.308285802898581
0.0, 95.6943596212435
0.0, 95.6943596212435
201.46997129937233, 4.126789458272015
164.54478920572086, 36.92518209365147
0.0, 164.54478920572086
0.0, 164.54478920572086
178.83666589010082, 22.633305409271514
0.0, 178.83666589010082
160.52047437917514, 18.316191510925677
0.0, 160.52047437917514
0.0, 160.52047437917514
586.3407860204486, 29.724349712268463
430.4836457470262, 155.85714027342243
316.87493824369125, 113.60870750333493
221.44513058922246, 95.42980765446879
203.39425879645486, 18.050871792767595
10.13934770804234, 193.2549110884125
0.0, 10.13934770804234
0.0, 10.13934770804234
88.50325847407764, 114.89100032237722
0.0, 88.50325847407764
0.0, 88.50325847407764
204.93287592906802, 16.51225466015444
0.0, 204.93287592906802
100.98225578738477, 103.95062014168325
0.0, 100.98225578738477
7.42433930089761, 93.55791648648716
0.0, 7.42433930089761
4.375079127123681, 3.049260173773929
0.0, 4.375079127123681
0.0, 4.375079127123681
271.1390303709787, 45.73590787271257
243.6329880579256, 27.506042313053086
115.75787527712144, 127.87511278080414
48.89012412934262, 66.86775114777882
0.0, 48.89012412934262
0.0, 48.89012412934262
71.71787673076152, 44.039998546359925
0.0, 71.71787673076152
37.19364004220017, 34.524236688561345
0.0, 37.19364004220017
1.7244386927759252, 35.469201349424246
0.0, 1.7244386927759252
0.0, 1.7244386927759252
219.4525983879406, 24.180389669984976
207.89334023459233, 11.559258153348281
207.6396501169374, 0.25369011765494065
0.0, 207.6396501169374
115.65645842309036, 91.98319169384703
0.0, 115.65645842309036
61.202326464419954, 54.4541319586704
0.0, 61.202326464419954
0.0, 61.202326464419954
207.7413426168389, 0.15199761775343745
196.86165018024516, 10.879692436593729
15.735854526673046, 181.1257956535721
0.0, 15.735854526673046
0.0, 15.735854526673046
46.4906943093712, 150.37095587087396
0.0, 46.4906943093712
0.0, 46.4906943093712
201.38730573474808, 6.35403688209081
0.0, 201.38730573474808
200.7149612575169, 0.672344477231178
83.80144063369093, 116.91352062382597
0.0, 83.80144063369093
22.880166491096606, 60.92127414259433
0.0, 22.880166491096606
0.0, 22.880166491096606
200.4732933895457, 0.2416678679712163
58.91373707594329, 141.5595563136024
4.8334988254283795, 54.08023825051491
0.0, 4.8334988254283795
0.0, 4.8334988254283795
5.5382628763100135, 53.375474199633274
0.0, 5.5382628763100135
0.0, 5.5382628763100135
134.1240862408675, 66.34920714867818
0.0, 134.1240862408675
0.0, 134.1240862408675
209.30345805452308, 10.149140333417535
202.3148073195393, 6.988650734983764
0.0, 202.3148073195393
67.30840189006204, 135.00640542947727
0.0, 67.30840189006204
0.0, 67.30840189006204
209.29590819143036, 0.007549863092719988
200.73955552883672, 8.556352662593639
0.0, 200.73955552883672
200.70179885305132, 0.03775667578540265
0.0, 200.70179885305132
109.13940951467252, 91.5623893383788
0.0, 109.13940951467252
12.061435845127937, 97.07797366954459
0.0, 12.061435845127937
0.0, 12.061435845127937
205.57013419732615, 3.725773994104202
183.25515259151092, 22.314981605815234
0.0, 183.25515259151092
130.72371055407555, 52.53144203743537
9.652889232099033, 121.07082132197652
0.0, 9.652889232099033
0.0, 9.652889232099033
116.51813024014027, 14.205580313935286
0.0, 116.51813024014027
6.5621944187813215, 109.95593582135895
0.0, 6.5621944187813215
0.0, 6.5621944187813215
201.64741958123918, 3.922714616086978
58.58114232388712, 143.06627725735206
0.0, 58.58114232388712
49.93646903315454, 8.644673290732584
0.0, 49.93646903315454
0.0, 49.93646903315454
201.1208759732554, 0.5265436079837684
48.98431638799303, 152.13655958526238
0.0, 48.98431638799303
1.621049620924553, 47.36326676706848
0.0, 1.621049620924553
0.7620877730031498, 0.8589618479214033
0.0, 0.7620877730031498
0.0, 0.7620877730031498
200.38693780048624, 0.7339381727691716
0.0, 200.38693780048624
65.97282912340118, 134.41410867708504
0.0, 65.97282912340118
9.898421938453202, 56.07440718494798
0.0, 9.898421938453202
0.0, 9.898421938453202
246.37622980803536, 24.762800562943312
188.04779205270626, 58.328437755329105
152.96153659894773, 35.086255453758525
0.0, 152.96153659894773
56.889728152335245, 96.0718084466125
0.0, 56.889728152335245
51.80020458961075, 5.089523562724494
0.0, 51.80020458961075
0.0, 51.80020458961075
163.71294116020775, 24.33485089249851
0.0, 163.71294116020775
18.643322835851304, 145.06961832435644
0.0, 18.643322835851304
0.15866027295789306, 18.484662562893412
0.0, 0.15866027295789306
0.0, 0.15866027295789306
216.9767436411223, 29.39948616691305
203.15812694037706, 13.818616700745253
0.0, 203.15812694037706
178.33772534307022, 24.82040159730684
0.0, 178.33772534307022
24.511101405070203, 153.826623938
0.0, 24.511101405070203
20.067329115429036, 4.443772289641167
0.0, 20.067329115429036
14.45175653616218, 5.615572579266857
0.0, 14.45175653616218
0.0, 14.45175653616218
205.3312643513168, 11.645479289805508
203.46405148769577, 1.8672128636210346
49.79398923183727, 153.6700622558585
0.0, 49.79398923183727
35.09390766041238, 14.700081571424896
0.0, 35.09390766041238
0.0, 35.09390766041238
202.07100608117227, 1.3930454065234983
0.0, 202.07100608117227
0.0, 202.07100608117227
203.861369496927, 1.4698948543897927
0.0, 203.861369496927
143.1023263581419, 60.7590431387851
113.48030776239122, 29.62201859575069
0.0, 113.48030776239122
0.0, 113.48030776239122
140.4268013804897, 2.675524977652202
0.0, 140.4268013804897
99.24287579443592, 41.18392558605379
6.60156172286334, 92.64131407157258
0.0, 6.60156172286334
0.0, 6.60156172286334
35.0871626014091, 64.15571319302683
0.0, 35.0871626014091
0.0, 35.0871626014091
345.0076519973088, 85.47599374971736
262.4066416379281, 82.60101035938072
236.88158749906788, 25.525054138860213
117.15044906745646, 119.73113843161141
0.0, 117.15044906745646
0.0, 117.15044906745646
201.67914275626916, 35.20244474279872
124.64953887782488, 77.02960387844428
0.0, 124.64953887782488
64.99732856221908, 59.6522103156058
0.0, 64.99732856221908
46.484918669522486, 18.512409892696596
0.0, 46.484918669522486
0.0, 46.484918669522486
199.61530921297228, 2.06383354329688
0.0, 199.61530921297228
99.83957535637893, 99.77573385659335
0.0, 99.83957535637893
69.82873420561934, 30.01084115075959
34.93984288013936, 34.88889132547998
0.0, 34.93984288013936
0.0, 34.93984288013936
49.223820769698186, 20.604913435921155
0.0, 49.223820769698186
14.177880657116338, 35.045940112581846
0.0, 14.177880657116338
0.0, 14.177880657116338
243.84138609837106, 18.56525553955703
224.52110886318198, 19.32027723518908
44.47580572602251, 180.04530313715946
0.0, 44.47580572602251
0.0, 44.47580572602251
196.66053702666616, 27.860571836515817
0.0, 196.66053702666616
142.92029845463745, 53.740238572028716
15.254693715795788, 127.66560473884167
0.0, 15.254693715795788
0.0, 15.254693715795788
99.97343909494033, 42.946859359697115
0.0, 99.97343909494033
0.0, 99.97343909494033
241.84494385701868, 1.9964422413523835
212.438978079518, 29.405965777500683
0.0, 212.438978079518
125.66989451428509, 86.7690835652329
0.0, 125.66989451428509
34.42335419478043, 91.24654031950466
0.0, 34.42335419478043
0.0, 34.42335419478043
221.55289285336403, 20.29205100365465
211.85457838797336, 9.698314465390666
89.04569579583882, 122.80888259213454
0.0, 89.04569579583882
0.0, 89.04569579583882
200.7600763418622, 11.09450204611116
7.542607000405662, 193.21746934145654
0.0, 7.542607000405662
0.0, 7.542607000405662
34.979135817105615, 165.7809405247566
0.0, 34.979135817105615
0.0, 34.979135817105615
213.32555652221785, 8.227336331146176
0.0, 213.32555652221785
203.05899200340195, 10.266564518815898
157.95829029683878, 45.10070170656317
0.0, 157.95829029683878
117.53089813086267, 40.427392165976116
0.0, 117.53089813086267
98.02165144971035, 19.50924668115232
0.0, 98.02165144971035
0.0, 98.02165144971035
201.69003323673894, 1.3689587666630132
0.0, 201.69003323673894
0.0, 201.69003323673894
311.69449349812055, 33.31315849918826
236.07960510092738, 75.61488839719317
204.1800691543293, 31.899535946598093
0.0, 204.1800691543293
201.75387255858155, 2.42619659574774
148.1491655603982, 53.60470699818336
81.09730655771726, 67.05185900268093
0.0, 81.09730655771726
46.24842162320177, 34.84888493451549
0.0, 46.24842162320177
0.0, 46.24842162320177
141.3977786463919, 6.751386914006275
0.0, 141.3977786463919
102.57723747779768, 38.82054116859423
0.0, 102.57723747779768
0.0, 102.57723747779768
167.33943705153757, 34.414435507043976
82.91959749922572, 84.41983955231186
47.03438054228428, 35.885216956941434
0.0, 47.03438054228428
29.47047346155959, 17.563907080724693
0.0, 29.47047346155959
15.753144910693546, 13.717328550866043
0.0, 15.753144910693546
0.0, 15.753144910693546
55.46734160860721, 27.45225589061851
0.0, 55.46734160860721
0.0, 55.46734160860721
160.22290481517246, 7.116532236365117
0.0, 160.22290481517246
0.0, 160.22290481517246
235.77934321643767, 0.30026188448971425
8.24900119564854, 227.53034202078913
0.0, 8.24900119564854
0.0, 8.24900119564854
204.96531535951146, 30.814027856926202
203.96743884112857, 0.9978765183828955
201.5560393512255, 2.4113994899030615
110.20632618407528, 91.34971316715023
0.0, 110.20632618407528
0.0, 110.20632618407528
200.22801294291725, 1.3280264083082614
0.0, 200.22801294291725
62.44546194540253, 137.7825509975147
0.0, 62.44546194540253
0.0, 62.44546194540253
202.91352847613393, 1.0539103649946355
88.6926517718998, 114.22087670423413
5.547086395121882, 83.14556537677792
0.0, 5.547086395121882
0.0, 5.547086395121882
45.76924579736004, 42.92340597453976
0.0, 45.76924579736004
29.40805650958482, 16.361189287775222
0.0, 29.40805650958482
13.118601650653122, 16.2894548589317
0.0, 13.118601650653122
0.0, 13.118601650653122
200.5650313148448, 2.3484971612891457
193.24314819285004, 7.321883121994745
0.0, 193.24314819285004
112.44926017587042, 80.79388801697962
0.0, 112.44926017587042
34.05568317862906, 78.39357699724135
0.0, 34.05568317862906
0.0, 34.05568317862906
200.14139221429923, 0.4236391005455573
0.0, 200.14139221429923
187.03700713228292, 13.104385082016307
0.0, 187.03700713228292
0.0, 187.03700713228292
204.70454162768863, 0.26077373182283736
0.0, 204.70454162768863
0.0, 204.70454162768863
308.04819389641506, 3.6462996017054934
292.2180232189679, 15.830170677447143
204.47532069502873, 87.74270252393919
18.56115198233959, 185.91416871268913
1.9356444378975424, 16.625507544442048
0.0, 1.9356444378975424
0.0, 1.9356444378975424
9.449030277435309, 9.112121704904283
0.0, 9.449030277435309
0.0, 9.449030277435309
138.60614309329299, 65.86917760173574
0.0, 138.60614309329299
109.82078700677332, 28.78535608651967
0.0, 109.82078700677332
104.786142635453, 5.0346443713203115
0.0, 104.786142635453
77.09569481229343, 27.690447823159573
0.0, 77.09569481229343
16.978824420877686, 60.116870391415745
0.0, 16.978824420877686
0.0, 16.978824420877686
223.99498732258374, 68.22303589638418
206.6922547256392, 17.302732596944537
0.0, 206.6922547256392
205.39026078859845, 1.3019939370407485
0.0, 205.39026078859845
204.19950049161466, 1.1907602969837967
74.2460063561942, 129.95349413542044
0.0, 74.2460063561942
66.1092034461938, 8.136802910000398
0.0, 66.1092034461938
0.0, 66.1092034461938
114.28876730798743, 89.91073318362723
0.0, 114.28876730798743
3.8256098344178797, 110.46315747356955
0.0, 3.8256098344178797
0.0, 3.8256098344178797
216.71246474449975, 7.282522578083984
205.51898287646267, 11.193481868037082
148.19568797595895, 57.323294900503726
0.0, 148.19568797595895
2.235859721789496, 145.95982825416945
0.0, 2.235859721789496
0.0, 2.235859721789496
200.63851754980692, 4.880465326655752
26.279788385130562, 174.35872916467636
0.0, 26.279788385130562
0.0, 26.279788385130562
173.45675687115818, 27.181760678648743
0.0, 173.45675687115818
0.0, 173.45675687115818
212.39619682003237, 4.3162679244673825
206.88882945750896, 5.507367362523411
0.0, 206.88882945750896
149.98142632004138, 56.90740313746758
0.0, 149.98142632004138
63.10863380951743, 86.87279251052395
0.0, 63.10863380951743
0.0, 63.10863380951743
210.40501238074222, 1.9911844392901514
22.188043099871138, 188.21696928087107
0.0, 22.188043099871138
8.352097462275829, 13.835945637595309
0.0, 8.352097462275829
3.815722939952688, 4.536374522323141
0.0, 3.815722939952688
0.0, 3.815722939952688
207.89717832206017, 2.5078340586820502
0.0, 207.89717832206017
149.04700032648347, 58.8501779955767
0.0, 149.04700032648347
0.0, 149.04700032648347
293.11343117219667, 14.934762724218388
0.0, 293.11343117219667
245.00154120344203, 48.11188996875464
204.81168802598506, 40.18985317745697
94.2052721580434, 110.60641586794166
0.0, 94.2052721580434
79.66504124865895, 14.540230909384448
0.6609148894878747, 79.00412635917108
0.0, 0.6609148894878747
0.0, 0.6609148894878747
67.6625029468953, 12.00253830176365
0.0, 67.6625029468953
0.0, 67.6625029468953
201.26581462710425, 3.545873398880815
0.0, 201.26581462710425
200.35828754246373, 0.9075270846405203
0.0, 200.35828754246373
0.0, 200.35828754246373
210.34003097745443, 34.6615102259876
0.0, 210.34003097745443
203.21285562739982, 7.127175350054614
87.9858585623819, 115.22699706501791
34.88852547362525, 53.097333088756656
0.0, 34.88852547362525
5.635336769853178, 29.25318870377207
0.0, 5.635336769853178
0.0, 5.635336769853178
81.91732338362507, 6.068535178756832
0.0, 81.91732338362507
67.64204598276213, 14.275277400862947
0.0, 67.64204598276213
0.0, 67.64204598276213
201.25889259152405, 1.9539630358757734
90.24460073285864, 111.0142918586654
0.0, 90.24460073285864
0.0, 90.24460073285864
132.149979276512, 69.10891331501205
0.0, 132.149979276512
64.94391086562597, 67.20606841088603
0.0, 64.94391086562597
34.65251712996451, 30.291393735661458
0.0, 34.65251712996451
0.0, 34.65251712996451
499.7130953330696, 86.62769068737902
233.67796217095426, 266.03513316211536
221.32336189672534, 12.354600274228915
0.0, 221.32336189672534
204.61400176856648, 16.709360128158863
202.62552177978165, 1.9884799887848317
0.0, 202.62552177978165
202.02378657559768, 0.6017352041839672
71.27139236343103, 130.75239421216665
0.0, 71.27139236343103
62.49185461380366, 8.779537749627373
0.0, 62.49185461380366
21.995517133857522, 40.496337479946135
0.0, 21.995517133857522
0.0, 21.995517133857522
150.99996269289636, 51.02382388270132
48.52164261076435, 102.478320082132
0.0, 48.52164261076435
4.856442808562795, 43.665199802201556
0.0, 4.856442808562795
0.0, 4.856442808562795
51.782634534285, 99.21732815861137
0.0, 51.782634534285
10.483512456711814, 41.29912207757319
0.0, 10.483512456711814
0.0, 10.483512456711814
203.1734135297488, 1.4405882388176678
0.0, 203.1734135297488
41.744748456335024, 161.42866507341378
0.0, 41.744748456335024
20.316644308019082, 21.428104148315942
0.0, 20.316644308019082
12.444296416771513, 7.8723478912475695
0.0, 12.444296416771513
0.7011029113037381, 11.743193505467774
0.0, 0.7011029113037381
0.0, 0.7011029113037381
229.7690321216173, 3.908930049336959
209.96255735799758, 19.80647476361972
207.66610582368895, 2.2964515343086305
0.0, 207.66610582368895
200.38639807064408, 7.279707753044875
66.18355833178266, 134.20283973886143
0.0, 66.18355833178266
0.0, 66.18355833178266
147.77087684113732, 52.615521229506754
0.0, 147.77087684113732
58.963750998110775, 88.80712584302654
0.0, 58.963750998110775
0.0, 58.963750998110775
209.639036838876, 0.32352051912158686
0.0, 209.639036838876
208.68826308924932, 0.950773749626677
0.0, 208.68826308924932
206.5945205996103, 2.093742489639027
150.56959055657356, 56.02493004303673
0.0, 150.56959055657356
0.0, 150.56959055657356
200.74825734730538, 5.846263252304908
0.0, 200.74825734730538
200.51226168711412, 0.23599566019126428
0.0, 200.51226168711412
49.08409412796554, 151.42816755914856
0.0, 49.08409412796554
0.0, 49.08409412796554
216.2494850286535, 13.51954709296379
132.20216080745257, 84.04732422120094
91.80045053939814, 40.40171026805443
0.0, 91.80045053939814
0.0, 91.80045053939814
102.91986297584307, 29.282297831609498
0.0, 102.91986297584307
30.503356457373155, 72.41650651846992
0.0, 30.503356457373155
23.5251607372156, 6.978195720157554
0.0, 23.5251607372156
0.0, 23.5251607372156
203.92496201488564, 12.324523013767873
0.0, 203.92496201488564
202.45191233241727, 1.4730496824683712
200.57573408395638, 1.8761782484608887
0.0, 200.57573408395638
55.82309161835985, 144.75264246559652
0.0, 55.82309161835985
0.0, 55.82309161835985
200.8191569166275, 1.6327554157897737
0.0, 200.8191569166275
76.45401541697484, 124.36514149965265
0.0, 76.45401541697484
23.770260047287326, 52.68375536968752
0.0, 23.770260047287326
0.22374864192312097, 23.546511405364207
0.0, 0.22374864192312097
0.0, 0.22374864192312097
276.7294777082647, 222.98361762480488
223.2488181605499, 53.48065954771482
203.34202758929618, 19.90679057125371
202.04397143486113, 1.298056154435045
14.587788854165176, 187.45618258069595
0.0, 14.587788854165176
0.0, 14.587788854165176
163.57938284448062, 38.464588590380515
0.0, 163.57938284448062
23.143108006493353, 140.43627483798727
0.0, 23.143108006493353
17.49727970330487, 5.645828303188484
0.0, 17.49727970330487
6.591549711276161, 10.905729992028707
0.0, 6.591549711276161
0.0, 6.591549711276161
202.86924215595263, 0.47278543334354595
24.028435007130348, 178.84080714882228
0.0, 24.028435007130348
0.0, 24.028435007130348
202.46828180307915, 0.40096035287348286
0.0, 202.46828180307915
200.0162845814601, 2.4519972216190524
0.0, 200.0162845814601
159.6715859359685, 40.344698645491604
0.0, 159.6715859359685
132.59729311557902, 27.074292820389473
0.0, 132.59729311557902
90.1794205642672, 42.41787255131182
0.0, 90.1794205642672
68.15345118455495, 22.02596937971225
0.0, 68.15345118455495
0.0, 68.15345118455495
217.35715221831293, 5.891665942236955
81.44856672255683, 135.90858549575609
0.0, 81.44856672255683
54.19043652114335, 27.258130201413486
0.0, 54.19043652114335
0.0, 54.19043652114335
217.23478417196563, 0.12236804634730447
55.75763736088216, 161.47714681108346
0.0, 55.75763736088216
43.216007662678564, 12.541629698203593
0.0, 43.216007662678564
0.0, 43.216007662678564
207.34713485178727, 9.887649320178355
138.21258716453372, 69.13454768725356
0.0, 138.21258716453372
63.25690247261134, 74.95568469192239
0.0, 63.25690247261134
0.0, 63.25690247261134
205.5717173579693, 1.7754174938179688
0.0, 205.5717173579693
0.0, 205.5717173579693
232.76864548837332, 43.96083221989139
206.9674813411106, 25.80116414726271
103.09909688156738, 103.86838445954324
0.0, 103.09909688156738
54.324814700526794, 48.77428218104058
0.0, 54.324814700526794
0.0, 54.324814700526794
201.64065429367452, 5.3268270474360975
10.826899972390173, 190.81375432128434
0.0, 10.826899972390173
0.0, 10.826899972390173
73.44390660919925, 128.19674768447527
0.0, 73.44390660919925
0.0, 73.44390660919925
221.86205613340007, 10.90658935497325
202.01899855637313, 19.84305757702694
0.0, 202.01899855637313
124.91559001394442, 77.10340854242871
0.0, 124.91559001394442
75.00377104144485, 49.911818972499574
0.0, 75.00377104144485
21.675567943917354, 53.32820309752749
0.0, 21.675567943917354
0.0, 21.675567943917354
208.52778309662003, 13.334273036780047
0.0, 208.52778309662003
203.89662036449027, 4.631162732129752
100.77325755984567, 103.1233628046446
0.0, 100.77325755984567
0.0, 100.77325755984567
203.57347248015694, 0.32314788433333774
153.84413738515497, 49.72933509500197
0.0, 153.84413738515497
0.0, 153.84413738515497
203.2565545210817, 0.31691795907522646
0.0, 203.2565545210817
113.73235587702673, 89.52419864405498
0.0, 113.73235587702673
13.162835890125658, 100.56951998690107
0.0, 13.162835890125658
3.430053181474389, 9.73278270865127
0.0, 3.430053181474389
0.0, 3.430053181474389
5558.644680470033, 10180.038810579998
290.7758361449553, 5267.868844325078
235.48336244487345, 55.29247370008184
48.54457873178619, 186.93878371308728
0.0, 48.54457873178619
0.0, 48.54457873178619
221.16783732998786, 14.315525114885588
93.25620088547649, 127.91163644451137
0.0, 93.25620088547649
57.49481366329048, 35.76138722218601
0.0, 57.49481366329048
56.53223234855353, 0.9625813147369513
0.0, 56.53223234855353
0.0, 56.53223234855353
217.25770688680748, 3.9101304431803783
111.65063784345782, 105.60706904334967
0.0, 111.65063784345782
32.94849479846678, 78.70214304499103
0.0, 32.94849479846678
0.0, 32.94849479846678
211.7998075494743, 5.457899337333174
206.39370817977868, 5.4060993696956245
86.11677393167871, 120.27693424809998
0.0, 86.11677393167871
70.21012065266842, 15.906653279010285
1.8047292412113454, 68.40539141145707
0.0, 1.8047292412113454
0.0, 1.8047292412113454
45.396376472919144, 24.81374417974928
0.0, 45.396376472919144
41.773486005899755, 3.6228904670193884
0.0, 41.773486005899755
0.0, 41.773486005899755
200.87560045934896, 5.518107720429725
39.15645806032797, 161.719142399021
0.0, 39.15645806032797
0.0, 39.15645806032797
147.745784021523, 53.12981643782595
82.64131039755144, 65.10447362397157
0.0, 82.64131039755144
0.0, 82.64131039755144
106.58980862542575, 41.15597539609726
0.0, 106.58980862542575
93.10123715699353, 13.488571468432212
0.0, 93.10123715699353
73.53094241305624, 19.570294743937296
0.0, 73.53094241305624
0.0, 73.53094241305624
209.08604065033572, 2.713766899138591
17.36574998295739, 191.72029066737832
0.0, 17.36574998295739
0.0, 17.36574998295739
29.089105317680104, 179.99693533265562
0.0, 29.089105317680104
0.0, 29.089105317680104
261.7615348443334, 29.014301300621867
244.36410544433986, 17.39742939999357
234.11797086975264, 10.246134574587217
207.39283905939703, 26.725131810355606
0.0, 207.39283905939703
203.64871472578795, 3.7441243336090793
137.90810357617082, 65.74061114961714
0.0, 137.90810357617082
0.0, 137.90810357617082
203.40284328174016, 0.24587144404779337
0.0, 203.40284328174016
185.26312053623747, 18.139722745502695
106.57262871936551, 78.69049181687195
0.0, 106.57262871936551
0.0, 106.57262871936551
108.37610937507338, 76.88701116116408
31.096275088110577, 77.27983428696281
0.0, 31.096275088110577
0.0, 31.096275088110577
78.41917604465621, 29.956933330417172
0.0, 78.41917604465621
55.64569912956071, 22.7734769150955
37.11042682056223, 18.53527230899848
0.0, 37.11042682056223
0.0, 37.11042682056223
53.698591034915246, 1.9471080946454649
0.0, 53.698591034915246
0.0, 53.698591034915246
222.29919827827004, 11.818772591482599
200.15521918876522, 22.143979089504825
0.0, 200.15521918876522
94.19366879354294, 105.96155039522228
0.0, 94.19366879354294
38.51508190343865, 55.67858689010429
0.0, 38.51508190343865
0.0, 38.51508190343865
200.5563027982051, 21.74289548006493
0.0, 200.5563027982051
82.93011891348482, 117.62618388472029
0.0, 82.93011891348482
0.0, 82.93011891348482
236.3048892375271, 8.05921620681275
217.17032469458044, 19.134564542946663
200.8703761347855, 16.299948559794956
99.60685250220327, 101.26352363258222
23.83236008223934, 75.77449241996393
0.0, 23.83236008223934
0.0, 23.83236008223934
52.48643119023256, 47.12042131197071
0.0, 52.48643119023256
0.0, 52.48643119023256
156.05398612077934, 44.816390014006146
0.0, 156.05398612077934
4.324732913349057, 151.72925320743028
0.0, 4.324732913349057
0.0, 4.324732913349057
212.28277720117777, 4.887547493402678
135.80368842124872, 76.47908877992904
0.0, 135.80368842124872
73.22108428577329, 62.582604135475435
2.432256717239747, 70.78882756853353
0.0, 2.432256717239747
0.0, 2.432256717239747
58.90653875729064, 14.314545528482647
0.0, 58.90653875729064
0.0, 58.90653875729064
204.11610145778013, 8.166675743397633
175.0667635184645, 29.04933793931562
0.0, 175.0667635184645
0.0, 175.0667635184645
200.82666415132806, 3.289437306452072
0.0, 200.82666415132806
0.0, 200.82666415132806
225.73163865819427, 10.573250579332836
203.42974201020354, 22.30189664799073
133.15151357968008, 70.27822843052346
0.0, 133.15151357968008
17.651058912839595, 115.50045466684048
0.0, 17.651058912839595
0.0, 17.651058912839595
200.05263231048673, 3.3771096997168115
0.0, 200.05263231048673
0.0, 200.05263231048673
212.12117373640388, 13.610464921790395
207.03467658965602, 5.08649714674786
0.0, 207.03467658965602
126.78666617097709, 80.24801041867893
0.0, 126.78666617097709
123.38507498495673, 3.4015911860203545
0.0, 123.38507498495673
0.0, 123.38507498495673
208.21517347622358, 3.906000260180292
0.0, 208.21517347622358
28.741896436695992, 179.4732770395276
0.0, 28.741896436695992
4.7912335265198225, 23.95066291017617
0.0, 4.7912335265198225
0.6015625147717798, 4.189671011748043
0.0, 0.6015625147717798
0.0, 0.6015625147717798
249.19149998883455, 12.570034855498875
234.44122312101987, 14.750276867814677
134.6239899254196, 99.81723319560027
0.0, 134.6239899254196
79.59058966884311, 55.0334002565765
0.0, 79.59058966884311
0.0, 79.59058966884311
201.3347831166216, 33.10644000439828
36.10593166192846, 165.22885145469314
0.0, 36.10593166192846
0.0, 36.10593166192846
200.45282019813365, 0.8819629184879432
159.1877233550823, 41.26509684305134
13.495760370480813, 145.6919629846015
0.0, 13.495760370480813
0.0, 13.495760370480813
111.44056730007183, 47.74715605501048
0.0, 111.44056730007183
47.21632440300929, 64.22424289706254
0.0, 47.21632440300929
0.0, 47.21632440300929
167.36052492742198, 33.09229527071167
0.0, 167.36052492742198
0.0, 167.36052492742198
243.56287816390403, 5.628621824930519
214.3853657157634, 29.177512448140618
201.08552276587616, 13.29984294988725
0.0, 201.08552276587616
200.51838764348796, 0.5671351223882084
0.0, 200.51838764348796
0.0, 200.51838764348796
210.4135806467986, 3.971785068964806
0.0, 210.4135806467986
19.330920057184898, 191.0826605896137
0.0, 19.330920057184898
0.0, 19.330920057184898
242.39664044544253, 1.1662377184615025
204.30238507710908, 38.09425536833345
200.23331029093643, 4.069074786172649
0.0, 200.23331029093643
0.0, 200.23331029093643
204.18409388018432, 0.11829119692475842
201.61533493698857, 2.5687589431957463
0.0, 201.61533493698857
200.87224197341416, 0.7430929635744121
9.820772255666402, 191.05146971774775
0.0, 9.820772255666402
0.0, 9.820772255666402
62.363613277431654, 138.5086286959825
6.769317491478324, 55.59429578595333
0.0, 6.769317491478324
0.0, 6.769317491478324
56.18514851794017, 6.178464759491483
0.0, 56.18514851794017
0.0, 56.18514851794017
203.72212666099662, 0.4619672191876987
54.41687183587227, 149.30525482512434
0.0, 54.41687183587227
0.0, 54.41687183587227
202.94862825790943, 0.7734984030871885
0.0, 202.94862825790943
141.62915842623627, 61.31946983167316
117.7573089766782, 23.87184944955807
34.73283534516735, 83.02447363151086
0.0, 34.73283534516735
0.0, 34.73283534516735
99.46732189801966, 18.28998707865854
0.0, 99.46732189801966
46.09983636155327, 53.36748553646639
0.0, 46.09983636155327
0.0, 46.09983636155327
128.79465551560725, 12.834502910629027
70.29238763180992, 58.50226788379733
0.0, 70.29238763180992
27.845161611581734, 42.447226020228186
0.0, 27.845161611581734
0.0, 27.845161611581734
80.97563134345066, 47.81902417215659
0.0, 80.97563134345066
18.042766808437122, 62.932864535013536
0.0, 18.042766808437122
0.0, 18.042766808437122
236.11803342614576, 6.278607019296771
220.30816184729335, 15.809871578852409
33.329203659537946, 186.9789581877554
0.0, 33.329203659537946
0.0, 33.329203659537946
215.7993148694124, 4.50884697788095
203.34551879501322, 12.453796074399179
0.0, 203.34551879501322
201.43486460148827, 1.9106541935249481
0.0, 201.43486460148827
183.44782266086244, 17.98704194062583
0.0, 183.44782266086244
71.87205469550132, 111.57576796536112
0.0, 71.87205469550132
0.0, 71.87205469550132
210.46676744180553, 5.332547427606869
0.0, 210.46676744180553
0.0, 210.46676744180553
220.75164189439153, 15.366391531754232
213.74675620241422, 7.004885691977307
138.79300419386246, 74.95375200855176
0.0, 138.79300419386246
0.0, 138.79300419386246
210.28953753439248, 3.4572186680217385
82.10467679462957, 128.1848607397629
0.0, 82.10467679462957
49.1326885014495, 32.97198829318007
0.0, 49.1326885014495
19.587566096361872, 29.54512240508763
0.0, 19.587566096361872
0.0, 19.587566096361872
202.16500426612367, 8.124533268268806
0.0, 202.16500426612367
0.0, 202.16500426612367
216.11679066279623, 4.634851231595292
185.39911242578623, 30.717678237010006
0.0, 185.39911242578623
52.214884304260295, 133.18422812152593
0.0, 52.214884304260295
0.0, 52.214884304260295
215.28746868780559, 0.8293219749906484
200.1991402946174, 15.088328393188192
0.0, 200.1991402946174
200.1515018866336, 0.04763840798378283
0.0, 200.1515018866336
17.376359247256076, 182.77514263937752
0.0, 17.376359247256076
0.0, 17.376359247256076
205.7544297811065, 9.53303890669909
0.0, 205.7544297811065
0.0, 205.7544297811065
682.1883325850732, 4876.4563478849595
549.4852490801375, 132.70308350493576
263.83919741568536, 285.6460516644521
214.29470393648862, 49.544493479196746
0.0, 214.29470393648862
99.8196097165082, 114.47509421998042
28.094314149702303, 71.7252955668059
0.0, 28.094314149702303
0.0, 28.094314149702303
47.03136819554856, 52.78824152095964
0.0, 47.03136819554856
15.225449622032691, 31.805918573515868
0.0, 15.225449622032691
0.0, 15.225449622032691
222.77123587807975, 41.06796153760561
203.4260811708691, 19.34515470721064
0.0, 203.4260811708691
201.04655775223517, 2.379523418633937
24.21622932856443, 176.83032842367075
0.0, 24.21622932856443
17.950721839295174, 6.2655074892692575
0.0, 17.950721839295174
0.0, 17.950721839295174
125.03153212932763, 76.01502562290754
34.77967594388982, 90.25185618543782
0.0, 34.77967594388982
0.0, 34.77967594388982
39.35266638895999, 85.67886574036764
0.0, 39.35266638895999
0.0, 39.35266638895999
209.29891860055181, 13.472317277527935
205.04491117198683, 4.254007428564989
200.79908106587686, 4.245830106109963
6.98550182504106, 193.8135792408358
0.0, 6.98550182504106
0.8221660326276533, 6.163335792413406
0.0, 0.8221660326276533
0.0, 0.8221660326276533
200.74491166865332, 0.05416939722354641
0.0, 200.74491166865332
9.901057365551374, 190.84385430310195
0.0, 9.901057365551374
0.0, 9.901057365551374
201.94999920802263, 3.0949119639641935
112.19033521607963, 89.759663991943
20.607139174667623, 91.58319604141201
0.0, 20.607139174667623
0.0, 20.607139174667623
45.573397047646175, 66.61693816843345
0.0, 45.573397047646175
0.30377562242131073, 45.26962142522486
0.0, 0.30377562242131073
0.0, 0.30377562242131073
201.6998205665813, 0.2501786414413232
0.0, 201.6998205665813
174.2566160599102, 27.443204506671123
0.0, 174.2566160599102
43.14786173147615, 131.10875432843403
0.0, 43.14786173147615
0.0, 43.14786173147615
207.42269420703636, 1.8762243935154572
0.0, 207.42269420703636
203.63570424222868, 3.786989964807674
200.58058022771186, 3.055124014516821
0.0, 200.58058022771186
200.13341112542437, 0.4471691022874893
0.0, 200.13341112542437
27.822558741644546, 172.31085238377983
0.0, 27.822558741644546
0.0, 27.822558741644546
201.6478523515595, 1.9878518906691909
0.0, 201.6478523515595
200.4457339303703, 1.2021184211891978
0.0, 200.4457339303703
200.44028235021406, 0.005451580156233149
0.0, 200.44028235021406
11.942530911915203, 188.49775143829885
0.0, 11.942530911915203
0.0, 11.942530911915203
421.3224028311556, 128.16284624898185
355.63040834469206, 65.69199448646356
122.8525941750217, 232.77781416967036
0.0, 122.8525941750217
44.268157371928595, 78.5844368030931
0.0, 44.268157371928595
0.0, 44.268157371928595
261.0643269857307, 94.56608135896136
0.0, 261.0643269857307
207.75136959962165, 53.31295738610905
2.6586869685535515, 205.0926826310681
0.0, 2.6586869685535515
0.0, 2.6586869685535515
201.2269962490522, 6.524373350569448
39.85443174203606, 161.37256450701614
0.0, 39.85443174203606
0.0, 39.85443174203606
200.78822473541032, 0.43877151364188194
39.01187063467138, 161.77635410073896
0.0, 39.01187063467138
4.195144747589633, 34.81672588708175
0.0, 4.195144747589633
0.0, 4.195144747589633
161.86913673630968, 38.91908799910064
13.64561598015884, 148.22352075615083
0.0, 13.64561598015884
1.4379498755339681, 12.207666104624872
0.0, 1.4379498755339681
0.0, 1.4379498755339681
28.99282410031578, 132.8763126359939
0.0, 28.99282410031578
0.0, 28.99282410031578
385.59007325375904, 35.73232957739657
277.9850783138887, 107.60499493987032
250.46871024329292, 27.516368070595803
204.63347042140362, 45.8352398218893
12.307847886265074, 192.32562253513854
0.0, 12.307847886265074
0.0, 12.307847886265074
188.38302584198794, 16.25044457941567
119.28024994518779, 69.10277589680015
0.0, 119.28024994518779
63.1601644822991, 56.12008546288869
0.0, 63.1601644822991
9.089844614085393, 54.07031986821371
0.0, 9.089844614085393
0.0, 9.089844614085393
155.92943381239854, 32.4535920295894
0.0, 155.92943381239854
150.25590468338976, 5.673529129008784
0.0, 150.25590468338976
24.403308122483367, 125.85259656090639
0.0, 24.403308122483367
0.0, 24.403308122483367
240.93321529740942, 9.5354949458835
0.0, 240.93321529740942
222.2079527428253, 18.725262554584106
213.8625454400204, 8.345407302804915
206.23261993389488, 7.629925506125517
0.0, 206.23261993389488
52.644309496708985, 153.5883104371859
0.0, 52.644309496708985
0.0, 52.644309496708985
206.46817791912002, 7.394367520900374
31.681604079157143, 174.78657383996287
0.0, 31.681604079157143
18.48856056108121, 13.193043518075932
0.0, 18.48856056108121
0.0, 18.48856056108121
71.78554631240904, 134.68263160671097
0.0, 71.78554631240904
54.375517129549216, 17.410029182859823
0.0, 54.375517129549216
0.0, 54.375517129549216
216.1701335777273, 6.037819165098
203.98773887664493, 12.182394701082387
199.27081416359292, 4.716924713052009
41.116468557583346, 158.15434560600957
0.0, 41.116468557583346
0.0, 41.116468557583346
145.11487407307382, 54.155940090519096
0.0, 145.11487407307382
58.56239616124394, 86.55247791182988
0.0, 58.56239616124394
0.0, 58.56239616124394
202.57283287260353, 1.4149060040413985
0.0, 202.57283287260353
2.4718687226413407, 200.10096414996218
0.0, 2.4718687226413407
0.0, 2.4718687226413407
206.97173769634944, 9.198395881377877
201.6534433358986, 5.318294360450835
0.0, 201.6534433358986
200.95120515935744, 0.702238176541158
109.27366249936581, 91.67754265999163
0.0, 109.27366249936581
96.16133585458478, 13.112326644781035
0.0, 96.16133585458478
19.598388560885663, 76.56294729369911
0.0, 19.598388560885663
0.0, 19.598388560885663
140.2461685941444, 60.70503656521305
0.0, 140.2461685941444
0.0, 140.2461685941444
202.53448120729144, 4.437256489058001
39.48590005579525, 163.0485811514962
0.0, 39.48590005579525
0.0, 39.48590005579525
202.2053579952255, 0.3291232120659231
200.00966031169125, 2.195697683534263
0.0, 200.00966031169125
131.2396314548825, 68.77002885680875
1.0369201807970228, 130.2027112740855
0.0, 1.0369201807970228
0.0, 1.0369201807970228
52.44776174280728, 78.79186971207523
0.0, 52.44776174280728
35.16853671289077, 17.27922502991651
0.0, 35.16853671289077
0.0, 35.16853671289077
201.53490193941343, 0.6704560558120818
40.08364032263092, 161.45126161678252
0.0, 40.08364032263092
0.0, 40.08364032263092
201.11946100718686, 0.4154409322265735
60.44380121483089, 140.67565979235596
0.0, 60.44380121483089
22.736641151005124, 37.70716006382577
0.0, 22.736641151005124
0.0, 22.736641151005124
161.1804855697822, 39.93897543740465
0.0, 161.1804855697822
48.72685451840022, 112.45363105138199
0.0, 48.72685451840022
0.0, 48.72685451840022
265.9083704486034, 12.0767078652853
122.42473257154136, 143.48363787706205
0.0, 122.42473257154136
87.80966061768576, 34.61507195385559
11.154065486850985, 76.65559513083478
0.0, 11.154065486850985
0.0, 11.154065486850985
64.78682837710203, 23.02283224058374
0.0, 64.78682837710203
22.550084390394243, 42.23674398670778
0.0, 22.550084390394243
13.971413686326056, 8.578670704068188
0.0, 13.971413686326056
0.0, 13.971413686326056
237.3598179632036, 28.548552485399824
227.3492690115998, 10.010548951603795
214.45293831671455, 12.89633069488525
155.82253162885164, 58.630406687862916
0.0, 155.82253162885164
27.007166630861423, 128.8153649979902
0.0, 27.007166630861423
17.934272613935264, 9.07289401692616
0.0, 17.934272613935264
0.0, 17.934272613935264
209.18100957539698, 5.271928741317566
204.82849875050618, 4.3525108248908
85.89740656149519, 118.931092189011
0.0, 85.89740656149519
25.975602876915268, 59.92180368457992
0.0, 25.975602876915268
0.0, 25.975602876915268
98.21027681681106, 106.61822193369512
50.004222008515185, 48.206054808295875
0.0, 50.004222008515185
24.398102653515174, 25.60611935500001
0.0, 24.398102653515174
22.14399743071564, 2.2541052227995344
0.0, 22.14399743071564
0.0, 22.14399743071564
58.51583994070028, 39.69443687611078
21.542602551306754, 36.97323738939353
0.0, 21.542602551306754
0.0, 21.542602551306754
42.39155846795528, 16.124281472745004
0.0, 42.39155846795528
0.0, 42.39155846795528
208.69242296905165, 0.48858660634533635
0.0, 208.69242296905165
0.0, 208.69242296905165
218.511419272916, 8.837849738683815
210.08629495926544, 8.425124313650542
115.91715103272752, 94.16914392653793
0.0, 115.91715103272752
32.66994354724997, 83.24720748547755
5.514947615717986, 27.154995931531985
0.0, 5.514947615717986
0.0, 5.514947615717986
13.4241228677339, 19.245820679516072
0.0, 13.4241228677339
0.0, 13.4241228677339
200.8298635283402, 9.256431430925232
0.0, 200.8298635283402
76.0777508319465, 124.75211269639371
0.0, 76.0777508319465
0.0, 76.0777508319465
217.7963798165227, 0.7150394563932991
205.4155080968089, 12.380871719713781
203.71123354755923, 1.704274549249675
201.9778008404748, 1.7334327070844324
144.44902838924943, 57.528772451225365
0.0, 144.44902838924943
105.32084398072527, 39.12818440852416
7.638970649072362, 97.68187333165291
0.0, 7.638970649072362
4.780589039840688, 2.8583816092316736
0.0, 4.780589039840688
0.0, 4.780589039840688
85.9366769695994, 19.384167011125868
0.0, 85.9366769695994
0.0, 85.9366769695994
191.59704374679407, 10.380757093680728
51.721037634604734, 139.87600611218934
0.0, 51.721037634604734
15.499106687038106, 36.22193094756663
0.0, 15.499106687038106
0.0, 15.499106687038106
161.29856141333508, 30.298482333458992
0.0, 161.29856141333508
95.09010037778354, 66.20846103555154
0.0, 95.09010037778354
11.248849451965517, 83.84125092581803
0.0, 11.248849451965517
0.0, 11.248849451965517
202.58108153179407, 1.1301520157651623
0.0, 202.58108153179407
202.52874266905323, 0.05233886274083943
0.0, 202.52874266905323
134.01908773255775, 68.50965493649548
0.0, 134.01908773255775
98.71916011876041, 35.29992761379734
0.0, 98.71916011876041
82.7028833572021, 16.016276761558316
0.0, 82.7028833572021
71.90402037114549, 10.798862986056605
9.452874388068823, 62.45114598307667
0.0, 9.452874388068823
0.0, 9.452874388068823
44.7287171784901, 27.17530319265539
0.0, 44.7287171784901
0.0, 44.7287171784901
205.16103248826374, 0.2544756085451638
194.45738068993853, 10.703651798325211
0.0, 194.45738068993853
62.454619494500015, 132.00276119543852
0.0, 62.454619494500015
45.41108419141735, 17.043535303082663
0.0, 45.41108419141735
5.104516400068013, 40.30656779134934
0.0, 5.104516400068013
0.0, 5.104516400068013
201.36917372084565, 3.7918587674180912
37.992529600894564, 163.3766441199511
24.736804086170537, 13.255725514724027
0.0, 24.736804086170537
0.0, 24.736804086170537
28.164372333370686, 9.828157267523878
0.0, 28.164372333370686
24.814506079789986, 3.3498662535807
0.0, 24.814506079789986
0.0, 24.814506079789986
133.1867539138844, 68.18241980696126
0.0, 133.1867539138844
126.98225245359946, 6.204501460284931
0.0, 126.98225245359946
0.0, 126.98225245359946
216.9222702192253, 0.8741095972973767
0.0, 216.9222702192253
171.28923500848342, 45.633035210741895
0.0, 171.28923500848342
0.0, 171.28923500848342
229.5625895081848, 7.7972284550187965
200.0735728031336, 29.4890167050512
67.6482150582651, 132.4253577448685
0.0, 67.6482150582651
0.0, 67.6482150582651
188.67726131487734, 11.39631148825626
158.54503888957046, 30.132222425306878
0.0, 158.54503888957046
60.65981452211754, 97.88522436745292
0.0, 60.65981452211754
39.2249152029211, 21.43489931919644
0.0, 39.2249152029211
0.0, 39.2249152029211
177.85287638599564, 10.824384928881699
0.0, 177.85287638599564
0.0, 177.85287638599564
213.65051426319974, 15.912075244985061
31.903472243534278, 181.74704201966546
0.0, 31.903472243534278
2.4676360496998933, 29.435836193834383
0.0, 2.4676360496998933
0.0, 2.4676360496998933
202.94987510938947, 10.700639153810272
160.14361685433235, 42.80625825505712
0.0, 160.14361685433235
115.60885511291477, 44.53476174141758
0.0, 115.60885511291477
82.39370573556647, 33.2151493773483
0.0, 82.39370573556647
0.0, 82.39370573556647
200.64099042212987, 2.3088846872595923
135.01049261699774, 65.63049780513214
0.0, 135.01049261699774
0.0, 135.01049261699774
200.23054375130815, 0.41044667082172737
0.0, 200.23054375130815
161.61112934859457, 38.61941440271357
25.968330970418737, 135.64279837817583
0.0, 25.968330970418737
20.801164451825343, 5.167166518593394
0.0, 20.801164451825343
19.689736656233304, 1.1114277955920393
0.0, 19.689736656233304
0.0, 19.689736656233304
134.24074685884077, 27.37038248975381
0.0, 134.24074685884077
9.675688319266621, 124.56505853957414
0.0, 9.675688319266621
7.5356192522533725, 2.1400690670132487
0.0, 7.5356192522533725
0.0, 7.5356192522533725
332.57733097849984, 53.0127422752592
253.3283462843662, 79.24898469413364
237.59429843156497, 15.73404785280124
0.0, 237.59429843156497
225.9573174269064, 11.636981004658566
210.20078150068207, 15.75653592622433
204.15790684697765, 6.042874653704416
0.0, 204.15790684697765
201.70105581802105, 2.4568510289566063
0.0, 201.70105581802105
189.93247250548617, 11.768583312534872
0.0, 189.93247250548617
126.523514385222, 63.408958120264174
72.5092246757233, 54.0142897094987
0.0, 72.5092246757233
21.731503500188598, 50.77772117553471
0.0, 21.731503500188598
0.0, 21.731503500188598
73.365735416173, 53.157778969049005
0.0, 73.365735416173
0.0, 73.365735416173
206.0303832550291, 4.170398245652962
0.0, 206.0303832550291
56.885969788855505, 149.1444134661736
0.0, 56.885969788855505
14.134903466329929, 42.751066322525574
0.0, 14.134903466329929
0.0, 14.134903466329929
220.19540094621942, 5.761916480686978
213.56299633040686, 6.632404615812561
208.96391401283387, 4.599082317572993
0.0, 208.96391401283387
208.58562124270824, 0.37829277012562557
0.0, 208.58562124270824
0.0, 208.58562124270824
211.37401045337876, 2.1889858770281023
0.0, 211.37401045337876
203.44422897074446, 7.929781482634297
67.33255958991472, 136.11166938082974
0.0, 67.33255958991472
66.50559681263218, 0.8269627772825459
0.0, 66.50559681263218
0.0, 66.50559681263218
203.3577332182653, 0.08649575247915209
40.47637060528407, 162.88136261298123
0.0, 40.47637060528407
0.0, 40.47637060528407
63.50394124857233, 139.85379196969296
0.0, 63.50394124857233
26.551584109166164, 36.95235713940617
0.0, 26.551584109166164
0.0, 26.551584109166164
215.00203933442143, 5.193361611797997
33.69870394160816, 181.30333539281327
0.0, 33.69870394160816
0.0, 33.69870394160816
208.3285451642654, 6.673494170156033
67.4278424039611, 140.90070276030428
0.0, 67.4278424039611
14.121836531649679, 53.30600587231142
0.0, 14.121836531649679
0.0, 14.121836531649679
201.63331418775806, 6.695230976507332
0.0, 201.63331418775806
54.204112448698254, 147.4292017390598
15.915819799517498, 38.288292649180754
0.0, 15.915819799517498
0.0, 15.915819799517498
32.0908046674248, 22.113307781273456
0.0, 32.0908046674248
0.0, 32.0908046674248
244.18571011911243, 9.142636165253776
215.4208858754369, 28.76482424367552
0.0, 215.4208858754369
202.14615423723077, 13.274731638206134
0.0, 202.14615423723077
140.89711558807682, 61.24903864915396
0.0, 140.89711558807682
114.5923633062228, 26.30475228185402
0.0, 114.5923633062228
0.0, 114.5923633062228
239.55742704174918, 4.62828307736325
212.2622086090769, 27.29521843267227
205.622323171025, 6.63988543805192
0.0, 205.622323171025
83.39559417002685, 122.22672900099813
0.0, 83.39559417002685
48.892150200936435, 34.50344396909042
0.0, 48.892150200936435
0.0, 48.892150200936435
207.36304344002372, 4.899165169053191
146.61519909110223, 60.74784434892149
0.0, 146.61519909110223
106.10112496123676, 40.51407412986546
1.1922625808636753, 104.9088623803731
0.0, 1.1922625808636753
0.0, 1.1922625808636753
46.090896054704196, 60.01022890653257
0.0, 46.090896054704196
0.0, 46.090896054704196
203.7238748959478, 3.6391685440759147
0.0, 203.7238748959478
200.68808356318894, 3.035791332758862
150.07300400696033, 50.61507955622861
62.01927761203844, 88.0537263949219
0.0, 62.01927761203844
29.821860135201224, 32.19741747683722
0.0, 29.821860135201224
0.0, 29.821860135201224
88.36503780925649, 61.70796619770384
9.351299603997678, 79.01373820525882
0.0, 9.351299603997678
0.0, 9.351299603997678
36.578047702012896, 51.7869901072436
0.0, 36.578047702012896
32.87187152562345, 3.706176176389448
0.0, 32.87187152562345
14.035578668590105, 18.836292857033342
5.9578678747656815, 8.077710793824423
0.0, 5.9578678747656815
0.0, 5.9578678747656815
9.363438911941163, 4.672139756648942
0.0, 9.363438911941163
0.0, 9.363438911941163
200.32346775354932, 0.3646158096396164
0.0, 200.32346775354932
90.02951604805274, 110.29395170549658
0.0, 90.02951604805274
0.0, 90.02951604805274
216.77010083369225, 22.787326208056925
211.23457502392026, 5.535525809771997
0.0, 211.23457502392026
208.12493660063998, 3.1096384232802734
0.0, 208.12493660063998
202.12825360424137, 5.996682996398619
104.7146482804303, 97.41360532381107
5.83922011424009, 98.8754281661902
0.0, 5.83922011424009
0.0, 5.83922011424009
60.1883551728428, 44.5262931075875
0.0, 60.1883551728428
1.6098518555708217, 58.578503317271974
0.0, 1.6098518555708217
0.8599127608044967, 0.7499390947663249
0.0, 0.8599127608044967
0.0, 0.8599127608044967
201.5788280565028, 0.549425547738565
20.018222859513305, 181.56060519698948
0.0, 20.018222859513305
2.2227057400008237, 17.795517119512482
0.0, 2.2227057400008237
0.0, 2.2227057400008237
201.04552719156467, 0.533300864938127
0.0, 201.04552719156467
55.51450537943687, 145.5310218121278
0.0, 55.51450537943687
36.98546756987563, 18.52903780956124
0.0, 36.98546756987563
0.0, 36.98546756987563
216.04488896477307, 0.7252118689191889
0.0, 216.04488896477307
165.59270853629582, 50.45218042847725
7.848563961369159, 157.74414457492665
0.0, 7.848563961369159
0.0, 7.848563961369159
101.07188892384288, 64.52081961245294
0.0, 101.07188892384288
13.62838733191525, 87.44350159192763
0.0, 13.62838733191525
1.860571490992989, 11.767815840922262
0.0, 1.860571490992989
0.0, 1.860571490992989
302.023036494743, 30.55429448375685
213.75307236669025, 88.26996412805275
0.0, 213.75307236669025
93.08477339651047, 120.66829897017978
0.0, 93.08477339651047
83.9947566852177, 9.090016711292776
0.0, 83.9947566852177
0.0, 83.9947566852177
225.09714103848856, 76.92589545625444
53.63269071185748, 171.4644503266311
0.0, 53.63269071185748
22.069470295416387, 31.56322041644109
0.0, 22.069470295416387
0.0, 22.069470295416387
212.76230433245084, 12.33483670603772
207.84896964294893, 4.913334689501909
203.64515796752937, 4.2038116754195585
172.23578759274187, 31.4093703747875
41.48512907594245, 130.75065851679943
0.0, 41.48512907594245
0.0, 41.48512907594245
148.7949916427148, 23.44079595002708
0.0, 148.7949916427148
0.0, 148.7949916427148
202.72858158176365, 0.9165763857657225
200.09509814200723, 2.633483439756418
0.0, 200.09509814200723
200.08275438410269, 0.012343757904545782
0.0, 200.08275438410269
0.0, 200.08275438410269
200.7266912580661, 2.001890323697552
0.0, 200.7266912580661
98.29349594764028, 102.43319531042582
13.648534959379912, 84.64496098826037
0.0, 13.648534959379912
0.0, 13.648534959379912
33.262584138250496, 65.03091180938978
0.0, 33.262584138250496
0.0, 33.262584138250496
205.0455473877205, 2.8034222552284405
0.0, 205.0455473877205
202.72173429671375, 2.323813091006741
10.573839134515792, 192.14789516219795
0.0, 10.573839134515792
0.0, 10.573839134515792
201.8962410669037, 0.8254932298100357
30.946595645513575, 170.94964542139013
0.0, 30.946595645513575
22.488567855545696, 8.458027789967879
1.2679642208905713, 21.220603634655124
0.0, 1.2679642208905713
0.0, 1.2679642208905713
1.9097160797308668, 20.57885177581483
0.0, 1.9097160797308668
0.0, 1.9097160797308668
104.87077393468932, 97.02546713221439
0.0, 104.87077393468932
8.416348323316331, 96.454425611373
0.0, 8.416348323316331
0.0, 8.416348323316331
207.9673763241321, 4.794928008318749
0.0, 207.9673763241321
200.13169638863982, 7.835679935492266
0.0, 200.13169638863982
126.79718895102042, 73.33450743761941
0.0, 126.79718895102042
0.0, 126.79718895102042
623.1879348662062, 59.00039771886702
425.3310419389523, 197.8568929272539
218.14073526261654, 207.19030667633575
207.13152963216535, 11.009205630451191
201.57200169144843, 5.559527940716919
200.13032544353987, 1.4416762479085605
0.0, 200.13032544353987
0.0, 200.13032544353987
200.50341715469762, 1.0685845367508193
0.0, 200.50341715469762
148.35198184268353, 52.15143531201409
0.0, 148.35198184268353
142.49743865607584, 5.854543186607685
5.271978927219494, 137.22545972885635
0.0, 5.271978927219494
0.0, 5.271978927219494
35.178635061898255, 107.31880359417758
0.0, 35.178635061898255
0.0, 35.178635061898255
201.684905446896, 5.446624185269343
0.0, 201.684905446896
201.408346474331, 0.27655897256499884
0.0, 201.408346474331
180.05209841182793, 21.356248062503084
0.0, 180.05209841182793
178.2866172094094, 1.7654812024185276
55.81451103785592, 122.47210617155348
0.0, 55.81451103785592
0.0, 55.81451103785592
163.07259883667925, 15.214018372730152
0.0, 163.07259883667925
0.0, 163.07259883667925
212.54312976335575, 5.597605499260794
203.54557125832238, 8.997558505033368
0.0, 203.54557125832238
203.44959962292893, 0.09597163539345388
16.822573958639005, 186.62702566428993
0.0, 16.822573958639005
0.0, 16.822573958639005
65.54293740958397, 137.90666221334496
0.0, 65.54293740958397
16.1271082467897, 49.41582916279427
0.0, 16.1271082467897
16.09467213498929, 0.03243611180041128
0.0, 16.09467213498929
0.0, 16.09467213498929
203.55929097620967, 8.983838787146084
6.1205992708030355, 197.43869170540663
0.0, 6.1205992708030355
0.0, 6.1205992708030355
60.673488243917866, 142.8858027322918
0.0, 60.673488243917866
0.0, 60.673488243917866
337.1078069650493, 88.223234973903
325.2010200534495, 11.906786911599795
207.38377083290976, 117.81724922053974
201.4016549972968, 5.982115835612973
0.0, 201.4016549972968
0.0, 201.4016549972968
202.38006361752406, 5.0037072153857025
177.2956761261809, 25.084387491343165
0.0, 177.2956761261809
0.0, 177.2956761261809
201.62094641299754, 0.7591172045265182
30.715167258446403, 170.90577915455114
0.0, 30.715167258446403
0.0, 30.715167258446403
163.58443540333144, 38.0365110096661
0.0, 163.58443540333144
67.79711113191553, 95.78732427141591
0.0, 67.79711113191553
17.98607139879463, 49.8110397331209
1.5828616352001672, 16.40320976359446
0.0, 1.5828616352001672
0.0, 1.5828616352001672
17.52798083800673, 0.4580905607878982
0.0, 17.52798083800673
0.0, 17.52798083800673
240.35056038989174, 84.85045966355776
209.09477218527917, 31.25578820461257
0.0, 209.09477218527917
201.53658412590673, 7.558188059372441
0.0, 201.53658412590673
36.87112910415321, 164.66545502175353
0.0, 36.87112910415321
0.0, 36.87112910415321
233.47018375459567, 6.880376635296074
185.04472207041664, 48.42546168417903
150.36767640078673, 34.677045669629905
0.0, 150.36767640078673
46.41010646649515, 103.95756993429158
0.0, 46.41010646649515
0.0, 46.41010646649515
173.74349108689003, 11.301230983526608
50.30644195117802, 123.43704913571202
0.0, 50.30644195117802
0.0, 50.30644195117802
66.82258271543631, 106.92090837145372
6.877821904740459, 59.944760810695854
0.0, 6.877821904740459
0.0, 6.877821904740459
53.409524410630155, 13.413058304806157
0.0, 53.409524410630155
0.0, 53.409524410630155
214.0587768398635, 19.41140691473217
146.5622333877237, 67.4965434521398
0.0, 146.5622333877237
78.70329702335094, 67.85893636437275
0.0, 78.70329702335094
33.17583976961905, 45.52745725373189
0.0, 33.17583976961905
12.786243916193595, 20.389595853425458
0.0, 12.786243916193595
0.0, 12.786243916193595
201.39184218452291, 12.666934655340583
0.0, 201.39184218452291
163.37036558887638, 38.02147659564653
0.0, 163.37036558887638
20.532203908372022, 142.83816168050436
0.0, 20.532203908372022
18.763078792919668, 1.7691251154523542
0.0, 18.763078792919668
0.0, 18.763078792919668
332.8033561415099, 4.304450823539412
262.99981685299747, 69.80353928851241
205.56826342449693, 57.431553428500536
0.0, 205.56826342449693
121.06352464418883, 84.5047387803081
0.0, 121.06352464418883
0.0, 121.06352464418883
221.91653525187604, 41.08328160112143
166.4340044160867, 55.48253083578933
0.0, 166.4340044160867
0.0, 166.4340044160867
201.2480527393878, 20.668482512488254
0.0, 201.2480527393878
16.18130132694903, 185.06675141243875
0.0, 16.18130132694903
0.0, 16.18130132694903
269.1743045561831, 63.629051585326806
231.94413179441523, 37.23017276176785
207.82993097529402, 24.11420081912121
0.0, 207.82993097529402
0.0, 207.82993097529402
229.32719967037048, 2.6169321240447516
205.55096408798565, 23.776235582384828
0.0, 205.55096408798565
0.0, 205.55096408798565
214.8787455229068, 14.448454147463679
201.13687864401064, 13.741866878896161
103.87993506874885, 97.25694357526179
0.0, 103.87993506874885
6.353269523395418, 97.52666554535344
0.0, 6.353269523395418
0.0, 6.353269523395418
105.4920449125161, 95.64483373149453
0.0, 105.4920449125161
0.0, 105.4920449125161
213.54697011550934, 1.3317754073974584
0.0, 213.54697011550934
1.1373572544391812, 212.40961286107014
0.0, 1.1373572544391812
0.0, 1.1373572544391812
239.2309952263195, 29.94330932986358
215.5075637140341, 23.7234315122854
0.0, 215.5075637140341
212.3008923438855, 3.206671370148598
200.73259139945597, 11.568300944429524
200.1842954718079, 0.5482959276480699
0.0, 200.1842954718079
0.0, 200.1842954718079
200.40088308163936, 0.3317083178166058
87.3095091068823, 113.09137397475706
4.603789239758624, 82.70571986712368
0.0, 4.603789239758624
0.0, 4.603789239758624
71.56384045252582, 15.745668654356479
0.0, 71.56384045252582
3.548921881583962, 68.01491857094186
0.0, 3.548921881583962
0.0, 3.548921881583962
109.768714834027, 90.63216824761237
0.0, 109.768714834027
13.084722088738143, 96.68399274528885
0.0, 13.084722088738143
0.0, 13.084722088738143
202.65936582405192, 9.641526519833576
0.0, 202.65936582405192
72.06791498528807, 130.59145083876385
0.0, 72.06791498528807
0.0, 72.06791498528807
226.9049902751224, 12.326004951197092
204.7521490117242, 22.152841263398187
0.0, 204.7521490117242
200.25029441471307, 4.501854597011146
119.35871326368533, 80.89158115102774
27.69732668074772, 91.66138658293761
0.0, 27.69732668074772
0.0, 27.69732668074772
110.2323708622904, 9.126342401394936
74.65948827478508, 35.57288258750532
0.0, 74.65948827478508
0.0, 74.65948827478508
76.41418865903383, 33.81818220325657
0.0, 76.41418865903383
26.59990089856184, 49.814287760471984
13.764966586483213, 12.834934312078628
0.0, 13.764966586483213
0.0, 13.764966586483213
23.06249921766327, 3.537401680898572
0.0, 23.06249921766327
0.0, 23.06249921766327
158.8186964756383, 41.43159793907478
0.0, 158.8186964756383
139.16305584669277, 19.65564062894552
0.0, 139.16305584669277
0.0, 139.16305584669277
207.25485248626495, 19.65013778885745
0.0, 207.25485248626495
200.03110223161764, 7.223750254647314
0.0, 200.03110223161764
99.18944720249624, 100.8416550291214
38.603363933196334, 60.586083269299905
0.0, 38.603363933196334
13.72967664845038, 24.873687284745955
0.0, 13.72967664845038
0.0, 13.72967664845038
84.59511891824842, 14.594328284247823
18.78841150120612, 65.8067074170423
0.0, 18.78841150120612
0.0, 18.78841150120612
49.95898594950577, 34.63613296874265
39.150113743530675, 10.808872205975092
0.0, 39.150113743530675
20.579346793676393, 18.57076694985428
0.0, 20.579346793676393
0.0, 20.579346793676393
48.71989751069833, 1.2390884388074355
0.0, 48.71989751069833
0.0, 48.71989751069833
486.60061071433904, 136.58732415186716
299.56437831744057, 187.03623239689847
262.0222781483098, 37.54210016913078
212.40431806718777, 49.61796008112202
201.67889039779823, 10.725427669389546
136.30972279756645, 65.36916760023178
0.0, 136.30972279756645
31.89813445325771, 104.41158834430874
0.0, 31.89813445325771
0.0, 31.89813445325771
200.03636918820484, 1.642521209593383
0.0, 200.03636918820484
159.14506647161733, 40.89130271658752
0.0, 159.14506647161733
46.5870241700102, 112.55804230160712
0.0, 46.5870241700102
18.141704049079927, 28.445320120930276
0.0, 18.141704049079927
0.0, 18.141704049079927
207.41082821075477, 4.993489856433001
147.3954820826708, 60.01534612808396
0.0, 147.3954820826708
0.0, 147.3954820826708
150.76333069016698, 56.64749752058779
47.1731621951027, 103.59016849506429
0.0, 47.1731621951027
0.0, 47.1731621951027
77.36321644439175, 73.40011424577523
0.0, 77.36321644439175
10.351315515270146, 67.01190092912161
0.0, 10.351315515270146
0.0, 10.351315515270146
261.8519884617493, 0.17028968656052257
211.73148625534694, 50.120502206402335
0.0, 211.73148625534694
208.63378937331885, 3.097696882028089
205.28248411199215, 3.3513052613267007
200.73466308499454, 4.54782102699761
83.358620693229, 117.37604239176554
0.0, 83.358620693229
74.69811716819333, 8.660503525035665
0.0, 74.69811716819333
0.0, 74.69811716819333
178.82465879860348, 21.910004286391057
0.0, 178.82465879860348
15.85093273012977, 162.9737260684737
0.0, 15.85093273012977
0.0, 15.85093273012977
202.35338567290844, 2.9290984390837025
0.0, 202.35338567290844
155.6777648036098, 46.675620869298655
0.0, 155.6777648036098
73.0655046819081, 82.6122601217017
0.0, 73.0655046819081
58.69314509967628, 14.372359582231816
0.0, 58.69314509967628
0.0, 58.69314509967628
207.95637621160708, 0.6774131617117689
0.0, 207.95637621160708
205.90680877892405, 2.049567432683034
12.87359005749933, 193.0332187214247
0.0, 12.87359005749933
0.0, 12.87359005749933
205.578940323464, 0.32786845546004884
32.85809203189089, 172.7208482915731
0.0, 32.85809203189089
0.0, 32.85809203189089
119.64055244828845, 85.93838787517555
0.0, 119.64055244828845
60.273206831941515, 59.36734561634693
0.0, 60.273206831941515
0.0, 60.273206831941515
244.13856421171386, 17.713424250035416
200.84242187056455, 43.296142341149306
0.0, 200.84242187056455
200.15974501936395, 0.682676851200597
0.0, 200.15974501936395
105.33465357798218, 94.82509144138177
0.0, 105.33465357798218
90.06452830725534, 15.270125270726837
0.0, 90.06452830725534
62.55017286519875, 27.51435544205659
0.0, 62.55017286519875
0.0, 62.55017286519875
231.4828599217226, 12.655704289991263
202.444044337483, 29.038815584239586
0.0, 202.444044337483
0.0, 202.444044337483
211.50949090178992, 19.973369019932676
203.30096415652557, 8.20852674526435
84.21710440992113, 119.08385974660443
0.0, 84.21710440992113
73.47289085133227, 10.744213558588868
0.0, 73.47289085133227
64.64085722865414, 8.832033622678125
0.0, 64.64085722865414
62.591500428618225, 2.049356800035916
0.0, 62.591500428618225
36.223985025863904, 26.36751540275432
0.0, 36.223985025863904
24.62878103222112, 11.595203993642784
0.0, 24.62878103222112
0.0, 24.62878103222112
190.74763267583256, 12.553331480693004
136.5139264653193, 54.233706210513276
11.782137216279153, 124.73178924904013
0.0, 11.782137216279153
0.0, 11.782137216279153
26.652382208012355, 109.86154425730693
0.0, 26.652382208012355
0.0, 26.652382208012355
174.30263026165483, 16.445002414177736
0.0, 174.30263026165483
0.0, 174.30263026165483
211.3723531432644, 0.1371377585255118
94.42376439887495, 116.94858874438945
0.0, 94.42376439887495
25.699260678607235, 68.72450372026772
5.059418176005628, 20.639842502601606
0.0, 5.059418176005628
0.0, 5.059418176005628
25.30551202928119, 0.3937486493260458
0.0, 25.30551202928119
0.0, 25.30551202928119
209.73242132306254, 1.6399318202018662
0.0, 209.73242132306254
90.56185032234157, 119.17057100072097
0.0, 90.56185032234157
53.0184991253358, 37.54335119700577
0.0, 53.0184991253358
37.03028946077249, 15.988209664563314
0.0, 37.03028946077249
0.0, 37.03028946077249
278.3003839764698, 21.263994340970783
250.75060367560312, 27.549780300866672
201.26191066388597, 49.488693011717146
0.0, 201.26191066388597
201.170755032098, 0.09115563178798425
0.0, 201.170755032098
136.66093476219888, 64.50982026989911
0.0, 136.66093476219888
0.0, 136.66093476219888
240.51736877242786, 10.233234903175259
201.03844799414196, 39.4789207782859
0.0, 201.03844799414196
190.67155738214913, 10.36689061199283
86.261327716571, 104.41022966557813
0.0, 86.261327716571
0.0, 86.261327716571
98.68280343391581, 91.98875394823332
0.0, 98.68280343391581
0.0, 98.68280343391581
225.62774320275454, 14.889625569673314
147.32051588137404, 78.30722732138051
38.435263259357264, 108.88525262201676
0.0, 38.435263259357264
32.67583992928556, 5.759423330071705
0.0, 32.67583992928556
0.0, 32.67583992928556
40.09521953420927, 107.22529634716477
0.0, 40.09521953420927
31.40097956910895, 8.69423996510032
20.615896195824952, 10.785083373284
0.0, 20.615896195824952
0.0, 20.615896195824952
22.178157123965274, 9.222822445143677
0.0, 22.178157123965274
0.0, 22.178157123965274
213.29732945076861, 12.33041375198593
0.0, 213.29732945076861
209.59001375909264, 3.707315691675973
187.63010418862288, 21.95990957046976
0.6807381925990303, 186.94936599602386
0.0, 0.6807381925990303
0.0, 0.6807381925990303
26.47619293546009, 161.1539112531628
0.0, 26.47619293546009
5.217767000504425, 21.258425934955667
0.0, 5.217767000504425
0.0, 5.217767000504425
205.15853793785703, 4.431475821235608
17.40497085338052, 187.75356708447651
0.0, 17.40497085338052
0.0, 17.40497085338052
203.42832619274452, 1.7302117451125127
0.0, 203.42832619274452
0.0, 203.42832619274452
261.3811876740806, 16.919196302389196
230.2881788496112, 31.093008824469393
208.06029778611486, 22.22788106349634
202.0612231205944, 5.999074665520453
192.34972234359591, 9.711500776998491
0.0, 192.34972234359591
164.69027422753427, 27.65944811606164
0.0, 164.69027422753427
37.653852729932744, 127.03642149760154
0.0, 37.653852729932744
0.0, 37.653852729932744
201.57283187718724, 0.48839124340716467
0.0, 201.57283187718724
132.40325417615819, 69.16957770102906
0.0, 132.40325417615819
46.64335799750453, 85.75989617865366
0.0, 46.64335799750453
0.0, 46.64335799750453
203.8437618412695, 4.216535944845361
0.0, 203.8437618412695
0.0, 203.8437618412695
209.50450555941023, 20.783673290200966
0.0, 209.50450555941023
200.7746463400674, 8.729859219342842
0.0, 200.7746463400674
47.294806692947056, 153.47983964712034
0.0, 47.294806692947056
0.0, 47.294806692947056
255.610895212877, 5.7702924612035815
207.24773726675778, 48.36315794611923
195.15256618331398, 12.095171083443802
0.0, 195.15256618331398
131.04648108829883, 64.10608509501515
0.0, 131.04648108829883
68.97210514970546, 62.07437593859338
0.0, 68.97210514970546
40.40742765900768, 28.564677490697775
0.0, 40.40742765900768
22.334410045621194, 18.073017613386487
0.0, 22.334410045621194
0.0, 22.334410045621194
204.66305147154216, 2.58468579521562
4.742307864485561, 199.9207436070566
0.0, 4.742307864485561
0.0, 4.742307864485561
39.24401182048754, 165.41903965105462
0.0, 39.24401182048754
0.0, 39.24401182048754
251.99857020930412, 3.6123250035728915
151.22165028793913, 100.77691992136499
0.0, 151.22165028793913
0.13077619984080974, 151.0908740880983
0.0, 0.13077619984080974
0.0, 0.13077619984080974
216.30492847679562, 35.693641732508496
0.0, 216.30492847679562
207.1041578840094, 9.200770592786228
0.0, 207.1041578840094
200.52464505174564, 6.5795128322637595
0.0, 200.52464505174564
198.41823197168264, 2.1064130800629925
0.0, 198.41823197168264
49.66075030385368, 148.75748166782896
0.0, 49.66075030385368
0.0, 49.66075030385368
303.25709507279464, 183.3435156415444
225.34903559869372, 77.90805947410092
201.27896553161347, 24.070070067080252
67.48974810693912, 133.78921742467435
0.0, 67.48974810693912
30.594727289858675, 36.89502081708044
0.0, 30.594727289858675
19.895884247317202, 10.698843042541473
0.0, 19.895884247317202
0.0, 19.895884247317202
200.13309123179235, 1.1458742998211164
0.0, 200.13309123179235
0.0, 200.13309123179235
219.75307654427593, 5.59595905441779
46.309812877337066, 173.44326366693886
0.0, 46.309812877337066
3.379630123626922, 42.93018275371014
0.0, 3.379630123626922
0.0, 3.379630123626922
211.68471602782165, 8.068360516454277
206.1033443293388, 5.5813716984828545
2.382024571299432, 203.72131975803936
0.0, 2.382024571299432
0.0, 2.382024571299432
201.0576651258125, 5.045679203526305
47.44822397105912, 153.60944115475337
0.0, 47.44822397105912
0.0, 47.44822397105912
111.43510146974725, 89.62256365606524
0.0, 111.43510146974725
92.65637008041831, 18.77873138932894
65.29584502664122, 27.360525053777096
0.0, 65.29584502664122
39.62112809899129, 25.674716927649925
0.0, 39.62112809899129
0.0, 39.62112809899129
80.87947640045402, 11.776893679964289
4.538883786609112, 76.3405926138449
0.0, 4.538883786609112
0.0, 4.538883786609112
78.35826043665672, 2.521215963797303
34.67694648410085, 43.68131395255587
0.0, 34.67694648410085
8.636721195611159, 26.040225288489694
0.0, 8.636721195611159
0.0, 8.636721195611159
45.991400065742994, 32.36686037091373
0.0, 45.991400065742994
33.64755286459204, 12.34384720115095
0.0, 33.64755286459204
0.0, 33.64755286459204
207.05627675934136, 4.628439268480292
204.59222117433922, 2.464055585002143
0.0, 204.59222117433922
202.73046997551597, 1.8617511988232422
200.1593210611232, 2.5711489143927793
0.0, 200.1593210611232
85.67021876852186, 114.48910229260133
0.0, 85.67021876852186
32.13422497708823, 53.53599379143363
0.0, 32.13422497708823
0.0, 32.13422497708823
201.92836024020153, 0.8021097353144455
31.706080415254988, 170.22227982494655
19.172284127771942, 12.533796287483046
0.0, 19.172284127771942
0.0, 19.172284127771942
29.18690562653463, 2.519174788720356
0.0, 29.18690562653463
0.0, 29.18690562653463
69.25802270532596, 132.67033753487556
0.0, 69.25802270532596
65.05118676265654, 4.206835942669414
0.0, 65.05118676265654
34.593680685869565, 30.457506076786977
0.0, 34.593680685869565
0.0, 34.593680685869565
205.3021661452472, 1.7541106140941451
0.0, 205.3021661452472
204.11389108916975, 1.1882750560774582
0.0, 204.11389108916975
203.10410808687573, 1.0097830022940286
72.01448180748618, 131.08962627938956
0.0, 72.01448180748618
0.0, 72.01448180748618
202.81798529989024, 0.2861227869854872
0.0, 202.81798529989024
42.14613302939012, 160.67185227050012
0.0, 42.14613302939012
0.0, 42.14613302939012
266.35360034735896, 36.90349472543568
210.52814676175728, 55.82545358560168
0.0, 210.52814676175728
203.9659100218994, 6.5622367398578945
32.179938331989575, 171.78597168990981
0.0, 32.179938331989575
5.167705745718178, 27.0122325862714
0.0, 5.167705745718178
0.0, 5.167705745718178
110.22530986507975, 93.74060015681964
0.0, 110.22530986507975
0.0, 110.22530986507975
211.73605780438126, 54.6175425429777
201.83157610439466, 9.904481699986604
0.0, 201.83157610439466
0.0, 201.83157610439466
207.83659084562743, 3.899466958753834
104.25597814890395, 103.58061269672348
0.0, 104.25597814890395
91.02319749806752, 13.232780650836432
23.649340371913834, 67.37385712615368
0.0, 23.649340371913834
0.0, 23.649340371913834
74.83000558958969, 16.19319190847783
0.0, 74.83000558958969
0.0, 74.83000558958969
206.66086125392627, 1.175729591701156
0.0, 206.66086125392627
204.3151576965879, 2.3457035573383678
0.0, 204.3151576965879
0.0, 204.3151576965879
