node_generations, branch_length
10837.944891294383, 15441.163940092933
153.4913514124456, 10684.453539881937
68.35226432159129, 85.1390870908543
0.0, 68.35226432159129
55.88827588022131, 12.463988441369985
0.0, 55.88827588022131
55.36591634517322, 0.5223595350480892
0.0, 55.36591634517322
52.80029571496324, 2.5656206302099775
50.00722812670331, 2.7930675882599303
0.0, 50.00722812670331
0.0, 50.00722812670331
50.30456373031854, 2.4957319846446993
0.0, 50.30456373031854
50.17380980102814, 0.13075392929039964
0.0, 50.17380980102814
0.0, 50.17380980102814
107.33379738705007, 46.15755402539553
52.47751481633045, 54.85628257071962
0.0, 52.47751481633045
50.98534613712478, 1.492168679205669
0.0, 50.98534613712478
48.54939660233941, 2.4359495347853724
0.0, 48.54939660233941
0.0, 48.54939660233941
68.42344286478114, 38.91035452226893
57.53202516156641, 10.891417703214728
49.40754607481715, 8.124479086749261
0.0, 49.40754607481715
29.395262213854316, 20.01228386096283
0.0, 29.395262213854316
0.0, 29.395262213854316
51.93372662720454, 5.5982985343618665
0.0, 51.93372662720454
51.06857567546175, 0.8651509517427911
0.0, 51.06857567546175
19.460733295167266, 31.607842380294485
0.0, 19.460733295167266
0.0, 19.460733295167266
65.08535525635965, 3.338087608421489
58.3398038718126, 6.745551384547049
0.0, 58.3398038718126
54.229954266450044, 4.109849605362555
51.93065710480792, 2.299297161642123
0.0, 51.93065710480792
51.315271646347284, 0.6153854584606364
0.0, 51.315271646347284
50.19653564821005, 1.1187359981372325
0.0, 50.19653564821005
0.0, 50.19653564821005
54.094032869145515, 0.13592139730452857
0.0, 54.094032869145515
19.74565146614165, 34.34838140300387
0.0, 19.74565146614165
0.0, 19.74565146614165
61.7685866399802, 3.3167686163794485
0.0, 61.7685866399802
51.102078607723485, 10.666508032256715
0.0, 51.102078607723485
50.76263786443504, 0.3394407432884421
0.0, 50.76263786443504
0.0, 50.76263786443504
3053.5192122326484, 7784.425679061735
2023.2748397088628, 1030.2443725237856
81.12438025513175, 1942.1504594537312
72.70495438808126, 8.419425867050492
66.12640982143526, 6.578544566646002
50.07777759474805, 16.04863222668721
0.0, 50.07777759474805
0.0, 50.07777759474805
52.26329578293888, 13.863114038496377
5.503080949964385, 46.7602148329745
0.0, 5.503080949964385
0.0, 5.503080949964385
50.67618506572739, 1.5871107172114947
0.0, 50.67618506572739
0.0, 50.67618506572739
72.55293585659001, 0.152018531491251
50.80223367410551, 21.750702182484503
0.0, 50.80223367410551
2.393882483165268, 48.40835119094024
0.0, 2.393882483165268
0.0, 2.393882483165268
54.49389426975023, 18.059041586839783
14.857397445437671, 39.63649682431256
0.0, 14.857397445437671
0.0, 14.857397445437671
50.341110158675335, 4.152784111074894
0.0, 50.341110158675335
40.282356249737724, 10.05875390893761
0.0, 40.282356249737724
34.71421973682686, 5.568136512910861
0.0, 34.71421973682686
22.042144753930078, 12.672074982896785
0.0, 22.042144753930078
12.785264255794303, 9.256880498135775
0.0, 12.785264255794303
0.0, 12.785264255794303
74.804403643999, 6.319976611132759
0.0, 74.804403643999
56.674419858934726, 18.12998378506427
51.331547799294334, 5.342872059640392
0.0, 51.331547799294334
0.0, 51.331547799294334
54.79950813169166, 1.8749117272430667
0.0, 54.79950813169166
47.21582747287401, 7.583680658817649
0.0, 47.21582747287401
22.736017919808173, 24.479809553065838
0.0, 22.736017919808173
0.0, 22.736017919808173
105.93095732427102, 1917.3438823845918
82.24459415272482, 23.686363171546205
51.40006243630733, 30.844531716417485
0.0, 51.40006243630733
51.35812583970076, 0.041936596606568344
0.0, 51.35812583970076
50.69123200494406, 0.6668938347566993
0.0, 50.69123200494406
24.39109783469206, 26.300134170252
0.0, 24.39109783469206
0.0, 24.39109783469206
58.83525118019705, 23.409342972527767
51.00579955299785, 7.829451627199198
26.84973975709072, 24.15605979590713
0.0, 26.84973975709072
0.0, 26.84973975709072
50.39110530436867, 0.6146942486291778
0.0, 50.39110530436867
38.49207372806311, 11.89903157630556
0.0, 38.49207372806311
0.0, 38.49207372806311
58.33168165870775, 0.5035695214892968
51.76148677489478, 6.570194883812974
0.0, 51.76148677489478
26.32707742980315, 25.434409345091627
0.0, 26.32707742980315
0.0, 26.32707742980315
52.40590116673773, 5.925780491970023
0.0, 52.40590116673773
0.0, 52.40590116673773
88.30848241956323, 17.622474904707786
61.31951173959127, 26.988970679971963
51.962712816130804, 9.356798923460467
0.0, 51.962712816130804
33.823159280073334, 18.13955353605747
0.0, 33.823159280073334
0.0, 33.823159280073334
54.336699248401615, 6.982812491189655
0.0, 54.336699248401615
52.50573698841282, 1.8309622599887945
22.47634972263106, 30.02938726578176
0.0, 22.47634972263106
8.381141661222856, 14.095208061408204
0.0, 8.381141661222856
0.0, 8.381141661222856
52.465591988846185, 0.04014499956663542
0.0, 52.465591988846185
51.471906022309625, 0.9936859665365603
0.0, 51.471906022309625
0.0, 51.471906022309625
83.52467010601136, 4.783812313551877
32.86066891287119, 50.664001193140166
0.0, 32.86066891287119
0.0, 32.86066891287119
54.0186608761749, 29.506009229836458
0.0, 54.0186608761749
52.182570272887254, 1.8360906032876443
0.0, 52.182570272887254
45.41467068975717, 6.767899583130081
0.0, 45.41467068975717
30.41236516150372, 15.002305528253455
0.0, 30.41236516150372
9.925091232277557, 20.487273929226163
0.0, 9.925091232277557
0.0, 9.925091232277557
2739.0545436854704, 314.464668547178
62.08371384215811, 2676.9708298433125
0.0, 62.08371384215811
54.01863972925326, 8.065074112904853
0.0, 54.01863972925326
53.47505697133945, 0.5435827579138106
50.781843943082166, 2.693213028257283
0.0, 50.781843943082166
9.395246490563427, 41.38659745251874
0.0, 9.395246490563427
0.0, 9.395246490563427
52.22341306865887, 1.251643902680577
0.0, 52.22341306865887
51.838943312203796, 0.38446975645507564
0.0, 51.838943312203796
0.0, 51.838943312203796
921.1387365087202, 1817.9158071767501
184.12800894420863, 737.0107275645115
128.81820009344386, 55.30980885076477
75.82654790256534, 52.991652190878526
50.87393108074411, 24.95261682182123
13.581473290273738, 37.292457790470365
0.0, 13.581473290273738
0.0, 13.581473290273738
50.830601952123146, 0.043329128620960944
1.8359359072573538, 48.994666044865795
0.0, 1.8359359072573538
0.0, 1.8359359072573538
10.619186337407005, 40.211415614716145
0.0, 10.619186337407005
0.0, 10.619186337407005
62.742833622758916, 13.083714279806422
55.98215853940343, 6.760675083355487
53.67526829734802, 2.3068902420554096
0.0, 53.67526829734802
0.0, 53.67526829734802
55.24436017647485, 0.7377983629285794
0.0, 55.24436017647485
51.85233036014027, 3.3920298163345777
0.0, 51.85233036014027
51.53267556925374, 0.31965479088653126
0.0, 51.53267556925374
0.0, 51.53267556925374
57.045831693324175, 5.697001929434741
51.40432067194356, 5.641511021380616
0.0, 51.40432067194356
10.755864542871905, 40.648456129071654
0.0, 10.755864542871905
0.0, 10.755864542871905
53.630273985868506, 3.415557707455669
0.0, 53.630273985868506
0.0, 53.630273985868506
128.79382395985334, 0.02437613359052193
38.37302398643811, 90.42079997341523
0.0, 38.37302398643811
32.944499729290584, 5.428524257147529
0.0, 32.944499729290584
0.0, 32.944499729290584
88.9120656300177, 39.88175832983565
56.1678327499047, 32.744232880112996
0.0, 56.1678327499047
52.300340965386624, 3.867491784518073
0.0, 52.300340965386624
51.65919034145978, 0.6411506239268476
0.0, 51.65919034145978
0.0, 51.65919034145978
87.31187257579207, 1.6001930542256275
63.50056749650994, 23.81130507928213
0.0, 63.50056749650994
55.01211225093985, 8.488455245570087
0.0, 55.01211225093985
25.966108123550146, 29.046004127389704
0.0, 25.966108123550146
22.808329709339798, 3.157778414210348
0.0, 22.808329709339798
0.0, 22.808329709339798
65.68723905109186, 21.6246335247002
61.81592761999484, 3.871311431097027
56.46897505332055, 5.34695256667429
0.0, 56.46897505332055
55.94496239444991, 0.5240126588706389
54.25424585132765, 1.6907165431222566
0.0, 54.25424585132765
52.77565817952557, 1.4785876718020816
0.0, 52.77565817952557
0.0, 52.77565817952557
55.57888918849988, 0.36607320595003046
0.0, 55.57888918849988
50.6630124060777, 4.915876782422181
0.0, 50.6630124060777
50.271805668750225, 0.39120673732747235
0.0, 50.271805668750225
0.0, 50.271805668750225
59.84356820224105, 1.9723594177537862
53.888552969708655, 5.955015232532396
32.59211867704575, 21.29643429266291
0.0, 32.59211867704575
10.658014442164163, 21.934104234881584
0.0, 10.658014442164163
0.0, 10.658014442164163
50.07590508972142, 3.8126478799872388
0.0, 50.07590508972142
0.0, 50.07590508972142
59.754870012729995, 0.08869818951105657
0.0, 59.754870012729995
56.03129646861742, 3.7235735441125755
0.0, 56.03129646861742
0.0, 56.03129646861742
65.02337191758839, 0.6638671335034729
53.67237354521744, 11.350998372370952
0.0, 53.67237354521744
53.30041635908059, 0.3719571861368465
0.0, 53.30041635908059
0.0, 53.30041635908059
59.93484193636568, 5.088529981222713
57.21490310987276, 2.719938826492921
0.0, 57.21490310987276
53.6597081938719, 3.5551949160008576
0.0, 53.6597081938719
52.853249047951365, 0.8064591459205346
0.0, 52.853249047951365
50.84757452774299, 2.0056745202083732
0.0, 50.84757452774299
50.800521558664045, 0.047052969078947626
18.371857002618572, 32.428664556045476
0.0, 18.371857002618572
0.0, 18.371857002618572
50.54112203073338, 0.2593995279306611
0.0, 50.54112203073338
0.0, 50.54112203073338
58.1750154562936, 1.7598264800720784
55.346116921452406, 2.828898534841194
0.0, 55.346116921452406
52.51414684676595, 2.83197007468646
0.0, 52.51414684676595
0.0, 52.51414684676595
57.18483768267918, 0.9901777736144197
0.0, 57.18483768267918
55.626475788234934, 1.5583618944442463
39.2331556592582, 16.393320128976733
0.0, 39.2331556592582
25.617799792330974, 13.615355866927228
0.0, 25.617799792330974
15.513331146869305, 10.104468645461669
0.0, 15.513331146869305
0.0, 15.513331146869305
51.172234045578115, 4.454241742656819
0.0, 51.172234045578115
0.0, 51.172234045578115
167.70354468954181, 16.424464254666816
74.24875863708249, 93.45478605245933
50.04890808608305, 24.199850550999436
0.0, 50.04890808608305
0.0, 50.04890808608305
61.14505523827915, 13.10370339880334
50.62516254914879, 10.519892689130359
0.0, 50.62516254914879
7.916178335214416, 42.70898421393437
0.0, 7.916178335214416
0.0, 7.916178335214416
55.70306642439178, 5.44198881388737
0.0, 55.70306642439178
50.688770376872846, 5.014296047518933
0.0, 50.688770376872846
11.608611791895395, 39.080158584977454
0.0, 11.608611791895395
0.0, 11.608611791895395
85.7887225509176, 81.91482213862422
55.362134598059555, 30.426587952858043
51.35060241534917, 4.011532182710383
0.0, 51.35060241534917
0.0, 51.35060241534917
54.54161220179394, 0.8205223962656163
50.21301959220044, 4.3285926095935
0.0, 50.21301959220044
0.0, 50.21301959220044
50.65872268244737, 3.88288951934657
0.0, 50.65872268244737
26.940539330038792, 23.718183352408577
0.0, 26.940539330038792
1.8871340964550192, 25.053405233583774
0.0, 1.8871340964550192
0.0, 1.8871340964550192
75.07279138784874, 10.71593116306886
52.22271290059975, 22.850078487248986
50.447869851358085, 1.7748430492416674
0.0, 50.447869851358085
0.0, 50.447869851358085
51.95117566314108, 0.27153723745867353
35.80288869858471, 16.14828696455637
0.0, 35.80288869858471
0.0, 35.80288869858471
51.58798751267379, 0.3631881504672876
0.0, 51.58798751267379
51.23137709276729, 0.35661041990650233
0.0, 51.23137709276729
50.17961968113276, 1.0517574116345259
0.0, 50.17961968113276
11.66891561914258, 38.51070406199018
0.0, 11.66891561914258
0.0, 11.66891561914258
57.15663875425357, 17.916152633595168
48.99910978105124, 8.157528973202332
0.0, 48.99910978105124
0.34202306492622503, 48.657086716125015
0.0, 0.34202306492622503
0.0, 0.34202306492622503
54.3522459489909, 2.8043928052626725
0.0, 54.3522459489909
52.334790308665475, 2.017455640325423
0.0, 52.334790308665475
50.483813193322405, 1.8509771153430705
0.0, 50.483813193322405
8.323964708876268, 42.15984848444614
0.0, 8.323964708876268
0.0, 8.323964708876268
204.50229637190824, 716.6364401368119
55.54163307224728, 148.96066329966095
0.0, 55.54163307224728
33.298550077699566, 22.243082994547713
0.0, 33.298550077699566
0.0, 33.298550077699566
196.18336120094594, 8.318935170962305
78.99351197628758, 117.18984922465836
0.0, 78.99351197628758
73.24783577729646, 5.74567619899112
50.10771574707071, 23.140120030225745
0.0, 50.10771574707071
0.0, 50.10771574707071
53.13141144060724, 20.11642433668922
0.0, 53.13141144060724
52.685033807144556, 0.44637763346268144
0.0, 52.685033807144556
51.29986202244765, 1.385171784696908
0.0, 51.29986202244765
0.0, 51.29986202244765
99.07124413040364, 97.1121170705423
52.23909196869288, 46.83215216171076
0.0, 52.23909196869288
0.0, 52.23909196869288
92.13082213543012, 6.940421994973519
82.67105071576941, 9.459771419660711
55.00661157706293, 27.664439138706484
0.0, 55.00661157706293
54.34728684022805, 0.6593247368348756
0.0, 54.34728684022805
53.38564018911756, 0.9616466511104917
29.57164402695348, 23.81399616216408
0.0, 29.57164402695348
14.018795450356397, 15.552848576597082
0.0, 14.018795450356397
0.0, 14.018795450356397
52.529727689448414, 0.8559124996691452
0.0, 52.529727689448414
50.19337806965096, 2.3363496197974527
0.0, 50.19337806965096
2.1824451994339142, 48.01093287021705
0.0, 2.1824451994339142
0.0, 2.1824451994339142
61.167646964076546, 21.503403751692865
0.0, 61.167646964076546
56.700849155672294, 4.466797808404252
51.584638788992805, 5.116210366679489
0.0, 51.584638788992805
0.0, 51.584638788992805
54.397168172925475, 2.303680982746819
22.144059079047956, 32.25310909387752
0.0, 22.144059079047956
0.0, 22.144059079047956
49.62131298470395, 4.775855188221527
0.0, 49.62131298470395
0.0, 49.62131298470395
85.23595896929379, 6.894863166136332
60.716055023573205, 24.519903945720586
0.0, 60.716055023573205
3.2530613176332333, 57.46299370593997
0.0, 3.2530613176332333
0.0, 3.2530613176332333
82.43680002314589, 2.799158946147898
69.33826799237059, 13.098532030775303
55.76027101458601, 13.57799697778458
0.0, 55.76027101458601
51.368002559066674, 4.392268455519336
2.5806843843812532, 48.787318174685424
0.0, 2.5806843843812532
0.0, 2.5806843843812532
5.094050153355107, 46.27395240571157
0.0, 5.094050153355107
0.0, 5.094050153355107
68.97146017952139, 0.3668078128492027
58.35887362410604, 10.612586555415348
10.383156093661457, 47.975717530444584
0.0, 10.383156093661457
0.0, 10.383156093661457
50.818301217895446, 7.540572406210593
0.0, 50.818301217895446
50.40369970225728, 0.41460151563816794
0.0, 50.40369970225728
0.0, 50.40369970225728
61.01455053444449, 7.956909645076898
50.39663159092768, 10.617918943516806
0.0, 50.39663159092768
50.38188613580234, 0.014745455125343199
0.0, 50.38188613580234
50.2465350895052, 0.13535104629713857
0.0, 50.2465350895052
0.0, 50.2465350895052
58.62630591800815, 2.3882446164363387
50.285308429108994, 8.340997488899156
0.0, 50.285308429108994
0.0, 50.285308429108994
57.15365198003402, 1.4726539379741297
0.0, 57.15365198003402
56.00014438957794, 1.1535075904560799
0.0, 56.00014438957794
54.2409655961145, 1.759178793463441
50.871601819004375, 3.3693637771101237
42.35342149891264, 8.518180320091737
0.0, 42.35342149891264
0.0, 42.35342149891264
50.228213752967875, 0.6433880660365006
0.0, 50.228213752967875
1.603466123168596, 48.62474762979928
0.0, 1.603466123168596
0.0, 1.603466123168596
52.09279242432007, 2.1481731717944257
0.0, 52.09279242432007
0.0, 52.09279242432007
71.27103366880289, 11.165766354343006
51.138644490131696, 20.13238917867119
0.0, 51.138644490131696
50.279701194352775, 0.8589432957789214
0.0, 50.279701194352775
0.0, 50.279701194352775
55.95582627160235, 15.315207397200538
0.0, 55.95582627160235
53.817175254337236, 2.1386510172651114
34.12393290511469, 19.693242349222544
0.0, 34.12393290511469
0.0, 34.12393290511469
52.89110223643975, 0.9260730178974867
0.0, 52.89110223643975
51.03590265610797, 1.855199580331778
0.0, 51.03590265610797
12.803815924855908, 38.23208673125207
0.0, 12.803815924855908
0.0, 12.803815924855908
14068.071654649977, 12211.037176737338
2639.1707013948926, 11428.900953255084
215.394678156148, 2423.7760232387445
0.0, 215.394678156148
116.86509457362922, 98.52958358251877
58.89460762036982, 57.9704869532594
53.72079370851069, 5.173813911859128
2.3755248106097495, 51.345268897900944
0.0, 2.3755248106097495
0.0, 2.3755248106097495
50.88715198785655, 2.8336417206541427
0.0, 50.88715198785655
0.0, 50.88715198785655
56.79284986875708, 2.1017577516127375
33.38952453499013, 23.40332533376695
0.0, 33.38952453499013
0.0, 33.38952453499013
55.97093907337121, 0.8219107953858682
0.0, 55.97093907337121
51.83521977428939, 4.135719299081821
0.0, 51.83521977428939
5.492391505669221, 46.342828268620174
0.0, 5.492391505669221
0.0, 5.492391505669221
108.22973310256803, 8.635361471061188
86.56378753418618, 21.665945568381858
55.29365748486972, 31.270130049316457
36.264063828800616, 19.029593656069103
0.0, 36.264063828800616
0.0, 36.264063828800616
53.226010749820404, 2.0676467350493155
0.0, 53.226010749820404
50.395279781380836, 2.8307309684395676
0.0, 50.395279781380836
0.0, 50.395279781380836
74.7295548127399, 11.83423272144627
60.17258306588223, 14.556971746857677
54.224870284013356, 5.947712781868873
0.0, 54.224870284013356
50.04722436049298, 4.177645923520373
0.0, 50.04722436049298
0.0, 50.04722436049298
59.40304578873045, 0.7695372771517768
0.0, 59.40304578873045
52.14957623093025, 7.2534695578002015
0.0, 52.14957623093025
0.0, 52.14957623093025
64.87579252169238, 9.85376229104753
56.42773563284937, 8.448056888843006
51.32320284078408, 5.104532792065292
0.0, 51.32320284078408
0.0, 51.32320284078408
54.39022955535881, 2.037506077490562
0.0, 54.39022955535881
25.161498840235975, 29.228730715122833
0.0, 25.161498840235975
0.0, 25.161498840235975
56.71900103359393, 8.156791488098442
0.0, 56.71900103359393
0.0, 56.71900103359393
90.98008603330663, 17.2496470692614
65.20813166661468, 25.771954366691958
57.35593116783147, 7.852200498783205
50.012353891086796, 7.343577276744675
0.0, 50.012353891086796
49.435701567797125, 0.5766523232896716
0.0, 49.435701567797125
0.0, 49.435701567797125
54.36223170493591, 2.993699462895563
0.0, 54.36223170493591
50.18532630802505, 4.176905396910861
3.5374579458759228, 46.647868362149126
0.0, 3.5374579458759228
0.0, 3.5374579458759228
50.03988319841528, 0.14544310960976503
0.0, 50.03988319841528
0.0, 50.03988319841528
57.77373731406047, 7.434394352554207
52.10698022986764, 5.666757084192831
0.0, 52.10698022986764
0.0, 52.10698022986764
56.76407785093125, 1.0096594631292177
0.0, 56.76407785093125
0.0, 56.76407785093125
90.22957712745236, 0.7505089058542751
58.17793510068671, 32.05164202676565
50.4321892702494, 7.745745830437308
0.0, 50.4321892702494
0.0, 50.4321892702494
52.57158636721298, 5.60634873347373
50.63390819623486, 1.937678170978117
0.0, 50.63390819623486
0.0, 50.63390819623486
52.2265287253531, 0.3450576418598814
0.0, 52.2265287253531
0.0, 52.2265287253531
79.93244120697805, 10.297135920474304
64.8551173295761, 15.077323877401952
50.04652305756359, 14.808594272012513
0.0, 50.04652305756359
22.18923533973185, 27.85728771783174
0.0, 22.18923533973185
0.0, 22.18923533973185
55.484817259144954, 9.37030007043115
37.05235783635659, 18.432459422788362
0.0, 37.05235783635659
0.0, 37.05235783635659
50.68325233879994, 4.801564920345015
0.0, 50.68325233879994
34.423089095831244, 16.260163242968694
0.0, 34.423089095831244
0.0, 34.423089095831244
65.20041783843759, 14.732023368540467
0.0, 65.20041783843759
59.46072214245241, 5.739695695985176
50.33338717811577, 9.12733496433664
0.0, 50.33338717811577
16.2579057414011, 34.07548143671467
0.0, 16.2579057414011
5.9643803868127785, 10.293525354588322
0.0, 5.9643803868127785
0.0, 5.9643803868127785
59.10020477061871, 0.36051737183370136
50.32151982156639, 8.77868494905232
0.0, 50.32151982156639
23.70959598480864, 26.61192383675775
0.0, 23.70959598480864
0.0, 23.70959598480864
57.0385784563741, 2.061626314244613
0.0, 57.0385784563741
44.368600473961195, 12.669977982412902
0.0, 44.368600473961195
0.0, 44.368600473961195
1531.3118308615126, 1107.85887053338
204.931286220362, 1326.3805446411507
65.34934402260785, 139.58194219775416
53.74806433553345, 11.601279687074403
0.0, 53.74806433553345
0.0, 53.74806433553345
57.732072883131984, 7.617271139475868
0.0, 57.732072883131984
54.556743020818516, 3.1753298623134683
6.4439733803738815, 48.11276964044463
0.0, 6.4439733803738815
0.0, 6.4439733803738815
51.43434935249907, 3.1223936683194466
50.45688635368815, 0.9774629988109211
0.0, 50.45688635368815
50.28363580210002, 0.17325055158812575
0.0, 50.28363580210002
0.0, 50.28363580210002
51.37192267051921, 0.06242668197985779
0.0, 51.37192267051921
0.0, 51.37192267051921
169.93703823754612, 34.99424798281589
57.447467378924735, 112.48957085862139
0.0, 57.447467378924735
53.876506339060256, 3.5709610398644784
50.17149045901106, 3.7050158800491957
0.0, 50.17149045901106
0.0, 50.17149045901106
51.06009255254706, 2.816413786513195
0.0, 51.06009255254706
51.041586442029775, 0.018506110517286345
0.0, 51.041586442029775
0.0, 51.041586442029775
162.73157011516875, 7.2054681223773684
70.72846184652171, 92.00310826864704
50.721924904990416, 20.006536941531294
0.0, 50.721924904990416
47.21232785440394, 3.5095970505864784
0.0, 47.21232785440394
31.505340296891053, 15.706987557512885
0.0, 31.505340296891053
31.445678960850298, 0.05966133604075452
0.0, 31.445678960850298
11.475014336148595, 19.970664624701705
0.0, 11.475014336148595
0.0, 11.475014336148595
51.14663535438623, 19.581826492135484
21.25745611843933, 29.889179235946898
0.0, 21.25745611843933
0.0, 21.25745611843933
37.91036234686131, 13.236273007524915
12.073094504334263, 25.837267842527048
0.0, 12.073094504334263
0.0, 12.073094504334263
18.6974105167737, 19.21295183008761
0.0, 18.6974105167737
0.0, 18.6974105167737
133.66725568000788, 29.064314435160867
53.32542975521713, 80.34182592479075
0.0, 53.32542975521713
0.0, 53.32542975521713
109.39649936628493, 24.270756313722956
65.55122046164045, 43.84527890464447
0.0, 65.55122046164045
60.51969066702363, 5.031529794616823
54.704396451621996, 5.815294215401636
0.0, 54.704396451621996
48.1304378013675, 6.573958650254497
0.0, 48.1304378013675
24.40512291538921, 23.72531488597829
0.0, 24.40512291538921
17.81649770612865, 6.5886252092605595
0.0, 17.81649770612865
0.0, 17.81649770612865
59.250178189272525, 1.2695124777511069
42.824477102961325, 16.4257010863112
0.0, 42.824477102961325
0.0, 42.824477102961325
58.83051354096064, 0.4196646483118869
55.17235757898368, 3.6581559619769592
0.0, 55.17235757898368
0.0, 55.17235757898368
57.51710596304512, 1.3134075779155197
55.078529941546726, 2.438576021498392
0.0, 55.078529941546726
54.160035834431746, 0.9184941071149808
50.08036841674256, 4.079667417689187
0.0, 50.08036841674256
49.80701266518098, 0.27335575156158143
0.0, 49.80701266518098
0.0, 49.80701266518098
51.691202934172665, 2.4688329002590805
0.0, 51.691202934172665
0.0, 51.691202934172665
56.57806589277191, 0.939040070273208
0.0, 56.57806589277191
55.58950580132547, 0.9885600914464376
0.0, 55.58950580132547
53.09287008249527, 2.4966357188302055
51.85468661375835, 1.2381834687369135
0.0, 51.85468661375835
23.46062642226843, 28.394060191489924
0.0, 23.46062642226843
0.0, 23.46062642226843
53.03575549393247, 0.05711458856279705
34.01709674045796, 19.01865875347451
0.0, 34.01709674045796
0.0, 34.01709674045796
50.9383697208877, 2.0973857730447705
0.0, 50.9383697208877
24.385066361545302, 26.553303359342397
0.0, 24.385066361545302
0.0, 24.385066361545302
98.29530511128644, 11.10119425499849
74.43954336781076, 23.855761743475682
61.45907122454043, 12.980472143270326
52.72528271368797, 8.733788510852463
0.0, 52.72528271368797
51.40899743055115, 1.3162852831368141
0.0, 51.40899743055115
0.0, 51.40899743055115
54.37853137551752, 7.080539849022912
0.0, 54.37853137551752
53.26304242999942, 1.115488945518095
0.0, 53.26304242999942
0.0, 53.26304242999942
74.42055759639881, 0.01898577141194835
52.514463712404925, 21.906093883993883
41.160872192919165, 11.35359151948576
0.0, 41.160872192919165
0.0, 41.160872192919165
50.828849242683965, 1.68561446972096
0.0, 50.828849242683965
41.5338917532047, 9.294957489479266
0.0, 41.5338917532047
0.0, 41.5338917532047
70.3993366588955, 4.021220937503301
66.94023949075057, 3.459097168144936
0.0, 66.94023949075057
55.80968947955371, 11.13055001119686
38.17110336461814, 17.63858611493557
0.0, 38.17110336461814
0.0, 38.17110336461814
54.220425854723096, 1.5892636248306147
0.0, 54.220425854723096
52.15457604805242, 2.065849806670677
0.0, 52.15457604805242
0.0, 52.15457604805242
70.14258136300136, 0.2567552958941519
54.3889588027554, 15.753622560245958
0.0, 54.3889588027554
50.20475032908514, 4.18420847367026
0.0, 50.20475032908514
16.18035482373042, 34.02439550535472
0.0, 16.18035482373042
0.0, 16.18035482373042
61.96339063806528, 8.179190724936078
48.66211017901395, 13.301280459051327
0.0, 48.66211017901395
24.867601212297036, 23.794508966716915
0.0, 24.867601212297036
0.0, 24.867601212297036
55.65839773812393, 6.304992899941347
0.0, 55.65839773812393
55.43900828249338, 0.219389455630548
50.19480220722601, 5.244206075267371
0.0, 50.19480220722601
46.76792616390731, 3.4268760433186998
0.0, 46.76792616390731
2.957394522850436, 43.810531641056876
0.0, 2.957394522850436
0.0, 2.957394522850436
51.66368372319284, 3.775324559300543
36.22981032843887, 15.433873394753967
0.0, 36.22981032843887
0.0, 36.22981032843887
51.222530549657485, 0.4411531735353549
0.0, 51.222530549657485
0.0, 51.222530549657485
89.65849366856656, 8.636811442719875
78.0458720296252, 11.612621638941363
53.82575048606819, 24.220121543557013
0.0, 53.82575048606819
50.56946382286366, 3.256286663204527
0.0, 50.56946382286366
0.0, 50.56946382286366
65.97315931300825, 12.072712716616948
57.22421711911361, 8.748942193894642
50.09111472376889, 7.1331023953447215
0.0, 50.09111472376889
0.0, 50.09111472376889
57.027629098952396, 0.19658802016121513
53.20089301351027, 3.8267360854421284
47.26340144719122, 5.937491566319046
0.0, 47.26340144719122
9.86407362500102, 37.3993278221902
0.0, 9.86407362500102
0.0, 9.86407362500102
53.15495576558439, 0.0459372479258775
0.0, 53.15495576558439
53.01194356604367, 0.14301219954072053
13.360828545625797, 39.651115020417876
0.0, 13.360828545625797
1.8651138200763984, 11.495714725549398
0.0, 1.8651138200763984
0.0, 1.8651138200763984
50.56217063503682, 2.449772931006848
0.0, 50.56217063503682
0.0, 50.56217063503682
55.41594837037306, 1.611680728579337
0.0, 55.41594837037306
51.941749001562314, 3.474199368810744
0.0, 51.941749001562314
0.0, 51.941749001562314
64.54533486107431, 1.4278244519339438
57.93431029355909, 6.611024567515216
54.08254213419087, 3.851768159368227
0.0, 54.08254213419087
50.04695601069987, 4.035586123490994
0.0, 50.04695601069987
22.097430014108888, 27.949525996590985
0.0, 22.097430014108888
0.0, 22.097430014108888
55.257464876888186, 2.6768454166709077
40.60487103998034, 14.652593836907847
0.0, 40.60487103998034
27.89808343205646, 12.706787607923879
0.0, 27.89808343205646
0.0, 27.89808343205646
51.265814413135246, 3.99165046375294
0.0, 51.265814413135246
50.33974916478454, 0.926065248350703
0.0, 50.33974916478454
22.442168779485463, 27.89758038529908
0.0, 22.442168779485463
0.0, 22.442168779485463
63.973281351520995, 0.5720535095533137
55.628595804145036, 8.34468554737596
53.01035019092136, 2.618245613223678
0.0, 53.01035019092136
0.0, 53.01035019092136
54.72013829656881, 0.9084575075762231
0.0, 54.72013829656881
51.04977889195102, 3.670359404617791
0.0, 51.04977889195102
15.409247009418182, 35.64053188253284
0.0, 15.409247009418182
0.0, 15.409247009418182
60.22428881915324, 3.748992532367758
55.06678169859495, 5.157507120558286
0.0, 55.06678169859495
53.154762750433505, 1.912018948161446
50.831781724053094, 2.322981026380411
0.0, 50.831781724053094
50.18367561078251, 0.6481061132705861
27.714411913946602, 22.469263696835906
0.0, 27.714411913946602
0.0, 27.714411913946602
50.11627555444378, 0.0674000563387267
0.0, 50.11627555444378
0.0, 50.11627555444378
51.9877254698913, 1.1670372805422033
0.0, 51.9877254698913
0.0, 51.9877254698913
58.31561963446113, 1.9086691846921084
54.97879408040634, 3.3368255540547906
0.0, 54.97879408040634
53.92343121549582, 1.0553628649105207
0.0, 53.92343121549582
0.0, 53.92343121549582
58.07979435398431, 0.23582528047681706
0.0, 58.07979435398431
0.0, 58.07979435398431
84.8039477618564, 4.8545459067101575
0.0, 84.8039477618564
52.000412489049396, 32.80353527280701
0.0, 52.000412489049396
51.385913354584126, 0.6144991344652695
0.0, 51.385913354584126
0.0, 51.385913354584126
518.078382966574, 1013.2334478949385
138.41254804880828, 379.6658349177658
99.52216345523463, 38.89038459357364
54.367525881456814, 45.15463757377782
0.0, 54.367525881456814
50.580193893094865, 3.7873319883619487
0.0, 50.580193893094865
35.22837071420961, 15.351823178885255
0.0, 35.22837071420961
0.0, 35.22837071420961
73.01962603284015, 26.502537422394482
54.26211486770518, 18.75751116513497
50.0106331889232, 4.251481678781978
0.0, 50.0106331889232
22.313395149825855, 27.697238039097346
0.0, 22.313395149825855
18.59878853267586, 3.714606617149993
0.0, 18.59878853267586
0.0, 18.59878853267586
50.066213038022504, 4.1959018296826756
0.0, 50.066213038022504
0.0, 50.066213038022504
61.482866510276445, 11.536759522563706
53.98495814006829, 7.497908370208158
50.796653268033545, 3.1883048720347418
0.0, 50.796653268033545
36.107159645120326, 14.689493622913218
0.0, 36.107159645120326
18.327521139054042, 17.779638506066284
0.0, 18.327521139054042
0.0, 18.327521139054042
53.265161511485516, 0.7197966285827704
0.0, 53.265161511485516
42.69098849839272, 10.574173013092796
0.0, 42.69098849839272
14.236947295096805, 28.454041203295915
0.0, 14.236947295096805
0.0, 14.236947295096805
58.89537185466777, 2.5874946556086726
53.125582519563196, 5.769789335104576
0.0, 53.125582519563196
53.05434024388794, 0.0712422756752531
0.0, 53.05434024388794
0.0, 53.05434024388794
54.50996396568538, 4.385407888982392
0.0, 54.50996396568538
50.934304774271745, 3.575659191413635
0.0, 50.934304774271745
9.734157333180585, 41.20014744109116
0.0, 9.734157333180585
0.0, 9.734157333180585
132.0001071070787, 6.412440941729585
100.74094210740812, 31.259164999670574
55.371808025110994, 45.36913408229712
31.657197599932232, 23.714610425178762
0.0, 31.657197599932232
0.0, 31.657197599932232
52.83002230854341, 2.5417857165675812
0.0, 52.83002230854341
52.41566504690414, 0.41435726163927455
0.0, 52.41566504690414
51.6131259229616, 0.8025391239425375
0.0, 51.6131259229616
51.36096595216422, 0.2521599707973792
0.0, 51.36096595216422
0.0, 51.36096595216422
61.54951084158054, 39.191431265827575
0.0, 61.54951084158054
54.94098722438412, 6.608523617196418
50.47216175346742, 4.4688254709167055
0.0, 50.47216175346742
46.89130804940479, 3.5808537040626263
0.0, 46.89130804940479
15.79129758349521, 31.100010465909584
0.0, 15.79129758349521
0.0, 15.79129758349521
53.96772733413954, 0.9732598902445844
51.011068824975155, 2.9566585091643844
0.0, 51.011068824975155
0.0, 51.011068824975155
51.78832591628802, 2.1794014178515226
0.0, 51.78832591628802
51.40912594349736, 0.37919997279065853
0.0, 51.40912594349736
51.04602146459956, 0.36310447889779596
0.0, 51.04602146459956
43.39795953974123, 7.648061924858332
0.0, 43.39795953974123
41.63906965522159, 1.7588898845196397
0.0, 41.63906965522159
0.0, 41.63906965522159
113.00893752956526, 18.991169577513432
57.79254245813791, 55.21639507142735
0.0, 57.79254245813791
51.67131538508336, 6.121227073054548
0.0, 51.67131538508336
0.0, 51.67131538508336
104.45345345941675, 8.555484070148509
33.55445407698091, 70.89899938243585
0.0, 33.55445407698091
0.0, 33.55445407698091
98.13104209256328, 6.322411366853473
71.83556738992426, 26.295474702639012
55.036276657934195, 16.79929073199007
0.0, 55.036276657934195
0.0, 55.036276657934195
58.45063585155098, 13.384931538373287
0.0, 58.45063585155098
0.0, 58.45063585155098
79.37605968086903, 18.754982411694243
55.70390212979643, 23.6721575510726
0.0, 55.70390212979643
54.63278914393051, 1.0711129858659234
0.0, 54.63278914393051
51.87882817894059, 2.753960964989922
0.0, 51.87882817894059
50.081013531853905, 1.7978146470866818
0.0, 50.081013531853905
0.0, 50.081013531853905
79.30025629201948, 0.0758033888495504
71.77401406260594, 7.5262422294135405
53.58375835935357, 18.190255703252376
0.0, 53.58375835935357
53.07081430426037, 0.5129440550932003
0.0, 53.07081430426037
50.16580585467938, 2.90500844958099
0.0, 50.16580585467938
0.0, 50.16580585467938
65.80147806117031, 5.972536001435628
56.705833629302276, 9.095644431868038
51.33627906766031, 5.369554561641969
0.0, 51.33627906766031
19.24100193394531, 32.095277133715
0.0, 19.24100193394531
0.0, 19.24100193394531
51.96070484023892, 4.745128789063358
26.49174785065561, 25.468956989583308
0.0, 26.49174785065561
0.0, 26.49174785065561
50.04019886813283, 1.9205059721060849
0.0, 50.04019886813283
0.0, 50.04019886813283
59.92673858847433, 5.874739472695985
10.025108085395196, 49.90163050307913
0.0, 10.025108085395196
0.0, 10.025108085395196
51.809997981431586, 8.116740607042743
0.0, 51.809997981431586
0.0, 51.809997981431586
72.10215730682653, 7.198098985192956
52.13041345272899, 19.97174385409754
0.0, 52.13041345272899
51.41281658914219, 0.7175968635867989
36.88885825287012, 14.523958336272067
0.0, 36.88885825287012
12.909735408937133, 23.97912284393299
0.0, 12.909735408937133
0.0, 12.909735408937133
41.391680238664684, 10.021136350477505
0.0, 41.391680238664684
12.824313317333722, 28.56736692133096
0.0, 12.824313317333722
0.0, 12.824313317333722
71.01036497425503, 1.0917923325715009
60.13531221916622, 10.87505275508881
0.0, 60.13531221916622
0.0, 60.13531221916622
65.67334724587964, 5.337017728375386
52.681695744981965, 12.991651500897675
0.0, 52.681695744981965
0.0, 52.681695744981965
63.589692230783335, 2.083655015096305
0.0, 63.589692230783335
62.16142830225734, 1.4282639285259933
52.32930688403022, 9.832121418227125
0.0, 52.32930688403022
0.0, 52.32930688403022
60.12295042126017, 2.0384778809971706
51.31948971167282, 8.803460709587348
0.0, 51.31948971167282
0.0, 51.31948971167282
54.32222180051142, 5.80072862074875
0.0, 54.32222180051142
50.42046269430243, 3.901759106208992
0.0, 50.42046269430243
0.0, 50.42046269430243
227.92785987396772, 290.15052309260636
50.15284503724778, 177.77501483671995
0.0, 50.15284503724778
50.116138584974756, 0.03670645227302316
0.0, 50.116138584974756
43.55964100489062, 6.556497580084134
17.425411057089164, 26.134229947801458
0.0, 17.425411057089164
17.022753932510692, 0.4026571245784716
0.0, 17.022753932510692
0.0, 17.022753932510692
33.62840725827632, 9.931233746614303
0.0, 33.62840725827632
0.0, 33.62840725827632
83.13160260290206, 144.79625727106566
54.10926169063957, 29.022340912262493
0.0, 54.10926169063957
0.0, 54.10926169063957
68.17265729507, 14.958945307832067
55.23860680143046, 12.934050493639539
0.0, 55.23860680143046
0.0, 55.23860680143046
59.979943621313126, 8.19271367375687
0.0, 59.979943621313126
57.336270801855115, 2.6436728194580112
53.00804151859523, 4.328229283259887
0.0, 53.00804151859523
0.0, 53.00804151859523
53.07404998255964, 4.262220819295472
50.00618902436922, 3.0678609581904226
0.0, 50.00618902436922
0.0, 50.00618902436922
51.149214066542065, 1.924835916017578
0.0, 51.149214066542065
1.3305266349809346, 49.81868743156113
0.0, 1.3305266349809346
0.0, 1.3305266349809346
4655.069068703808, 9413.00258594617
2692.4050788030204, 1962.6639899007873
222.0959743105766, 2470.309104492444
159.08307517812565, 63.01289913245094
86.76035406802063, 72.32272111010502
0.0, 86.76035406802063
66.87176785432489, 19.888586213695746
0.0, 66.87176785432489
64.68489304542501, 2.186874808899873
0.0, 64.68489304542501
50.37397135782654, 14.310921687598473
0.0, 50.37397135782654
15.987767364763336, 34.386203993063205
0.0, 15.987767364763336
0.0, 15.987767364763336
93.94665639574194, 65.13641878238371
59.71066612683815, 34.23599026890379
0.0, 59.71066612683815
26.928051785303808, 32.78261434153434
0.0, 26.928051785303808
0.0, 26.928051785303808
74.98294649665432, 18.96370989908762
0.0, 74.98294649665432
71.09498927297304, 3.8879572236812834
13.927628222532915, 57.16736105044012
0.0, 13.927628222532915
0.0, 13.927628222532915
69.13133876511594, 1.9636505078570963
53.20482313747255, 15.92651562764339
0.0, 53.20482313747255
38.20117413785501, 15.003648999617539
0.0, 38.20117413785501
0.0, 38.20117413785501
64.49211196826344, 4.639226796852498
56.91765243858745, 7.574459529675991
0.0, 56.91765243858745
51.145619358328005, 5.7720330802594475
28.711162205586444, 22.43445715274156
0.0, 28.711162205586444
0.0, 28.711162205586444
31.639619576965273, 19.505999781362732
0.0, 31.639619576965273
28.073533159135543, 3.5660864178297302
0.0, 28.073533159135543
19.369686558508683, 8.70384660062686
0.0, 19.369686558508683
0.0, 19.369686558508683
59.82700152672541, 4.665110441538033
2.574769909415211, 57.2522316173102
0.0, 2.574769909415211
0.0, 2.574769909415211
55.07833603097235, 4.748665495753059
53.41857442337502, 1.659761607597332
0.0, 53.41857442337502
33.233262739421605, 20.185311683953415
0.0, 33.233262739421605
0.0, 33.233262739421605
53.70254043552393, 1.3757955954484231
39.67576409875823, 14.0267763367657
0.0, 39.67576409875823
0.0, 39.67576409875823
53.23462837034974, 0.4679120651741897
12.29406064782365, 40.94056772252609
0.0, 12.29406064782365
0.0, 12.29406064782365
50.06561030279452, 3.1690180675552213
0.0, 50.06561030279452
0.0, 50.06561030279452
192.11770698525493, 29.978267325321667
78.6489142244367, 113.46879276081823
54.156505776340296, 24.4924084480964
20.07798965864491, 34.078516117695386
0.0, 20.07798965864491
0.0, 20.07798965864491
51.02777922069343, 3.128726555646864
21.06408075916937, 29.96369846152406
0.0, 21.06408075916937
12.715598929537908, 8.348481829631464
0.0, 12.715598929537908
0.0, 12.715598929537908
50.290191388993776, 0.7375878316996562
0.0, 50.290191388993776
36.05406748603827, 14.236123902955505
0.0, 36.05406748603827
0.0, 36.05406748603827
56.2504370141051, 22.398477210331592
53.89427517869589, 2.3561618354092104
51.66859347949418, 2.225681699201715
50.03468888926877, 1.6339045902254057
0.0, 50.03468888926877
36.12542131796105, 13.909267571307723
0.0, 36.12542131796105
0.0, 36.12542131796105
51.328830408374785, 0.33976307111939263
0.0, 51.328830408374785
51.13317583207623, 0.19565457629855132
0.0, 51.13317583207623
50.420563662874784, 0.7126121692014493
0.0, 50.420563662874784
0.0, 50.420563662874784
53.59418000573651, 0.3000951729593808
0.0, 53.59418000573651
2.3324183656804713, 51.26176164005604
0.0, 2.3324183656804713
0.0, 2.3324183656804713
54.712177155291656, 1.538259858813447
41.63810448808543, 13.074072667206224
0.0, 41.63810448808543
0.0, 41.63810448808543
53.753486589102295, 0.958690566189361
0.0, 53.753486589102295
20.81849435988457, 32.93499222921773
0.0, 20.81849435988457
0.0, 20.81849435988457
188.2413457637679, 3.8763612214870307
55.089360643766966, 133.15198512000092
7.733382384896781, 47.35597825887019
0.0, 7.733382384896781
0.0, 7.733382384896781
41.80036692949514, 13.288993714271825
0.0, 41.80036692949514
19.45097363754448, 22.349393291950662
0.0, 19.45097363754448
16.246120365747444, 3.2048532717970346
0.0, 16.246120365747444
0.0, 16.246120365747444
103.19063764231178, 85.05070812145611
56.81703636359257, 46.373601278719214
41.945196734152695, 14.871839629439876
0.0, 41.945196734152695
0.0, 41.945196734152695
53.05085329451268, 3.7661830690798936
0.0, 53.05085329451268
0.0, 53.05085329451268
93.61665618292142, 9.573981459390367
50.71731674905441, 42.899339433867006
50.072952794028886, 0.6443639550255256
0.0, 50.072952794028886
10.732323323349576, 39.34062947067931
0.0, 10.732323323349576
0.0, 10.732323323349576
50.27980398776385, 0.43751276129056293
0.0, 50.27980398776385
42.19296674492, 8.086837242843849
0.0, 42.19296674492
11.561492616452716, 30.631474128467282
0.0, 11.561492616452716
0.0, 11.561492616452716
88.91003827746417, 4.70661790545725
62.7165494167778, 26.193488860686365
60.24832590121123, 2.468223515566571
51.91235935115336, 8.335966550057869
0.0, 51.91235935115336
50.91745183745837, 0.9949075136949901
0.0, 50.91745183745837
41.471315358831426, 9.446136478626947
0.0, 41.471315358831426
0.0, 41.471315358831426
53.942823542719665, 6.305502358491566
0.0, 53.942823542719665
24.43383410611708, 29.508989436602587
0.0, 24.43383410611708
0.0, 24.43383410611708
61.53852753888186, 1.1780218778959437
0.0, 61.53852753888186
52.31710758152285, 9.22141995735901
14.64836923859034, 37.66873834293251
0.0, 14.64836923859034
0.0, 14.64836923859034
35.37885178449104, 16.938255797031808
0.0, 35.37885178449104
29.275660842733206, 6.103190941757834
0.0, 29.275660842733206
0.0, 29.275660842733206
87.22248176006303, 1.6875565174011342
57.036818406734405, 30.18566335332863
53.60445013996745, 3.4323682667669573
0.0, 53.60445013996745
50.44895798047001, 3.1554921594974346
0.0, 50.44895798047001
50.19496260889731, 0.25399537157269947
0.0, 50.19496260889731
50.132688968106876, 0.06227364079043696
0.0, 50.132688968106876
40.478182026751284, 9.654506941355592
0.0, 40.478182026751284
9.680884914746075, 30.79729711200521
0.0, 9.680884914746075
0.0, 9.680884914746075
54.424351580067466, 2.612466826666939
50.24990907847858, 4.174442501588885
0.0, 50.24990907847858
0.0, 50.24990907847858
52.41081127923237, 2.0135403008350963
0.0, 52.41081127923237
51.10493238657631, 1.305878892656061
50.329735128325886, 0.7751972582504223
0.0, 50.329735128325886
4.276532431373874, 46.05320269695201
0.0, 4.276532431373874
0.0, 4.276532431373874
50.403491578500265, 0.7014408080760433
0.0, 50.403491578500265
50.03986860637435, 0.363622972125917
0.0, 50.03986860637435
0.0, 50.03986860637435
79.2706173809854, 7.951864379077634
62.91950356361474, 16.35111381737066
50.225487649445135, 12.694015914169604
0.0, 50.225487649445135
0.0, 50.225487649445135
57.25691130351311, 5.662592260101633
24.983581384384568, 32.27332991912854
0.0, 24.983581384384568
0.0, 24.983581384384568
54.99536701597338, 2.261544287539728
24.816837673331715, 30.178529342641664
0.0, 24.816837673331715
0.0, 24.816837673331715
53.55755936280807, 1.437807653165308
50.239783756624504, 3.3177756061835666
0.0, 50.239783756624504
5.942314546181561, 44.29746921044294
0.0, 5.942314546181561
0.0, 5.942314546181561
50.38045847137526, 3.177100891432808
0.0, 50.38045847137526
0.0, 50.38045847137526
75.17476768488554, 4.095849696099862
52.86799198246439, 22.30677570242115
15.233214017315477, 37.63477796514891
0.0, 15.233214017315477
0.0, 15.233214017315477
50.58844637525169, 2.2795456072126967
0.0, 50.58844637525169
50.277603520508414, 0.310842854743278
0.0, 50.277603520508414
0.0, 50.277603520508414
68.8699803972403, 6.30478728764524
57.44198461654881, 11.42799578069149
12.798959335301149, 44.64302528124766
0.0, 12.798959335301149
0.0, 12.798959335301149
28.76956395987286, 28.67242065667595
0.0, 28.76956395987286
17.01860961797461, 11.750954341898247
0.0, 17.01860961797461
0.0, 17.01860961797461
57.86171385942786, 11.008266537812439
0.0, 57.86171385942786
54.033764020751285, 3.827949838676574
51.027710294486546, 3.0060537262647387
0.0, 51.027710294486546
0.0, 51.027710294486546
51.39630100508043, 2.6374630156708534
0.0, 51.39630100508043
49.379236774467344, 2.0170642306130873
0.0, 49.379236774467344
0.3388690283440092, 49.04036774612334
0.0, 0.3388690283440092
0.0, 0.3388690283440092
1810.6509885572875, 881.7540902457329
99.38175412015681, 1711.2692344371308
53.87192224349939, 45.50983187665742
51.05317050909132, 2.8187517344080675
0.0, 51.05317050909132
0.0, 51.05317050909132
52.97124955841357, 0.9006726850858229
7.071915681146065, 45.8993338772675
0.0, 7.071915681146065
0.0, 7.071915681146065
51.94328921289408, 1.0279603455194888
50.36010826888181, 1.5831809440122697
0.0, 50.36010826888181
0.0, 50.36010826888181
51.361365400083756, 0.5819238128103237
0.0, 51.361365400083756
51.28207971641977, 0.07928568366398281
0.0, 51.28207971641977
0.0, 51.28207971641977
68.08283767059069, 31.29891644956612
50.34666795710641, 17.73616971348428
0.0, 50.34666795710641
50.199524033071135, 0.14714392403527654
0.0, 50.199524033071135
24.540301517232216, 25.65922251583892
0.0, 24.540301517232216
0.0, 24.540301517232216
55.14644528715208, 12.936392383438609
50.906894952609896, 4.239550334542187
9.549333534448856, 41.35756141816104
0.0, 9.549333534448856
8.875893595493853, 0.6734399389550028
0.0, 8.875893595493853
0.0, 8.875893595493853
28.665817621743354, 22.241077330866542
0.0, 28.665817621743354
0.0, 28.665817621743354
53.28748118206219, 1.8589641050898962
0.0, 53.28748118206219
18.712098248777902, 34.57538293328429
0.0, 18.712098248777902
0.0, 18.712098248777902
739.670547019793, 1070.9804415374945
186.8620400999271, 552.808506919866
155.84327861416088, 31.01876148576622
76.30134831943566, 79.54193029472522
73.84480058316744, 2.45654773626822
52.68298988118931, 21.161810701978133
0.0, 52.68298988118931
35.57094054802154, 17.112049333167768
0.0, 35.57094054802154
0.0, 35.57094054802154
65.01184519381798, 8.832955389349465
53.54233579686765, 11.469509396950329
0.0, 53.54233579686765
52.97704340686592, 0.5652923900017299
51.035804794494716, 1.941238612371201
0.0, 51.035804794494716
0.0, 51.035804794494716
52.73916734445002, 0.23787606241589998
0.0, 52.73916734445002
50.806917234511516, 1.9322501099385008
0.0, 50.806917234511516
0.0, 50.806917234511516
56.485825250335346, 8.52601994348263
50.308855356154055, 6.1769698941812905
0.0, 50.308855356154055
50.08583441425946, 0.2230209418945961
0.0, 50.08583441425946
7.784260920874737, 42.30157349338472
0.0, 7.784260920874737
0.0, 7.784260920874737
55.52881114189542, 0.9570141084399282
52.998797246721956, 2.530013895173461
0.0, 52.998797246721956
52.107273859269846, 0.8915233874521107
26.17360492971464, 25.933668929555207
0.0, 26.17360492971464
23.283642414028566, 2.889962515686072
0.0, 23.283642414028566
8.937249933226106, 14.34639248080246
0.0, 8.937249933226106
0.0, 8.937249933226106
51.3242818983001, 0.7829919609697455
44.81693802528057, 6.507343873019529
0.0, 44.81693802528057
0.0, 44.81693802528057
51.17732172845633, 0.1469601698437728
0.0, 51.17732172845633
0.0, 51.17732172845633
55.52350310499155, 0.005308036903869606
0.0, 55.52350310499155
55.486622149839334, 0.036880955152213346
0.0, 55.486622149839334
53.844717448285465, 1.6419047015538695
19.89141145849476, 33.95330598979071
0.0, 19.89141145849476
0.0, 19.89141145849476
51.69114871108674, 2.153568737198725
0.0, 51.69114871108674
0.0, 51.69114871108674
74.83531406696045, 1.466034252475211
0.0, 74.83531406696045
0.0, 74.83531406696045
98.62446368640195, 57.21881492775893
16.17137462476537, 82.45308906163658
0.0, 16.17137462476537
0.0, 16.17137462476537
97.72054717750036, 0.9039165089015881
0.0, 97.72054717750036
68.13007484558437, 29.59047233191599
51.21900724558335, 16.911067600001026
0.0, 51.21900724558335
0.0, 51.21900724558335
64.13161571046933, 3.9984591351150414
0.0, 64.13161571046933
61.957356968852736, 2.1742587416165975
8.26627016908226, 53.691086799770474
0.0, 8.26627016908226
0.0, 8.26627016908226
56.100368991142254, 5.856987977710482
50.25764738456904, 5.842721606573214
0.0, 50.25764738456904
0.0, 50.25764738456904
54.29063660525594, 1.8097323858863135
0.0, 54.29063660525594
50.91215663503109, 3.378479970224852
0.0, 50.91215663503109
50.54830108482986, 0.3638555502012295
0.0, 50.54830108482986
38.04410337097885, 12.504197713851006
0.0, 38.04410337097885
0.0, 38.04410337097885
168.9664106168818, 17.895629483045298
70.22773591034196, 98.73867470653984
0.0, 70.22773591034196
54.04182322498685, 16.185912685355113
0.0, 54.04182322498685
51.53419086433292, 2.507632360653929
0.0, 51.53419086433292
50.96591646519325, 0.5682743991396677
0.0, 50.96591646519325
0.0, 50.96591646519325
103.20947620652007, 65.75693441036174
57.640483074467824, 45.56899313205224
53.569843197131384, 4.07063987733644
0.0, 53.569843197131384
0.0, 53.569843197131384
56.224738209195394, 1.4157448652724298
50.87374563981162, 5.350992569383777
0.0, 50.87374563981162
0.0, 50.87374563981162
54.770594002926046, 1.4541442062693477
53.86142687369742, 0.9091671292286279
0.0, 53.86142687369742
52.24824269582028, 1.6131841778771374
0.0, 52.24824269582028
51.555749792197545, 0.6924929036227354
0.0, 51.555749792197545
0.0, 51.555749792197545
54.293170736960356, 0.4774232659656903
0.0, 54.293170736960356
51.08201550417478, 3.211155232785579
0.0, 51.08201550417478
0.0, 51.08201550417478
66.02819811452557, 37.1812780919945
57.3972725732602, 8.630925541265363
54.15994338962781, 3.23732918363239
0.0, 54.15994338962781
51.262623390334625, 2.897319999293188
0.0, 51.262623390334625
0.0, 51.262623390334625
56.61005825424966, 0.7872143190105447
0.0, 56.61005825424966
50.25420825830547, 6.35584999594419
0.0, 50.25420825830547
15.970136689190072, 34.2840715691154
0.0, 15.970136689190072
0.0, 15.970136689190072
62.00996905787716, 4.0182290566484085
55.55058342171918, 6.459385636157975
51.133513696384725, 4.417069725334457
0.0, 51.133513696384725
51.061922325124904, 0.07159137125982085
0.0, 51.061922325124904
31.602149619066694, 19.45977270605821
0.0, 31.602149619066694
0.0, 31.602149619066694
53.12468565508154, 2.4258977666376396
0.0, 53.12468565508154
50.973153198208834, 2.151532456872708
0.0, 50.973153198208834
50.115619032764094, 0.8575341654447399
0.0, 50.115619032764094
0.0, 50.115619032764094
57.68227593814808, 4.327693119729076
25.40744476145193, 32.27483117669615
0.0, 25.40744476145193
0.0, 25.40744476145193
52.798037343177725, 4.8842385949703555
50.72660355320563, 2.0714337899720974
0.0, 50.72660355320563
20.54869678988763, 30.177906763318
0.0, 20.54869678988763
0.0, 20.54869678988763
52.692537257345705, 0.10550008583201986
0.0, 52.692537257345705
0.0, 52.692537257345705
217.0064456493867, 522.6641013704063
156.67578297785545, 60.33066267153126
75.16952024513634, 81.50626273271911
55.05840418494229, 20.11111606019405
0.0, 55.05840418494229
53.665544333731475, 1.3928598512108152
0.0, 53.665544333731475
52.52992440772519, 1.1356199260062851
51.12178878711837, 1.4081356206068207
0.0, 51.12178878711837
0.5247076754259847, 50.59708111169238
0.0, 0.5247076754259847
0.0, 0.5247076754259847
52.029167091309034, 0.5007573164161556
0.0, 52.029167091309034
0.0, 52.029167091309034
59.548528555850176, 15.620991689286164
0.0, 59.548528555850176
51.50338905101143, 8.045139504838744
0.0, 51.50338905101143
0.0, 51.50338905101143
121.66888273703945, 35.006900240815995
95.77745229606666, 25.891430440972798
93.52731402712239, 2.2501382689442693
7.593292861435047, 85.93402116568734
0.0, 7.593292861435047
0.0, 7.593292861435047
58.42226189225257, 35.105052134869815
50.333112883604215, 8.089149008648356
0.0, 50.333112883604215
30.740567338061304, 19.59254554554291
0.0, 30.740567338061304
0.0, 30.740567338061304
54.777860578219354, 3.6444013140332174
0.0, 54.777860578219354
50.43621037926453, 4.341650198954824
0.0, 50.43621037926453
0.0, 50.43621037926453
94.40123713650355, 1.3762151595631025
60.74890683720059, 33.65233029930296
0.0, 60.74890683720059
50.16725883353953, 10.581648003661066
0.0, 50.16725883353953
0.0, 50.16725883353953
60.95988858777703, 33.44134854872652
0.0, 60.95988858777703
59.633862933689926, 1.326025654087104
10.339552346688976, 49.29431058700095
0.0, 10.339552346688976
0.0, 10.339552346688976
55.954855743381465, 3.679007190308461
0.0, 55.954855743381465
46.54545358451865, 9.409402158862818
0.0, 46.54545358451865
0.0, 46.54545358451865
118.47993904902718, 3.188943688012273
93.65922680773258, 24.8207122412946
58.66199706396, 34.99722974377258
50.75282760744623, 7.909169456513773
0.0, 50.75282760744623
0.0, 50.75282760744623
56.90889756649391, 1.7530994974660885
19.04613507001225, 37.862762496481665
0.0, 19.04613507001225
0.0, 19.04613507001225
51.784811895041244, 5.124085671452669
0.0, 51.784811895041244
0.0, 51.784811895041244
72.57804051656665, 21.081186291165935
0.0, 72.57804051656665
68.46622408591313, 4.111816430653519
52.21418020918121, 16.252043876731918
0.0, 52.21418020918121
51.792633429611016, 0.4215467795701926
28.657353698311667, 23.13527973129935
0.0, 28.657353698311667
0.0, 28.657353698311667
51.34052244848245, 0.45211098112856263
50.69232105044814, 0.6482013980343098
0.0, 50.69232105044814
0.0, 50.69232105044814
51.21898961878097, 0.12153282970148638
0.0, 51.21898961878097
0.0, 51.21898961878097
67.1289849409809, 1.3372391449322265
54.772569206594, 12.3564157343869
0.0, 54.772569206594
50.22903034339686, 4.543538863197142
0.0, 50.22903034339686
50.02698645386605, 0.2020438895308061
0.0, 50.02698645386605
3.1135849043986763, 46.91340154946737
0.0, 3.1135849043986763
0.0, 3.1135849043986763
63.30104697733827, 3.8279379636426327
0.0, 63.30104697733827
55.275904407649655, 8.025142569688612
0.0, 55.275904407649655
54.444245766243235, 0.8316586414064204
0.0, 54.444245766243235
52.03890730494819, 2.4053384612950452
0.0, 52.03890730494819
0.0, 52.03890730494819
115.21097033251479, 3.26896871651239
65.54566447220898, 49.66530586030581
0.0, 65.54566447220898
64.8479266119778, 0.6977378602311859
51.17006300497443, 13.677863607003367
0.0, 51.17006300497443
0.0, 51.17006300497443
63.50934500425713, 1.3385816077206698
54.75655140068103, 8.752793603576094
52.07079771182269, 2.685753688858341
50.504638030025035, 1.5661596817976573
0.0, 50.504638030025035
0.0, 50.504638030025035
51.38680055846355, 0.6839971533591438
0.0, 51.38680055846355
50.29395381777807, 1.0928467406854807
0.0, 50.29395381777807
7.468444024532561, 42.82550979324551
0.0, 7.468444024532561
0.0, 7.468444024532561
53.98346004404469, 0.7730913566363427
0.0, 53.98346004404469
0.0, 53.98346004404469
56.29433128147642, 7.215013722780711
0.0, 56.29433128147642
51.63502847469073, 4.659302806785689
0.0, 51.63502847469073
0.0, 51.63502847469073
84.2815381084736, 30.929432224041193
0.0, 84.2815381084736
50.45226188192834, 33.82927622654526
0.0, 50.45226188192834
0.0, 50.45226188192834
199.9912829547879, 17.015162694598814
78.71137565369268, 121.27990730109521
0.0, 78.71137565369268
53.39078615189909, 25.32058950179359
0.0, 53.39078615189909
0.0, 53.39078615189909
188.8603805435692, 11.130902411218699
60.84210202698982, 128.01827851657936
0.0, 60.84210202698982
50.24669180047223, 10.595410226517593
0.0, 50.24669180047223
3.9200483563683384, 46.32664344410389
0.0, 3.9200483563683384
0.0, 3.9200483563683384
86.76096079952018, 102.09941974404902
0.0, 86.76096079952018
72.16822227543872, 14.592738524081454
55.87136951403423, 16.296852761404494
0.0, 55.87136951403423
0.0, 55.87136951403423
56.622960590821926, 15.545261684616797
0.0, 56.622960590821926
50.803308674524914, 5.819651916297012
0.0, 50.803308674524914
0.0, 50.803308674524914
4652.353196779495, 2.7158719243125233
1373.301455554455, 3279.05174122504
132.28043795810567, 1241.0210175963493
51.88559255952423, 80.39484539858144
0.0, 51.88559255952423
51.607643207234624, 0.27794935228960327
0.0, 51.607643207234624
50.79355161703707, 0.8140915901975561
0.0, 50.79355161703707
29.033443313598198, 21.76010830343887
0.0, 29.033443313598198
0.0, 29.033443313598198
118.54033706302435, 13.740100895081312
65.5966901608737, 52.94364690215065
54.947545406055085, 10.649144754818622
0.0, 54.947545406055085
11.394488749724179, 43.55305665633091
0.0, 11.394488749724179
0.0, 11.394488749724179
64.94853925066548, 0.6481509102082299
55.892917918873515, 9.055621331791961
0.0, 55.892917918873515
36.7695265140827, 19.123391404790816
0.0, 36.7695265140827
0.0, 36.7695265140827
57.45265695949524, 7.495882291170233
53.38953381429594, 4.063123145199306
0.0, 53.38953381429594
23.69992155284991, 29.689612261446026
0.0, 23.69992155284991
0.0, 23.69992155284991
57.378485942734756, 0.07417101676048787
54.30497007461271, 3.073515868122044
50.72926274441807, 3.575707330194639
0.0, 50.72926274441807
50.026271148815134, 0.7029915956029384
0.0, 50.026271148815134
0.0, 50.026271148815134
51.88528625588785, 2.419683818724863
0.0, 51.88528625588785
0.0, 51.88528625588785
56.90903865719042, 0.4694472855443337
0.0, 56.90903865719042
54.64053425260818, 2.268504404582245
0.0, 54.64053425260818
0.0, 54.64053425260818
105.74880325178884, 12.79153381123551
76.47632339789449, 29.272479853894353
0.0, 76.47632339789449
66.18078952919173, 10.295533868702762
0.0, 66.18078952919173
51.70838033772464, 14.472409191467086
0.0, 51.70838033772464
0.0, 51.70838033772464
102.0690066669851, 3.6797965848037393
87.68676508886212, 14.382241578122986
18.41191301696176, 69.27485207190036
0.0, 18.41191301696176
0.0, 18.41191301696176
75.88363159058213, 11.80313349827999
52.274793277120246, 23.60883831346188
0.0, 52.274793277120246
46.379798453618875, 5.894994823501371
0.0, 46.379798453618875
0.0, 46.379798453618875
72.37267585734644, 3.51095573323569
0.0, 72.37267585734644
52.4244523196017, 19.948223537744738
0.0, 52.4244523196017
52.28924585988667, 0.13520645971502887
15.438729895582455, 36.850515964304215
0.0, 15.438729895582455
9.446273867954693, 5.992456027627762
0.0, 9.446273867954693
0.0, 9.446273867954693
51.439804603873355, 0.8494412560133142
50.42988529177387, 1.009919312099484
0.0, 50.42988529177387
0.0, 50.42988529177387
51.18531745261042, 0.25448715126293564
21.1036066619516, 30.08171079065882
0.0, 21.1036066619516
18.12982036102471, 2.9737863009268892
0.0, 18.12982036102471
0.0, 18.12982036102471
50.10870427846475, 1.0766131741456704
0.0, 50.10870427846475
0.0, 50.10870427846475
94.76319804489583, 7.305808622089273
60.929233970143386, 33.833964074752444
44.00976178390632, 16.919472186237066
0.0, 44.00976178390632
30.600499277918296, 13.409262505988025
0.0, 30.600499277918296
0.0, 30.600499277918296
53.25835578963971, 7.670878180503678
0.0, 53.25835578963971
22.98751303053799, 30.27084275910172
0.0, 22.98751303053799
0.0, 22.98751303053799
71.15926468335057, 23.60393336154526
56.10601622488158, 15.053248458468993
50.3580492334625, 5.7479669914190765
0.0, 50.3580492334625
0.0, 50.3580492334625
54.809867655116065, 1.2961485697655135
0.0, 54.809867655116065
54.07295410872746, 0.7369135463886067
0.0, 54.07295410872746
49.779750402592285, 4.2932037061351735
0.0, 49.779750402592285
0.0, 49.779750402592285
68.96057845599769, 2.19868622735288
63.30595437316778, 5.654624082829912
0.0, 63.30595437316778
62.763651294900306, 0.5423030782674729
57.33585997571051, 5.427791319189794
51.67633111493526, 5.659528860775254
50.7590641989407, 0.9172669159945599
0.0, 50.7590641989407
19.77956083768095, 30.97950336125975
0.0, 19.77956083768095
0.0, 19.77956083768095
51.2507426753224, 0.4255884396128593
0.0, 51.2507426753224
0.0, 51.2507426753224
53.90777888880335, 3.428081086907163
50.05282904804949, 3.8549498407538607
0.0, 50.05282904804949
0.0, 50.05282904804949
53.086710263438285, 0.821068625365065
1.7641801467964784, 51.32253011664181
0.0, 1.7641801467964784
0.0, 1.7641801467964784
50.940866482701, 2.1458437807372874
0.0, 50.940866482701
0.0, 50.940866482701
59.44762752466714, 3.3160237702331656
50.22382889523046, 9.22379862943668
0.0, 50.22382889523046
4.495519297587174, 45.72830959764329
0.0, 4.495519297587174
0.0, 4.495519297587174
52.306672202815115, 7.140955321852026
0.0, 52.306672202815115
0.0, 52.306672202815115
65.93833134780067, 3.0222471081970212
0.0, 65.93833134780067
59.80360865417078, 6.1347226936298895
40.87141076556283, 18.932197888607952
0.0, 40.87141076556283
13.234809543650536, 27.636601221912294
0.0, 13.234809543650536
0.0, 13.234809543650536
50.23818989407231, 9.565418760098467
0.0, 50.23818989407231
46.58157057841019, 3.6566193156621267
0.0, 46.58157057841019
0.0, 46.58157057841019
220.18149524339654, 1153.1199603110585
74.87080076431809, 145.31069447907845
56.56441884610984, 18.306381918208253
34.135444626117014, 22.428974219992824
0.0, 34.135444626117014
28.444153955289465, 5.691290670827549
0.0, 28.444153955289465
20.515150379200144, 7.929003576089322
0.0, 20.515150379200144
0.0, 20.515150379200144
55.98239374910036, 0.5820250970094776
0.0, 55.98239374910036
51.42857809278064, 4.5538156563197205
0.0, 51.42857809278064
0.0, 51.42857809278064
72.18883927038752, 2.6819614939305723
50.09289917801089, 22.09594009237663
0.0, 50.09289917801089
0.0, 50.09289917801089
58.59643573120187, 13.592403539185646
45.23303183293145, 13.36340389827042
0.0, 45.23303183293145
0.0, 45.23303183293145
58.03738034263118, 0.559055388570691
55.54294790936541, 2.4944324332657715
54.00719748843988, 1.535750420925531
42.71919374198354, 11.28800374645634
0.0, 42.71919374198354
0.0, 42.71919374198354
52.917745045542894, 1.0894524428969845
0.0, 52.917745045542894
0.0, 52.917745045542894
54.171672052512754, 1.3712758568526553
0.0, 54.171672052512754
51.468874379687186, 2.702797672825568
0.0, 51.468874379687186
0.0, 51.468874379687186
57.275523166196514, 0.7618571764346669
52.30805956988013, 4.967463596316385
0.0, 52.30805956988013
51.27726452045371, 1.0307950494264162
50.38960138512067, 0.8876631353330424
0.0, 50.38960138512067
0.44541103142199745, 49.94419035369867
0.0, 0.44541103142199745
0.0, 0.44541103142199745
50.40232523502649, 0.8749392854272244
0.0, 50.40232523502649
0.0, 50.40232523502649
53.229456465295556, 4.046066700900958
0.0, 53.229456465295556
50.51621017060407, 2.713246294691487
0.0, 50.51621017060407
0.0, 50.51621017060407
214.9066053156444, 5.2748899277521275
62.836681999884746, 152.06992331575967
58.68142264495742, 4.155259354927324
0.0, 58.68142264495742
56.84816290872349, 1.8332597362339342
0.0, 56.84816290872349
56.17451149891344, 0.6736514098100486
0.0, 56.17451149891344
53.319553756789254, 2.854957742124185
0.0, 53.319553756789254
0.0, 53.319553756789254
59.756248644504545, 3.080433355380201
0.0, 59.756248644504545
55.37745759697126, 4.378791047533284
52.73104385302625, 2.6464137439450113
0.0, 52.73104385302625
0.0, 52.73104385302625
54.343979824180984, 1.0334777727902775
0.0, 54.343979824180984
53.73381349869103, 0.6101663254899563
0.0, 53.73381349869103
32.49352326564118, 21.240290233049848
0.0, 32.49352326564118
0.0, 32.49352326564118
98.72788733420876, 116.17871798143565
59.278973764578645, 39.448913569630115
51.27589085825341, 8.003082906325233
0.0, 51.27589085825341
0.0, 51.27589085825341
59.273912722398684, 0.0050610421799603955
0.0, 59.273912722398684
54.86774993960906, 4.406162782789622
0.0, 54.86774993960906
0.0, 54.86774993960906
96.80032566548712, 1.927561668721637
65.04129122833648, 31.759034437150646
0.0, 65.04129122833648
60.30335467962408, 4.737936548712398
0.0, 60.30335467962408
26.313154268364062, 33.99020041126002
0.0, 26.313154268364062
10.034288351499905, 16.278865916864156
0.0, 10.034288351499905
0.0, 10.034288351499905
87.15090833411864, 9.649417331368483
78.13984546600967, 9.011062868108965
73.70759494602261, 4.432250519987065
51.65535900413655, 22.05223594188606
0.0, 51.65535900413655
29.63728027855067, 22.01807872558588
0.0, 29.63728027855067
0.6606142277548108, 28.97666605079586
0.0, 0.6606142277548108
0.0, 0.6606142277548108
57.09569936008008, 16.611895585942527
0.0, 57.09569936008008
52.200745249015135, 4.894954111064948
0.0, 52.200745249015135
0.0, 52.200745249015135
76.68428878512732, 1.4555566808823528
0.0, 76.68428878512732
59.00207270503616, 17.68221608009116
55.30908654008458, 3.6929861649515843
0.0, 55.30908654008458
54.779046550309616, 0.5300399897749628
52.41192558759742, 2.3671209627121925
0.0, 52.41192558759742
0.0, 52.41192558759742
52.70813944914412, 2.0709071011654956
9.221397140238722, 43.4867423089054
0.0, 9.221397140238722
0.0, 9.221397140238722
50.35181048982676, 2.3563289593173593
0.0, 50.35181048982676
0.0, 50.35181048982676
58.11495000013898, 0.8871227048971804
56.175999460288324, 1.9389505398506586
0.0, 56.175999460288324
0.0, 56.175999460288324
57.55782263167893, 0.5571273684600513
0.0, 57.55782263167893
51.916855882143146, 5.640966749535785
0.0, 51.916855882143146
51.752254194827735, 0.16460168731541103
4.260789261212279, 47.491464933615454
0.0, 4.260789261212279
0.0, 4.260789261212279
51.50793053693934, 0.24432365788839405
0.0, 51.50793053693934
0.0, 51.50793053693934
84.63645802252955, 2.514450311589087
56.389524936225534, 28.24693308630402
54.09499673911091, 2.294528197114623
0.0, 54.09499673911091
52.536245306712274, 1.558751432398637
0.0, 52.536245306712274
52.52735789860483, 0.00888740810744082
18.83472714600905, 33.69263075259578
0.0, 18.83472714600905
0.0, 18.83472714600905
51.57608304222737, 0.9512748563774664
50.88007713566496, 0.6960059065624051
0.0, 50.88007713566496
30.75554565070627, 20.12453148495869
0.0, 30.75554565070627
14.63789022412686, 16.11765542657941
0.0, 14.63789022412686
0.0, 14.63789022412686
51.55766442645971, 0.018418615767657798
0.0, 51.55766442645971
51.05944637148623, 0.4982180549734778
0.0, 51.05944637148623
0.0, 51.05944637148623
55.84120094382614, 0.5483239923993963
0.0, 55.84120094382614
51.18709676947966, 4.654104174346479
0.0, 51.18709676947966
0.0, 51.18709676947966
58.286539907689814, 26.34991811483974
0.0, 58.286539907689814
52.075691957128235, 6.210847950561579
0.0, 52.075691957128235
50.049426834798794, 2.0262651223294412
0.0, 50.049426834798794
0.0, 50.049426834798794
3419.3251396877063, 1233.028057091789
94.97561556706732, 3324.3495241206388
81.78548865159536, 13.190126915471964
77.60018670360998, 4.18530194798538
70.48863446066963, 7.111552242940348
58.2869734912314, 12.20166096943823
0.0, 58.2869734912314
55.93339915239799, 2.353574338833411
0.0, 55.93339915239799
53.207352418978154, 2.7260467334198353
0.0, 53.207352418978154
53.00661824624844, 0.20073417272971028
50.86242501716053, 2.144193229087911
0.0, 50.86242501716053
50.23393848897996, 0.6284865281805736
0.0, 50.23393848897996
0.0, 50.23393848897996
51.69075516290746, 1.315863083340986
0.0, 51.69075516290746
50.80081741833801, 0.8899377445694441
0.0, 50.80081741833801
6.882528179187095, 43.918289239150916
0.0, 6.882528179187095
2.773986443889061, 4.108541735298035
0.0, 2.773986443889061
0.0, 2.773986443889061
70.00121501060757, 0.4874194500620632
54.30315773148841, 15.698057279119155
0.0, 54.30315773148841
53.79884824412045, 0.5043094873679621
0.0, 53.79884824412045
4.701025798256428, 49.097822445864026
0.0, 4.701025798256428
0.0, 4.701025798256428
56.22420673984457, 13.777008270762998
50.627484146896876, 5.5967225929476925
0.0, 50.627484146896876
0.0, 50.627484146896876
53.903564968742046, 2.3206417711025225
51.503151589341314, 2.4004133794007316
0.0, 51.503151589341314
0.0, 51.503151589341314
53.22696866195237, 0.6765963067896763
0.0, 53.22696866195237
52.10754280357046, 1.1194258583819092
0.0, 52.10754280357046
2.731848223211828, 49.37569458035863
0.0, 2.731848223211828
0.0, 2.731848223211828
72.82978474014325, 4.770401963466725
52.597875804770794, 20.23190893537246
0.0, 52.597875804770794
51.686911132772906, 0.9109646719978883
0.0, 51.686911132772906
50.80740805445075, 0.8795030783221591
0.0, 50.80740805445075
0.15851325494878352, 50.64889479950196
0.0, 0.15851325494878352
0.0, 0.15851325494878352
59.03117853323941, 13.798606206903841
52.703465761701935, 6.3277127715374775
0.0, 52.703465761701935
51.636135269158544, 1.067330492543391
0.0, 51.636135269158544
50.318369959003405, 1.3177653101551385
0.0, 50.318369959003405
22.69150759387101, 27.626862365132396
0.0, 22.69150759387101
0.0, 22.69150759387101
56.589929279609294, 2.4412492536301187
0.0, 56.589929279609294
54.40372568963292, 2.1862035899763725
0.0, 54.40372568963292
51.15855963833268, 3.245166051300238
0.0, 51.15855963833268
0.0, 51.15855963833268
78.6772886653154, 3.1081999862799563
21.926713580742906, 56.750575084572496
0.0, 21.926713580742906
11.539247213395416, 10.38746636734749
0.0, 11.539247213395416
0.0, 11.539247213395416
74.33028345137764, 4.347005213937763
53.22068590272327, 21.10959754865437
0.0, 53.22068590272327
0.0, 53.22068590272327
74.05524651093891, 0.2750369404387243
0.0, 74.05524651093891
60.0729802491898, 13.982266261749118
53.03909969185591, 7.033880557333887
0.0, 53.03909969185591
50.87137649677747, 2.1677231950784375
0.0, 50.87137649677747
0.0, 50.87137649677747
55.54258954416053, 4.530390705029269
0.0, 55.54258954416053
22.476616324405782, 33.065973219754746
0.0, 22.476616324405782
0.0, 22.476616324405782
85.42544780591261, 9.55016776115471
71.69575997895026, 13.729687826962348
56.17383577237067, 15.521924206579591
50.43994934072625, 5.733886431644422
0.0, 50.43994934072625
0.0, 50.43994934072625
50.952980956539655, 5.220854815831018
0.0, 50.952980956539655
0.0, 50.952980956539655
57.9847103594812, 13.711049619469065
0.0, 57.9847103594812
56.96281368674995, 1.0218966727312448
51.67948440067649, 5.28332928607346
0.0, 51.67948440067649
38.184078579606506, 13.495405821069987
0.0, 38.184078579606506
25.30535887169902, 12.878719707907486
0.0, 25.30535887169902
3.57732014125982, 21.728038730439202
0.0, 3.57732014125982
0.0, 3.57732014125982
54.068067552467625, 2.894746134282329
0.0, 54.068067552467625
52.76679096148974, 1.301276590977885
50.258692067507, 2.5080988939827407
0.0, 50.258692067507
0.0, 50.258692067507
50.51289050393518, 2.2539004575545576
0.0, 50.51289050393518
0.0, 50.51289050393518
78.95786061530794, 6.467587190604675
59.338294140029596, 19.61956647527834
51.68218668465522, 7.656107455374375
0.0, 51.68218668465522
49.13549568369566, 2.5466910009595622
0.0, 49.13549568369566
30.105625246949675, 19.029870436745984
0.0, 30.105625246949675
0.0, 30.105625246949675
54.811953368616784, 4.526340771412812
0.0, 54.811953368616784
52.67322115917117, 2.138732209445614
0.0, 52.67322115917117
52.4321031549984, 0.24111800417276896
0.0, 52.4321031549984
0.0, 52.4321031549984
68.58733943267212, 10.370521182635812
56.70828513845553, 11.879054294216594
0.0, 56.70828513845553
0.0, 56.70828513845553
64.37395818636756, 4.213381246304564
58.567717703717086, 5.806240482650473
0.0, 58.567717703717086
51.728012773167826, 6.83970493054926
13.296656221672356, 38.43135655149547
0.0, 13.296656221672356
0.0, 13.296656221672356
51.69451052926609, 0.033502243901736506
0.0, 51.69451052926609
50.59334807771332, 1.1011624515527672
0.0, 50.59334807771332
0.0, 50.59334807771332
62.98307566648638, 1.3908825198811812
0.0, 62.98307566648638
57.039070707071666, 5.944004959414713
9.749344872069814, 47.28972583500185
0.0, 9.749344872069814
0.0, 9.749344872069814
51.00484363529178, 6.034227071779888
0.0, 51.00484363529178
0.0, 51.00484363529178
232.95843218244957, 3186.3667075052567
51.11250909829535, 181.8459230841542
0.0, 51.11250909829535
0.0, 51.11250909829535
225.52708171842914, 7.431350464020426
100.80005461403196, 124.72702710439718
96.49561805095317, 4.304436563078795
65.39991841077315, 31.095699640180015
0.0, 65.39991841077315
8.735474238275163, 56.664444172497994
0.0, 8.735474238275163
0.0, 8.735474238275163
90.77099205482305, 5.724625996130115
52.413828402665324, 38.35716365215773
0.0, 52.413828402665324
0.0, 52.413828402665324
90.60992187407011, 0.16107018075294377
67.42348127795549, 23.186440596114622
34.15710630745071, 33.26637497050478
0.0, 34.15710630745071
0.0, 34.15710630745071
58.53998113255111, 8.883500145404376
0.0, 58.53998113255111
53.27077038655788, 5.2692107459932345
50.92823074084289, 2.342539645714986
0.0, 50.92823074084289
50.37465530226215, 0.5535754385807437
0.0, 50.37465530226215
42.11418022135942, 8.26047508090273
0.0, 42.11418022135942
21.047087583627167, 21.06709263773225
0.0, 21.047087583627167
0.0, 21.047087583627167
53.18125812295724, 0.08951226360063913
50.431406339275405, 2.7498517836818337
0.0, 50.431406339275405
0.0, 50.431406339275405
51.26674894425309, 1.9145091787041508
0.0, 51.26674894425309
0.0, 51.26674894425309
69.52488393837397, 21.085037935696135
0.0, 69.52488393837397
56.815620351299515, 12.70926358707446
50.027559244494114, 6.788061106805401
0.0, 50.027559244494114
0.0, 50.027559244494114
54.02914664946778, 2.7864737018317314
0.0, 54.02914664946778
0.0, 54.02914664946778
97.45476813016923, 3.3452864838627363
0.0, 97.45476813016923
79.3802830436354, 18.074485086533826
54.55155226687555, 24.828730776759855
29.07870127176718, 25.472850995108367
0.0, 29.07870127176718
0.0, 29.07870127176718
54.15962689244956, 0.3919253744259876
0.0, 54.15962689244956
50.48242167747463, 3.6772052149749257
0.0, 50.48242167747463
21.185637958643525, 29.296783718831108
0.0, 21.185637958643525
3.700644926610804, 17.484993032032722
0.0, 3.700644926610804
0.0, 3.700644926610804
63.1792935124979, 16.200989531137502
0.0, 63.1792935124979
11.66079343548983, 51.51850007700807
0.0, 11.66079343548983
0.0, 11.66079343548983
204.17973300709096, 21.347348711338185
70.14336565284555, 134.0363673542454
53.228813562437956, 16.91455209040759
0.0, 53.228813562437956
51.25618506241834, 1.972628500019617
0.0, 51.25618506241834
0.0, 51.25618506241834
54.965045612971856, 15.17832003987369
0.0, 54.965045612971856
51.31575515487612, 3.6492904580957344
0.0, 51.31575515487612
0.0, 51.31575515487612
174.21666368661144, 29.96306932047952
80.9742809171797, 93.24238276943174
65.62210487193474, 15.35217604524496
55.75192677565542, 9.870178096279318
52.63177990269225, 3.1201468729631685
0.0, 52.63177990269225
4.359669329030301, 48.27211057366195
0.0, 4.359669329030301
0.0, 4.359669329030301
55.52833782211355, 0.2235889535418707
0.0, 55.52833782211355
53.814535036032126, 1.7138027860814233
0.0, 53.814535036032126
0.0, 53.814535036032126
60.79333584462998, 4.828769027304759
51.9963865418436, 8.79694930278638
0.0, 51.9963865418436
51.78031526034127, 0.21607128150233024
0.0, 51.78031526034127
51.18130457703409, 0.5990106833071778
0.0, 51.18130457703409
5.703666611041866, 45.47763796599222
0.0, 5.703666611041866
0.0, 5.703666611041866
59.3117834586194, 1.481552386010577
0.0, 59.3117834586194
55.56683888528418, 3.744944573335225
0.0, 55.56683888528418
10.458581148634893, 45.108257736649286
0.0, 10.458581148634893
0.0, 10.458581148634893
78.37651722786698, 2.597763689312714
0.0, 78.37651722786698
0.0, 78.37651722786698
122.51395640579322, 51.70270728081822
60.61976044699356, 61.89419595879966
32.396061246680155, 28.223699200313405
0.0, 32.396061246680155
0.0, 32.396061246680155
56.93495052377381, 3.6848099232197526
0.0, 56.93495052377381
51.54653463543233, 5.388415888341477
0.0, 51.54653463543233
46.08035314286543, 5.466181492566903
0.0, 46.08035314286543
0.0, 46.08035314286543
110.04262739225531, 12.471329013537911
68.92024154645368, 41.12238584580163
0.0, 68.92024154645368
63.49266349045751, 5.427578055996172
50.058325732948994, 13.434337757508516
0.0, 50.058325732948994
0.0, 50.058325732948994
61.1651521399159, 2.327511350541613
57.43761287083706, 3.7275392690788394
0.0, 57.43761287083706
6.935836102440208, 50.50177676839685
0.0, 6.935836102440208
0.0, 6.935836102440208
60.07619704986309, 1.0889550900528064
54.770220722534646, 5.305976327328445
0.0, 54.770220722534646
54.07664506046972, 0.6935756620649229
50.49890313826163, 3.577741922208091
0.0, 50.49890313826163
50.41320207335156, 0.08570106491006868
0.0, 50.41320207335156
34.482869011771754, 15.930333061579809
0.0, 34.482869011771754
0.0, 34.482869011771754
51.94852627052699, 2.1281187899427323
2.4222554243969427, 49.526270846130046
0.0, 2.4222554243969427
0.0, 2.4222554243969427
51.45021538996815, 0.4983108805588401
0.0, 51.45021538996815
0.0, 51.45021538996815
59.27240514471166, 0.803791905151428
0.0, 59.27240514471166
50.33507237664675, 8.937332768064913
0.0, 50.33507237664675
0.0, 50.33507237664675
85.42224138466153, 24.62038600759378
0.0, 85.42224138466153
57.379841615889994, 28.04239976877154
0.0, 57.379841615889994
55.368955368926514, 2.01088624696348
0.0, 55.368955368926514
53.74886326911019, 1.6200920998163255
52.69876562442876, 1.0500976446814292
0.0, 52.69876562442876
0.0, 52.69876562442876
53.704397730336666, 0.04446553877352244
0.0, 53.704397730336666
25.349224433483702, 28.355173296852964
0.0, 25.349224433483702
17.70532007711255, 7.643904356371152
0.0, 17.70532007711255
0.0, 17.70532007711255
