node_generations, branch_length
4265.580334309063, 105315.65660381308
1074.0223171975642, 3191.558017111499
1060.8736967052923, 13.148620492271903
1023.9333954806649, 36.94030122462743
358.50331523652284, 665.4300802441421
0.0, 358.50331523652284
248.71033354071605, 109.79298169580679
0.0, 248.71033354071605
0.0, 248.71033354071605
1023.2552915553533, 0.678103925311575
0.0, 1023.2552915553533
1018.2793234375704, 4.975968117782941
0.0, 1018.2793234375704
1004.324144358488, 13.955179079082427
1002.5977336597623, 1.7264106987256582
0.0, 1002.5977336597623
258.87991684707464, 743.7178168126877
15.222779019046216, 243.65713782802843
0.0, 15.222779019046216
0.0, 15.222779019046216
43.540793723317606, 215.33912312375702
0.0, 43.540793723317606
0.0, 43.540793723317606
1004.3069701279221, 0.017174230565842663
0.0, 1004.3069701279221
781.4701686838931, 222.836801444029
0.0, 781.4701686838931
130.13200542346624, 651.3381632604269
0.0, 130.13200542346624
7.63365216114714, 122.4983532623191
0.0, 7.63365216114714
0.0, 7.63365216114714
1034.9112197051973, 25.962477000095078
0.0, 1034.9112197051973
185.0902602551261, 849.8209594500711
0.0, 185.0902602551261
55.31635764289601, 129.7739026122301
0.0, 55.31635764289601
0.0, 55.31635764289601
1072.1682668796566, 1.8540503179076495
68.88927966637259, 1003.278987213284
0.0, 68.88927966637259
35.71193057238454, 33.17734909398805
0.0, 35.71193057238454
0.0, 35.71193057238454
1026.502577687125, 45.665689192531545
1006.1637938036107, 20.33878388351434
0.0, 1006.1637938036107
977.9179014699355, 28.245892333675215
0.0, 977.9179014699355
0.0, 977.9179014699355
1015.2958989458251, 11.206678741299925
0.0, 1015.2958989458251
1002.3356446071435, 12.96025433868158
390.8299589775895, 611.505685629554
0.0, 390.8299589775895
0.0, 390.8299589775895
687.2464893688593, 315.0891552382842
115.00002752083283, 572.2464618480265
0.0, 115.00002752083283
0.0, 115.00002752083283
561.4813846988144, 125.76510467004493
0.0, 561.4813846988144
0.0, 561.4813846988144
1104.012715105888, 3161.567619203175
1000.9374282926195, 103.07528681326846
374.51200889234764, 626.425419400272
0.0, 374.51200889234764
75.098020536074, 299.41398835627365
0.0, 75.098020536074
0.0, 75.098020536074
972.550764210906, 28.386664081713548
0.0, 972.550764210906
511.38746616451135, 461.16329804639463
195.37693342362937, 316.010532740882
0.0, 195.37693342362937
0.0, 195.37693342362937
395.84887228415414, 115.53859388035721
0.0, 395.84887228415414
47.63133564963834, 348.2175366345158
0.0, 47.63133564963834
0.0, 47.63133564963834
1076.9693584929737, 27.043356612914295
0.0, 1076.9693584929737
1040.8006520189517, 36.168706474021974
199.3137037004726, 841.4869483184791
0.0, 199.3137037004726
0.0, 199.3137037004726
1020.816590254541, 19.98406176441074
986.5468858873634, 34.26970436717761
0.0, 986.5468858873634
96.49085592456548, 890.0560299627979
0.0, 96.49085592456548
0.0, 96.49085592456548
1017.1648941826763, 3.6516960718646487
371.8131839158252, 645.3517102668511
0.0, 371.8131839158252
337.8811717873699, 33.93201212845531
0.0, 337.8811717873699
272.3052486953278, 65.5759230920421
0.0, 272.3052486953278
0.0, 272.3052486953278
1002.4771628675286, 14.687731315147744
806.3519411606563, 196.12522170687225
772.7835250578723, 33.568416102784
535.3316941525328, 237.45183090533953
0.0, 535.3316941525328
0.0, 535.3316941525328
579.4685497994876, 193.31497525838472
0.0, 579.4685497994876
160.0506953245403, 419.4178544749473
0.0, 160.0506953245403
0.0, 160.0506953245403
804.3193483734718, 2.0325927871845124
0.0, 804.3193483734718
457.9517004108623, 346.3676479626095
0.0, 457.9517004108623
0.0, 457.9517004108623
925.8344584643445, 76.6427044031841
319.5241776662989, 606.3102807980456
0.0, 319.5241776662989
0.0, 319.5241776662989
547.9037068595544, 377.9307516047901
0.0, 547.9037068595544
456.96845261670325, 90.93525424285116
0.0, 456.96845261670325
208.10365579504557, 248.86479682165768
0.0, 208.10365579504557
50.1432510058178, 157.96040478922777
0.0, 50.1432510058178
0.0, 50.1432510058178
4583.850257646984, 104997.38668047517
1732.5983434710024, 2851.2519141759813
1160.8063049421626, 571.7920385288398
1098.9161604692126, 61.89014447294994
221.34327666561467, 877.572883803598
0.0, 221.34327666561467
0.0, 221.34327666561467
1074.4107072737777, 24.50545319543494
330.42532810965525, 743.9853791641224
0.0, 330.42532810965525
266.3770385894172, 64.04828952023803
0.0, 266.3770385894172
0.0, 266.3770385894172
1057.036312904486, 17.374394369291622
0.0, 1057.036312904486
1052.28088565806, 4.755427246426052
1002.6144899384338, 49.666395719626166
160.47097941910104, 842.1435105193328
0.0, 160.47097941910104
132.11011324893158, 28.36086617016946
0.0, 132.11011324893158
25.10310106960927, 107.00701217932232
0.0, 25.10310106960927
0.0, 25.10310106960927
965.3429040682012, 37.271585870232684
14.541499366981945, 950.8014047012192
0.0, 14.541499366981945
1.5275251450102025, 13.013974221971743
0.0, 1.5275251450102025
0.0, 1.5275251450102025
167.89327876034702, 797.4496253078541
0.0, 167.89327876034702
89.28282852540391, 78.6104502349431
0.0, 89.28282852540391
88.73970462718134, 0.543123898222575
0.0, 88.73970462718134
0.0, 88.73970462718134
1042.2420624268382, 10.03882323122184
663.6368866002003, 378.60517582663783
0.0, 663.6368866002003
0.0, 663.6368866002003
1025.2085650196102, 17.03349740722797
496.27530129408063, 528.9332637255295
0.0, 496.27530129408063
335.4126207827167, 160.86268051136392
0.0, 335.4126207827167
214.6809549296482, 120.7316658530685
0.0, 214.6809549296482
143.28693632439789, 71.39401860525032
0.0, 143.28693632439789
0.0, 143.28693632439789
1012.7515463901134, 12.457018629496815
122.70296605415521, 890.0485803359581
0.0, 122.70296605415521
0.0, 122.70296605415521
1005.688926897064, 7.062619493049397
989.6205854317366, 16.06834146532742
41.71002567213949, 947.910559759597
0.0, 41.71002567213949
0.0, 41.71002567213949
651.8874207842848, 337.73316464745176
0.0, 651.8874207842848
553.4431893536548, 98.44423143063
252.00229862978816, 301.4408907238667
0.0, 252.00229862978816
0.0, 252.00229862978816
395.5524139981749, 157.8907753554799
0.0, 395.5524139981749
307.5352848792925, 88.01712911888245
0.0, 307.5352848792925
0.0, 307.5352848792925
1001.2654982090332, 4.423428688030754
814.9959904268935, 186.26950778213973
41.64535314958045, 773.350637277313
0.0, 41.64535314958045
0.0, 41.64535314958045
707.7870921675045, 107.208898259389
4.439203974190479, 703.347888193314
0.0, 4.439203974190479
0.0, 4.439203974190479
106.25431910988215, 601.5327730576223
0.0, 106.25431910988215
0.0, 106.25431910988215
954.0403548243844, 47.225143384648845
167.4379960203718, 786.6023588040126
72.03809513052428, 95.39990088984752
0.0, 72.03809513052428
46.859140567342095, 25.178954563182188
0.0, 46.859140567342095
0.0, 46.859140567342095
100.01521166764286, 67.42278435272894
0.0, 100.01521166764286
0.0, 100.01521166764286
619.7676566164582, 334.27269820792617
0.0, 619.7676566164582
15.290324897046391, 604.4773317194118
0.0, 15.290324897046391
0.0, 15.290324897046391
1156.3203410752624, 4.485963866900192
1117.1110002047233, 39.20934087053911
1059.0919359431116, 58.019064261611675
1004.2563104338974, 54.835625509214196
571.0838354657127, 433.1724749681847
0.0, 571.0838354657127
45.600308116507804, 525.4835273492049
0.0, 45.600308116507804
0.0, 45.600308116507804
751.8397675421355, 252.41654289176188
473.412972082646, 278.42679545948954
0.0, 473.412972082646
0.0, 473.412972082646
661.4748812169885, 90.36488632514704
101.68593458663081, 559.7889466303577
0.0, 101.68593458663081
0.0, 101.68593458663081
401.69822648635363, 259.77665473063485
0.0, 401.69822648635363
164.8488347684513, 236.84939171790234
0.0, 164.8488347684513
0.0, 164.8488347684513
1008.3358996513298, 50.75603629178181
487.69017653786443, 520.6457231134654
0.0, 487.69017653786443
0.0, 487.69017653786443
866.1843729480066, 142.15152670332316
0.0, 866.1843729480066
0.0, 866.1843729480066
1110.3649153798567, 6.746084824866557
916.7728482718014, 193.5920671080553
0.0, 916.7728482718014
791.0129582249984, 125.75989004680298
25.37849284796373, 765.6344653770348
0.0, 25.37849284796373
0.0, 25.37849284796373
725.6705710635822, 65.34238716141624
61.14807483595632, 664.5224962276259
0.0, 61.14807483595632
0.0, 61.14807483595632
249.47535312079876, 476.1952179427834
0.0, 249.47535312079876
241.315302304542, 8.160050816256756
0.0, 241.315302304542
0.0, 241.315302304542
1044.6789798800721, 65.68593549978459
1024.8151027893564, 19.863877090715732
1006.5830312736545, 18.232071515701932
0.0, 1006.5830312736545
242.38278967906786, 764.2002415945866
0.0, 242.38278967906786
228.66000911627316, 13.722780562794696
0.0, 228.66000911627316
0.0, 228.66000911627316
1010.4053115647309, 14.409791224625451
0.0, 1010.4053115647309
864.37915264075, 146.02615892398092
0.0, 864.37915264075
9.750653384426489, 854.6284992563235
0.0, 9.750653384426489
0.0, 9.750653384426489
1027.4150840793102, 17.26389580076193
65.89595626337449, 961.5191278159357
0.0, 65.89595626337449
0.0, 65.89595626337449
102.76031486663867, 924.6547692126716
0.0, 102.76031486663867
0.0, 102.76031486663867
1154.6188734868178, 1.7014675884445296
1022.2663569874073, 132.3525164994105
1003.4641540030708, 18.80220298433653
626.2070473295764, 377.2571066734944
32.63623084479832, 593.5708164847781
0.0, 32.63623084479832
0.0, 32.63623084479832
396.2306794950439, 229.97636783453254
121.82872474483362, 274.4019547502103
17.548822257120552, 104.27990248771307
0.0, 17.548822257120552
0.0, 17.548822257120552
66.42370320109409, 55.40502154373954
0.0, 66.42370320109409
0.0, 66.42370320109409
154.70184108037887, 241.52883841466502
0.0, 154.70184108037887
4.253873278981022, 150.44796780139785
0.0, 4.253873278981022
0.0, 4.253873278981022
896.1697747347503, 107.29437926832054
0.0, 896.1697747347503
610.4481826431269, 285.7215920916234
0.0, 610.4481826431269
591.7832493859938, 18.664933257133043
202.45095462821718, 389.33229475777665
0.0, 202.45095462821718
24.618591791212598, 177.83236283700458
0.0, 24.618591791212598
0.0, 24.618591791212598
579.4829348764523, 12.300314509541522
266.08063646482077, 313.40229841163153
0.0, 266.08063646482077
150.5804563087299, 115.50018015609086
0.0, 150.5804563087299
20.966568314366345, 129.61388799436355
0.0, 20.966568314366345
0.0, 20.966568314366345
542.2679136445469, 37.21502123190544
264.63576045473434, 277.6321531898125
0.0, 264.63576045473434
185.94715945039877, 78.68860100433557
0.0, 185.94715945039877
0.0, 185.94715945039877
428.6190308923292, 113.64888275221767
0.0, 428.6190308923292
40.76312166166148, 387.8559092306677
0.0, 40.76312166166148
38.40830074030545, 2.35482092135603
0.0, 38.40830074030545
0.0, 38.40830074030545
1022.0030872553026, 0.2632697321047317
224.72101570565493, 797.2820715496476
41.932026888585895, 182.78898881706903
0.0, 41.932026888585895
0.0, 41.932026888585895
86.49951643672304, 138.2214992689319
0.0, 86.49951643672304
63.23373424202117, 23.26578219470187
0.0, 63.23373424202117
57.70546573078497, 5.528268511236199
0.0, 57.70546573078497
0.0, 57.70546573078497
1000.0743799005343, 21.928707354768335
860.3308401646692, 139.74353973586506
544.2844862675946, 316.0463538970746
0.0, 544.2844862675946
0.0, 544.2844862675946
671.2417062424471, 189.08913392222212
0.0, 671.2417062424471
448.1826290559058, 223.0590771865413
0.0, 448.1826290559058
354.11325959037316, 94.06936946553265
0.0, 354.11325959037316
113.8520776105156, 240.26118197985755
0.0, 113.8520776105156
58.57730835049892, 55.274769260016676
0.0, 58.57730835049892
30.84853518862115, 27.72877316187777
0.0, 30.84853518862115
0.0, 30.84853518862115
972.7131810949887, 27.36119880554554
0.0, 972.7131810949887
141.28748732821933, 831.4256937667694
0.0, 141.28748732821933
0.0, 141.28748732821933
1072.740147305473, 81.87872618134475
792.724263367984, 280.0158839374891
194.39007467609733, 598.3341886918867
0.0, 194.39007467609733
0.0, 194.39007467609733
726.4821963693593, 66.24206699862475
174.8322696268898, 551.6499267424695
0.0, 174.8322696268898
123.68472415999332, 51.147545466896474
0.0, 123.68472415999332
73.74972308341184, 49.935001076581486
0.0, 73.74972308341184
0.0, 73.74972308341184
485.734446707405, 240.74774966195423
0.0, 485.734446707405
324.2976517719011, 161.43679493550394
56.73064553045144, 267.56700624144963
0.0, 56.73064553045144
25.587633860056588, 31.143011670394852
0.0, 25.587633860056588
0.0, 25.587633860056588
269.9945657532189, 54.303086018682166
0.0, 269.9945657532189
0.0, 269.9945657532189
1019.2725658384863, 53.46758146698676
0.0, 1019.2725658384863
1009.4096131198003, 9.862952718686074
0.0, 1009.4096131198003
1005.434559674136, 3.97505344566423
0.0, 1005.434559674136
52.17442655635621, 953.2601331177798
0.0, 52.17442655635621
22.451354776076847, 29.723071780279362
0.0, 22.451354776076847
0.0, 22.451354776076847
1435.2435773724828, 297.3547660985196
1256.4651611311442, 178.77841624133862
1019.0889026069432, 237.37625852420103
72.26454859424746, 946.8243540126957
0.0, 72.26454859424746
13.190182482855036, 59.07436611139242
0.0, 13.190182482855036
0.0, 13.190182482855036
781.9896318198441, 237.09927078709904
0.0, 781.9896318198441
107.36956884595128, 674.6200629738928
0.0, 107.36956884595128
0.0, 107.36956884595128
1255.8783205637694, 0.586840567374793
1144.2065191084498, 111.67180145531961
1012.8581254297192, 131.34839367873064
0.0, 1012.8581254297192
1000.8212926235567, 12.036832806162465
0.0, 1000.8212926235567
886.5056271540617, 114.315665469495
0.0, 886.5056271540617
270.67785365732703, 615.8277734967346
0.0, 270.67785365732703
0.0, 270.67785365732703
1117.8655058003944, 26.34101330805538
0.0, 1117.8655058003944
1059.2989230264634, 58.56658277393103
1006.7483887509916, 52.55053427547182
0.0, 1006.7483887509916
852.021836505709, 154.72655224528262
0.0, 852.021836505709
597.6332101804132, 254.38862632529572
0.0, 597.6332101804132
541.6767111159043, 55.95649906450899
0.0, 541.6767111159043
0.0, 541.6767111159043
1036.630355234521, 22.66856779194245
0.0, 1036.630355234521
1001.8470857836451, 34.78326945087588
0.0, 1001.8470857836451
0.0, 1001.8470857836451
1182.4939673134586, 73.38435325031082
1003.991389039287, 178.50257827417158
0.0, 1003.991389039287
843.8678155821441, 160.12357345714292
209.3861386617449, 634.4816769203992
0.0, 209.3861386617449
0.0, 209.3861386617449
382.68099020590404, 461.18682537624005
0.0, 382.68099020590404
0.0, 382.68099020590404
1071.934762788032, 110.5592045254266
1013.3440953230738, 58.59066746495819
0.0, 1013.3440953230738
377.0867963739975, 636.2572989490764
0.0, 377.0867963739975
288.39056237829675, 88.69623399570077
0.0, 288.39056237829675
0.0, 288.39056237829675
1045.8497158584805, 26.08504692955148
861.7044439462596, 184.1452719122209
42.733664680055384, 818.9707792662042
0.0, 42.733664680055384
0.0, 42.733664680055384
495.03679508639976, 366.66764885985987
43.753767052732506, 451.2830280336673
0.0, 43.753767052732506
0.0, 43.753767052732506
450.3628317814034, 44.67396330499639
0.0, 450.3628317814034
337.0318909288156, 113.33094085258779
2.1249338255609964, 334.90695710325457
0.0, 2.1249338255609964
0.0, 2.1249338255609964
283.26174000767577, 53.770150921139816
0.0, 283.26174000767577
0.0, 283.26174000767577
1032.5593328368748, 13.290383021605749
901.6055050402103, 130.95382779666443
0.0, 901.6055050402103
621.5026810503629, 280.1028239898475
7.938718371067468, 613.5639626792954
0.0, 7.938718371067468
0.0, 7.938718371067468
326.28262700338854, 295.2200540469743
0.0, 326.28262700338854
326.05173267569194, 0.23089432769660334
0.0, 326.05173267569194
309.3510211051946, 16.700711570497333
0.0, 309.3510211051946
0.0, 309.3510211051946
929.0641506151798, 103.49518222169502
294.079169882825, 634.9849807323548
0.0, 294.079169882825
214.56358049803856, 79.51558938478644
0.0, 214.56358049803856
14.106148453926567, 200.45743204411198
0.0, 14.106148453926567
0.0, 14.106148453926567
494.8264715183985, 434.2376790967813
0.0, 494.8264715183985
344.25437237426064, 150.57209914413784
0.0, 344.25437237426064
0.0, 344.25437237426064
1396.5507303593638, 38.692847013119035
1007.1203235007436, 389.43040685862024
931.7080385459763, 75.4122849547673
0.0, 931.7080385459763
226.26299752149544, 705.4450410244808
25.156029213072824, 201.1069683084226
0.0, 25.156029213072824
0.0, 25.156029213072824
68.26023826134805, 158.0027592601474
0.0, 68.26023826134805
0.0, 68.26023826134805
1002.8328169721894, 4.287506528554104
0.0, 1002.8328169721894
465.8671392761009, 536.9656776960885
118.82465944440884, 347.04247983169205
0.0, 118.82465944440884
0.0, 118.82465944440884
278.347994449237, 187.5191448268639
63.48100197074344, 214.86699247849353
0.0, 63.48100197074344
0.0, 63.48100197074344
117.27154248453405, 161.07645196470293
0.0, 117.27154248453405
98.53572913530336, 18.735813349230696
0.0, 98.53572913530336
75.78600898725968, 22.74972014804368
0.0, 75.78600898725968
0.0, 75.78600898725968
1338.9279105236856, 57.62281983567823
1098.164637929038, 240.76327259464756
1029.7869076805694, 68.37773024846865
181.25308131851384, 848.5338263620555
0.0, 181.25308131851384
94.86174428653743, 86.3913370319764
0.0, 94.86174428653743
0.0, 94.86174428653743
1022.8257115482519, 6.961196132317468
183.01790173273423, 839.8078098155177
0.0, 183.01790173273423
0.0, 183.01790173273423
1016.380305260415, 6.445406287836931
1001.1796037763568, 15.200701484058186
456.89797702169403, 544.2816267546627
0.0, 456.89797702169403
197.75014212264327, 259.14783489905074
0.0, 197.75014212264327
0.0, 197.75014212264327
957.3888618597649, 43.790741916591855
712.7596224487594, 244.62923941100553
0.0, 712.7596224487594
643.4288784414157, 69.3307440073437
0.0, 643.4288784414157
416.9850962801085, 226.44378216130718
376.2703807788588, 40.714715501249714
0.0, 376.2703807788588
289.4816314944672, 86.7887492843916
34.400815682392626, 255.08081581207458
0.0, 34.400815682392626
33.99684888995284, 0.40396679243978895
0.0, 33.99684888995284
0.0, 33.99684888995284
162.6382980791962, 126.84333341527099
0.0, 162.6382980791962
0.0, 162.6382980791962
407.2566204742992, 9.728475805809296
0.0, 407.2566204742992
0.0, 407.2566204742992
817.0323667881904, 140.3564950715745
100.21073207192406, 716.8216347162663
0.0, 100.21073207192406
0.0, 100.21073207192406
107.6154157929828, 709.4169509952076
0.0, 107.6154157929828
0.0, 107.6154157929828
1004.8676899922233, 11.512615268191666
0.0, 1004.8676899922233
223.8222564045026, 781.0454335877207
0.0, 223.8222564045026
68.9900695876119, 154.83218681689073
0.0, 68.9900695876119
0.0, 68.9900695876119
1057.8882099273071, 40.27642800173089
1001.2123796929811, 56.675830234325986
114.81119500402191, 886.4011846889592
0.0, 114.81119500402191
95.9770081926518, 18.834186811370117
0.0, 95.9770081926518
0.0, 95.9770081926518
752.6757340658504, 248.53664562713072
2.466514273573815, 750.2092197922766
0.0, 2.466514273573815
0.0, 2.466514273573815
336.95929467799374, 415.71643938785667
0.0, 336.95929467799374
0.0, 336.95929467799374
1049.2262804698794, 8.661929457427732
1000.3112986360559, 48.914981833823504
0.0, 1000.3112986360559
874.4057781557482, 125.9055204803077
461.1328261399221, 413.2729520158261
0.0, 461.1328261399221
229.75889085318582, 231.37393528673627
0.0, 229.75889085318582
130.14382911506036, 99.61506173812546
0.0, 130.14382911506036
0.0, 130.14382911506036
506.34996720888995, 368.05581094685823
0.0, 506.34996720888995
117.69517532596804, 388.6547918829219
0.0, 117.69517532596804
39.04363199298442, 78.65154333298361
0.0, 39.04363199298442
0.0, 39.04363199298442
1010.507031129404, 38.71924934047536
23.05474293370375, 987.4522881957002
0.0, 23.05474293370375
0.0, 23.05474293370375
387.1130971085114, 623.3939340208926
0.0, 387.1130971085114
7.749640889546763, 379.36345621896464
0.0, 7.749640889546763
0.0, 7.749640889546763
1109.2810103541387, 229.64690016954683
1069.0841240214731, 40.1968863326656
1050.369719612212, 18.71440440926108
1017.7775933950668, 32.59212621714528
200.09926426348574, 817.678329131581
0.0, 200.09926426348574
0.0, 200.09926426348574
238.30857549049423, 779.4690179045725
0.0, 238.30857549049423
219.08680374441263, 19.2217717460816
0.0, 219.08680374441263
0.0, 219.08680374441263
1031.9027275643007, 18.46699204791139
0.0, 1031.9027275643007
1000.6371042902736, 31.26562327402712
438.436075806065, 562.2010284842086
0.0, 438.436075806065
238.27344032511178, 200.1626354809532
0.0, 238.27344032511178
0.0, 238.27344032511178
560.7227165018113, 439.91438778846225
0.0, 560.7227165018113
71.03353294229282, 489.6891835595185
0.0, 71.03353294229282
0.0, 71.03353294229282
1064.7652456421117, 4.318878379361422
0.0, 1064.7652456421117
1025.1769332139593, 39.58831242815245
0.0, 1025.1769332139593
0.0, 1025.1769332139593
1073.5417647433414, 35.7392456107973
1.9416321368913902, 1071.60013260645
0.0, 1.9416321368913902
0.0, 1.9416321368913902
829.8262481244568, 243.71551661888464
0.0, 829.8262481244568
99.02007110425865, 730.8061770201982
0.0, 99.02007110425865
58.85853159453019, 40.161539509728456
0.0, 58.85853159453019
0.0, 58.85853159453019
3089.723750264863, 1494.1265073821205
1343.1163276237694, 1746.6074226410938
1058.1820005135341, 284.93432711023524
1029.2430780086931, 28.938922504841003
1027.743835226265, 1.499242782428155
437.77638148022476, 589.9674537460403
0.0, 437.77638148022476
13.093582820399536, 424.6827986598252
0.0, 13.093582820399536
0.0, 13.093582820399536
1006.1743441021897, 21.569491124075284
0.0, 1006.1743441021897
0.0, 1006.1743441021897
1029.0669857994724, 0.1760922092207693
0.0, 1029.0669857994724
1023.318427101545, 5.748558697927365
0.0, 1023.318427101545
541.0268746823764, 482.2915524191686
75.7295605513927, 465.2973141309837
0.0, 75.7295605513927
63.18559905844023, 12.543961492952462
0.0, 63.18559905844023
0.0, 63.18559905844023
97.51865060284105, 443.50822407953535
0.0, 97.51865060284105
72.27319576849808, 25.245454834342965
0.0, 72.27319576849808
45.819720475469076, 26.45347529302901
0.0, 45.819720475469076
36.17693739130416, 9.642783084164918
0.0, 36.17693739130416
31.79387661833688, 4.383060772967276
0.0, 31.79387661833688
0.0, 31.79387661833688
1032.0181799553443, 26.163820558189855
0.0, 1032.0181799553443
375.3306692412678, 656.6875107140766
52.118323457474006, 323.2123457837938
0.0, 52.118323457474006
0.0, 52.118323457474006
331.7935591400493, 43.5371101012185
0.0, 331.7935591400493
59.30751022588921, 272.4860489141601
0.0, 59.30751022588921
0.0, 59.30751022588921
1335.8184621054647, 7.297865518304661
1219.089906474098, 116.72855563136682
1020.6599882316607, 198.42991824243722
29.878008009704587, 990.7819802219561
0.0, 29.878008009704587
0.0, 29.878008009704587
223.6413459135845, 797.0186423180762
0.0, 223.6413459135845
0.0, 223.6413459135845
1076.1697353718243, 142.92017110227357
0.0, 1076.1697353718243
1059.7128902542886, 16.45684511753575
0.0, 1059.7128902542886
498.0179325977528, 561.6949576565357
0.0, 498.0179325977528
0.0, 498.0179325977528
1328.2710701671224, 7.547391938342344
1001.5530230093073, 326.71804715781514
0.0, 1001.5530230093073
856.0951224211684, 145.45790058813884
0.0, 856.0951224211684
51.149892305417076, 804.9452301157513
0.0, 51.149892305417076
28.302915876141626, 22.84697642927545
0.0, 28.302915876141626
0.0, 28.302915876141626
1078.427843834942, 249.8432263321804
269.0066244306104, 809.4212194043316
0.0, 269.0066244306104
0.0, 269.0066244306104
1066.1527281969345, 12.275115638007492
1013.67474540719, 52.47798278974449
750.0862306678883, 263.5885147393017
0.0, 750.0862306678883
161.02134341710567, 589.0648872507827
0.0, 161.02134341710567
144.09982739163775, 16.921516025467923
0.0, 144.09982739163775
0.0, 144.09982739163775
1000.1409305817891, 13.533814825400896
0.0, 1000.1409305817891
731.3404128378401, 268.80051774394906
0.0, 731.3404128378401
15.118351842748075, 716.222060995092
0.0, 15.118351842748075
0.0, 15.118351842748075
1037.9826958412946, 28.170032355639933
625.9712977386737, 412.0113981026209
0.0, 625.9712977386737
222.0316749466465, 403.9396227920272
0.0, 222.0316749466465
0.0, 222.0316749466465
1004.1860259454227, 33.7966698958719
384.87012210067354, 619.3159038447491
147.68703829316408, 237.18308380750946
0.0, 147.68703829316408
0.0, 147.68703829316408
161.22630790237088, 223.64381419830266
0.0, 161.22630790237088
0.0, 161.22630790237088
671.3094664196135, 332.87655952580917
0.0, 671.3094664196135
363.09250578548705, 308.21696063412645
0.0, 363.09250578548705
166.486914923897, 196.60559086159006
0.0, 166.486914923897
73.86392654292207, 92.62298838097492
0.0, 73.86392654292207
59.34449487100939, 14.519431671912685
0.0, 59.34449487100939
11.31156230711676, 48.03293256389263
0.0, 11.31156230711676
0.0, 11.31156230711676
1584.0208497768642, 1505.702900487999
589.9896763673296, 994.0311734095346
0.0, 589.9896763673296
495.65275775253997, 94.33691861478962
0.0, 495.65275775253997
0.0, 495.65275775253997
1506.6676026373389, 77.35324713952537
1189.9730996696028, 316.69450296773607
1047.5313540364004, 142.44174563320234
1025.3433393855648, 22.188014650835612
1014.0576406737503, 11.285698711814575
646.6453522176337, 367.4122884561166
383.37753113038633, 263.26782108724734
0.0, 383.37753113038633
292.56227044452726, 90.81526068585907
108.64244680510976, 183.9198236394175
0.0, 108.64244680510976
0.0, 108.64244680510976
243.86305572742344, 48.699214717103814
0.0, 243.86305572742344
0.0, 243.86305572742344
574.425830190125, 72.21952202750867
0.0, 574.425830190125
345.0893736842233, 229.3364565059017
0.0, 345.0893736842233
279.5638047562834, 65.5255689279399
1.963083339420992, 277.60072141686237
0.0, 1.963083339420992
0.0, 1.963083339420992
46.72919220901971, 232.83461254726367
0.0, 46.72919220901971
0.0, 46.72919220901971
921.6847270535717, 92.37291362017856
0.0, 921.6847270535717
505.484721529031, 416.2000055245407
2.156397613843169, 503.3283239151878
0.0, 2.156397613843169
0.0, 2.156397613843169
470.79830389811855, 34.686417630912445
0.0, 470.79830389811855
0.0, 470.79830389811855
1023.3776211040276, 1.9657182815371925
278.1376941285502, 745.2399269754774
0.0, 278.1376941285502
0.0, 278.1376941285502
1022.3091466571149, 1.0684744469127736
182.45849992766586, 839.850646729449
0.0, 182.45849992766586
0.0, 182.45849992766586
411.8306597296042, 610.4784869275106
0.0, 411.8306597296042
127.83022748007238, 284.0004322495318
0.0, 127.83022748007238
0.0, 127.83022748007238
1044.8538831638157, 2.677470872584763
329.2998637318021, 715.5540194320135
123.94919349308658, 205.3506702387155
0.0, 123.94919349308658
0.0, 123.94919349308658
188.86156504085812, 140.43829869094395
0.0, 188.86156504085812
57.81993103534109, 131.04163400551704
0.0, 57.81993103534109
0.0, 57.81993103534109
1001.5280473445736, 43.325835819242116
86.29418980068418, 915.2338575438894
0.0, 86.29418980068418
0.0, 86.29418980068418
991.0599626013878, 10.468084743185727
102.66371956866607, 888.3962430327217
23.537733610642093, 79.12598595802397
0.0, 23.537733610642093
0.0, 23.537733610642093
49.62457297546991, 53.03914659319616
0.0, 49.62457297546991
29.00656759837786, 20.61800537709205
0.0, 29.00656759837786
0.0, 29.00656759837786
595.7306900199267, 395.32927258146117
0.0, 595.7306900199267
0.0, 595.7306900199267
1072.7628949163834, 117.21020475321939
1008.288233819756, 64.47466109662741
269.0563050063396, 739.2319288134164
0.0, 269.0563050063396
0.0, 269.0563050063396
485.92460171027835, 522.3636321094776
0.0, 485.92460171027835
248.5216433700615, 237.40295834021686
0.0, 248.5216433700615
0.0, 248.5216433700615
1009.586813321449, 63.17608159493443
651.3221514173193, 358.26466190412964
0.0, 651.3221514173193
0.0, 651.3221514173193
867.9879383434213, 141.59887497802765
491.17026203692, 376.8176763065013
0.0, 491.17026203692
0.0, 491.17026203692
531.1046037290755, 336.8833346143458
0.0, 531.1046037290755
514.6896413308253, 16.414962398250168
0.0, 514.6896413308253
146.4030700618891, 368.2865712689362
23.526646636805786, 122.87642342508332
0.0, 23.526646636805786
0.0, 23.526646636805786
126.10384063408647, 20.299229427802643
0.0, 126.10384063408647
119.80145156081228, 6.302389073274185
0.0, 119.80145156081228
0.0, 119.80145156081228
1278.8795299474632, 227.78807268987566
1009.1548369745589, 269.72469297290434
393.095265933769, 616.0595710407899
0.0, 393.095265933769
0.0, 393.095265933769
1007.250707945348, 1.9041290292108215
88.10235709980739, 919.1483508455407
0.0, 88.10235709980739
0.0, 88.10235709980739
1000.1749272108715, 7.075780734476552
307.65864968764953, 692.516277523222
0.0, 307.65864968764953
264.5891916591013, 43.06945802854824
0.0, 264.5891916591013
0.0, 264.5891916591013
785.2467706574809, 214.92815655339064
0.0, 785.2467706574809
529.8849940495446, 255.36177660793624
0.0, 529.8849940495446
6.720783945921856, 523.1642101036227
0.0, 6.720783945921856
0.0, 6.720783945921856
1231.2322654257882, 47.64726452167497
1023.8712335849918, 207.3610318407964
0.0, 1023.8712335849918
1004.4322762791177, 19.43895730587417
0.0, 1004.4322762791177
1000.3731052141281, 4.059171064989528
289.4498615615912, 710.9232436525369
0.0, 289.4498615615912
216.05104665412475, 73.39881490746646
0.0, 216.05104665412475
15.248226933858588, 200.80281972026617
0.0, 15.248226933858588
0.0, 15.248226933858588
753.4825712750518, 246.89053393907636
16.154107545914552, 737.3284637291372
0.0, 16.154107545914552
0.0, 16.154107545914552
660.6621299468814, 92.82044132817043
223.02532140416454, 437.63680854271684
0.0, 223.02532140416454
206.12076572118582, 16.904555682978724
0.0, 206.12076572118582
0.0, 206.12076572118582
338.08120195607376, 322.5809279908076
0.0, 338.08120195607376
12.166529414855532, 325.91467254121824
0.0, 12.166529414855532
0.0, 12.166529414855532
1070.2405379751945, 160.99172745059377
1016.6017648689353, 53.63877310625912
0.0, 1016.6017648689353
1013.4316546907817, 3.1701101781536636
137.78545638877856, 875.6461983020031
0.0, 137.78545638877856
0.0, 137.78545638877856
1003.2689513902609, 10.162703300520775
932.3274186628173, 70.94153272744359
0.0, 932.3274186628173
324.0835370372844, 608.2438816255329
0.0, 324.0835370372844
282.6168088207928, 41.46672821649156
0.0, 282.6168088207928
265.5116608919058, 17.105147928886993
0.0, 265.5116608919058
0.0, 265.5116608919058
995.566115611648, 7.702835778612894
150.3523587274646, 845.2137568841833
0.0, 150.3523587274646
0.0, 150.3523587274646
471.72510494406333, 523.8410106675847
242.60062967217587, 229.12447527188746
0.0, 242.60062967217587
172.0203268625423, 70.58030280963357
0.0, 172.0203268625423
0.0, 172.0203268625423
396.9750444600532, 74.75006048401013
0.0, 396.9750444600532
29.35924771385042, 367.61579674620276
0.0, 29.35924771385042
0.0, 29.35924771385042
1020.110963688328, 50.1295742868665
1013.3651605397151, 6.745803148612822
686.9605844703713, 326.4045760693439
0.0, 686.9605844703713
34.488512926778256, 652.472071543593
0.0, 34.488512926778256
15.898492341708229, 18.59002058507003
0.0, 15.898492341708229
0.0, 15.898492341708229
797.6914850491812, 215.67367549053392
0.0, 797.6914850491812
249.279551358744, 548.4119336904372
0.0, 249.279551358744
31.71359867190667, 217.5659526868373
0.0, 31.71359867190667
0.0, 31.71359867190667
1015.3034653801179, 4.807498308210029
1013.8746166273261, 1.4288487527918505
364.46077612444554, 649.4138405028805
0.0, 364.46077612444554
293.40554948539096, 71.05522663905458
0.0, 293.40554948539096
0.0, 293.40554948539096
486.7931447378353, 527.0814718894908
0.0, 486.7931447378353
37.502279750503966, 449.2908649873313
0.0, 37.502279750503966
14.404752541059162, 23.097527209444806
0.0, 14.404752541059162
0.0, 14.404752541059162
1014.4410639561905, 0.8624014239273947
0.0, 1014.4410639561905
282.32791697938524, 732.1131469768053
31.461008081642735, 250.8669088977425
0.0, 31.461008081642735
12.376208242476059, 19.084799839166678
0.0, 12.376208242476059
0.0, 12.376208242476059
266.16568056581, 16.162236413575215
0.0, 266.16568056581
0.0, 266.16568056581
