Node, generations
Node 10263, 34332.359482440545
Node 9340, 10705.79372906336
Node 8632, 505.22904735686706
Node 8563, 401.32257434946604
Node 8521, 365.17222257840166
Node 8493, 338.6828746180175
Node 8402, 288.24074728431754
Node 7463, 204.8351752566517
Node 4662, 140.99817996844695
Node 4349, 127.78096086983601
Node 3158, 81.2710163731448
Node 2334, 48.337882755812636
Node 8355, 271.81217733754306
Node 7776, 209.19173181134184
Node 7172, 202.78492709329245
Node 2442, 52.14681574349836
Node 8069, 222.41153996587693
Node 7945, 215.4306340999303
Node 7504, 205.20697949628868
Node 2962, 73.04452661776845
Node 7919, 214.34986227313163
Node 6171, 200.32281609586755
Node 1704, 21.796881333779158
Node 7670, 207.3031552935014
Node 6941, 201.8647092218844
Node 8042, 220.61174568313066
Node 6551, 200.91079817197985
Node 1917, 31.45864737353634
Node 1418, 5.445883132212416
Node 1821, 27.49431610317292
Node 3084, 78.0962759137823
Node 1400, 4.228615014948273
Node 7709, 207.88967582185273
Node 8463, 318.08437105333786
Node 8039, 220.41518582900522
Node 5495, 179.69669886238492
Node 1423, 5.755508832605642
Node 2638, 59.81743134529923
Node 7001, 202.0580595713512
Node 2210, 43.03115292271215
Node 8261, 247.45480223139532
Node 7811, 210.16775328656894
Node 1695, 21.393709709718074
Node 6918, 201.78945498789156
Node 3989, 113.22767794182379
Node 6117, 200.2500160498702
Node 5582, 184.50914278666252
Node 2037, 36.30905229777343
Node 8224, 240.95605475755585
Node 7215, 203.03718722290253
Node 3540, 96.151376513085
Node 8078, 222.83584312457197
Node 7678, 207.46126552676782
Node 5955, 200.07507262417863
Node 4837, 149.2790492604823
Node 3961, 111.56203963436293
Node 3629, 99.89138605135926
Node 5130, 161.56304000452138
Node 3603, 98.5045373105602
Node 2071, 37.49919614847019
Node 4609, 138.3681838146158
Node 7337, 203.72702077150564
Node 7290, 203.42905934683188
Node 1585, 15.631335560443844
Node 7891, 213.24186894292794
Node 7123, 202.53132534747607
Node 5870, 199.0495899134808
Node 3351, 88.59831227286773
Node 1818, 27.420979736274134
Node 3635, 100.01936784740153
Node 2997, 74.00414854212887
Node 2584, 57.5929618768554
Node 8496, 340.29952065919247
Node 6740, 201.3339112449556
Node 4163, 120.63130631517227
Node 6366, 200.58263703846697
Node 8267, 248.79680444148005
Node 7689, 207.6132872440715
Node 7203, 202.9444417249993
Node 5889, 199.9566816094205
Node 3631, 99.92991895754439
Node 2552, 56.42722269437783
Node 1483, 9.735506400438577
Node 5540, 182.23460275770032
Node 4053, 115.9160826578209
Node 2811, 67.09651713325664
Node 3014, 74.74695932975808
Node 8217, 239.5273651595057
Node 2099, 38.51041455156836
Node 1426, 5.999710181992661
Node 8211, 239.0007560027573
Node 2128, 39.7118648139029
Node 1650, 19.100515624240145
Node 1370, 1.053994267800139
Node 8119, 226.33506963791044
Node 7981, 217.03691865563513
Node 5181, 165.0710207941338
Node 2151, 40.881527104620574
Node 1679, 20.502118703191503
Node 7744, 208.6113127337219
Node 6825, 201.56132641870093
Node 6743, 201.3419182777932
Node 2012, 35.33725047672667
Node 6703, 201.23419290168138
Node 7083, 202.3948293142615
Node 5353, 173.0508458366107
Node 8002, 217.82092783523123
Node 7227, 203.10954944073248
Node 2929, 71.77338552832168
Node 6817, 201.54119581652137
Node 5863, 198.68847667837966
Node 2134, 40.166652191534695
Node 8544, 379.625973135116
Node 8103, 225.20440501926754
Node 7122, 202.52134688742245
Node 6785, 201.4482751649624
Node 4714, 143.43931507587712
Node 6039, 200.16616121200357
Node 1918, 31.505327382340223
Node 1479, 9.476778923057529
Node 3501, 94.70178557940955
Node 1841, 28.236576225660922
Node 2086, 38.07209849056545
Node 8072, 222.57115597294487
Node 8192, 235.43176942614082
Node 7271, 203.33472434742436
Node 3043, 76.06653278403482
Node 7702, 207.84549722967407
Node 6267, 200.4455428681206
Node 8589, 437.8006024882057
Node 8395, 284.7700903786756
Node 8134, 227.38733042690487
Node 7513, 205.2927018324254
Node 7065, 202.30293405076273
Node 1798, 26.15495737087057
Node 2463, 52.78620472801572
Node 2052, 36.992885973781945
Node 2367, 49.55024104477979
Node 1914, 31.41014289141713
Node 8056, 221.20104177772015
Node 7759, 208.91421894314945
Node 7454, 204.70003335732386
Node 5667, 188.61212951872926
Node 2577, 57.37568294954091
Node 5630, 186.66451720883813
Node 2331, 48.18475067203932
Node 7860, 212.0059210383977
Node 7242, 203.1664117780085
Node 5739, 192.38850905846402
Node 3935, 110.47796872311287
Node 4842, 149.45558793164233
Node 3965, 111.97397317377282
Node 3104, 78.98270027003414
Node 1474, 9.000200368994813
Node 7013, 202.109534685452
Node 6936, 201.8518618252847
Node 4691, 142.24550842857806
Node 4516, 134.60005269242785
Node 6245, 200.42422417948384
Node 3272, 85.54204782554082
Node 7481, 204.95474801000807
Node 6602, 201.02517497277466
Node 5665, 188.5463792948012
Node 4860, 150.20946782178527
Node 2850, 68.91061792236887
Node 1754, 24.375069316761653
Node 1613, 16.98639729658145
Node 2385, 50.021072876932514
Node 6614, 201.03944682216675
Node 5523, 181.32122160991545
Node 2019, 35.56117002891523
Node 1419, 5.45602631952334
Node 4803, 147.4675722751763
Node 4140, 119.4578800274141
Node 4138, 119.27755193837302
Node 2970, 73.21565713741161
Node 2131, 39.81394814983917
Node 2219, 43.31601252194055
Node 8353, 271.6887202349292
Node 7920, 214.52018932746083
Node 8173, 232.0014929047089
Node 4216, 122.50655971269279
Node 7715, 207.9704934659929
Node 7569, 205.91114558477304
Node 6642, 201.10037608996507
Node 1466, 8.426579019293932
Node 2364, 49.41167846324381
Node 1961, 33.209526965692774
Node 1697, 21.61027598618222
Node 7423, 204.4645534800523
Node 7002, 202.06915366137244
Node 3823, 106.66167646985812
Node 6566, 200.9448596846327
Node 1510, 11.601593699147971
Node 4568, 136.74154255202518
Node 3468, 93.04009909777646
Node 4297, 125.52138712805456
Node 3717, 102.74408977115044
Node 2042, 36.43199125537744
Node 2487, 54.28418605407636
Node 7311, 203.55780609709853
Node 3980, 112.74497279186035
Node 1630, 18.309672247356662
Node 6870, 201.6805904198117
Node 3927, 110.08325401020386
Node 2579, 57.38553635782048
Node 5408, 176.10158812156592
Node 2928, 71.71196107515674
Node 8548, 384.60315187923715
Node 8465, 318.4384654926251
Node 7943, 215.3342899364489
Node 5927, 200.04063281092152
Node 4013, 114.26219784158198
Node 2157, 40.99305713170671
Node 1526, 12.432348431144193
Node 3687, 101.61401994636259
Node 1561, 14.649735513239891
Node 1489, 10.118663745591471
Node 7887, 213.20381850420597
Node 4556, 136.19245453533972
Node 2960, 72.99829846127881
Node 6959, 201.9012523135298
Node 4956, 154.13221483657065
Node 4425, 130.52146762508832
Node 1810, 26.99773786941865
Node 8085, 223.31597524498173
Node 7528, 205.422206041134
Node 7146, 202.65285638896023
Node 6198, 200.3523827943061
Node 3139, 80.51154176145886
Node 7469, 204.86345146640284
Node 5037, 157.2715915780361
Node 3206, 82.8858817702224
Node 5931, 200.04593097300824
Node 3700, 101.90112130512445
Node 4828, 148.6069709679342
Node 1685, 20.770125690625242
Node 4809, 147.81875641441562
Node 3571, 97.65986781804291
Node 1968, 33.40478664341092
Node 4139, 119.28164081508709
Node 7752, 208.79794015529313
Node 7181, 202.81525809968025
Node 4966, 154.56297610271605
Node 3619, 99.35773476298905
Node 1725, 23.066290007017344
Node 5543, 182.294041655313
Node 4805, 147.65580852473664
Node 5214, 166.6579278660878
Node 8511, 350.4156909788056
Node 8195, 235.66667681657344
Node 8029, 219.81372484741934
Node 7823, 210.71796898509814
Node 6912, 201.77747707772704
Node 5132, 161.59144118062267
Node 7595, 206.26531022796004
Node 4150, 120.01344329534821
Node 7848, 211.73333324417604
Node 7637, 206.80154132638805
Node 7328, 203.66575189158672
Node 6180, 200.33716962528396
Node 1675, 20.263179515272284
Node 5838, 197.9207078989914
Node 2585, 57.59917361601466
Node 3990, 113.23565826965377
Node 7118, 202.5146383524832
Node 2738, 63.59498216748468
Node 7618, 206.51399351881457
Node 7205, 202.96992647060122
Node 6486, 200.7858684950276
Node 2543, 56.10240279957403
Node 1843, 28.319264077571702
Node 1832, 27.948800428998144
Node 1904, 30.94492621432145
Node 7705, 207.85830466303258
Node 3553, 96.91769490443384
Node 8167, 231.387109205978
Node 7560, 205.80877147924392
Node 5290, 170.43233325217574
Node 2034, 36.21263251652083
Node 4147, 119.71983490507913
Node 1987, 34.47989436359579
Node 7299, 203.4815241318015
Node 3022, 75.087592303921
Node 1859, 28.813132995558714
Node 1480, 9.609818054335243
Node 5772, 194.120674336646
Node 4066, 116.37726303144773
Node 1369, 0.9643677600925153
Node 8147, 228.6365622344204
Node 7183, 202.81862167803237
Node 6955, 201.89475111853622
Node 6620, 201.04662740121958
Node 5837, 197.89970222346446
Node 4801, 147.34013072467522
Node 3681, 101.49151459951247
Node 2433, 51.784143347456606
Node 2102, 38.573261330591045
Node 1519, 12.015462953020048
Node 6653, 201.129279078272
Node 4446, 131.5232333704705
Node 1539, 13.320787714895973
Node 1745, 23.805756505275898
Node 5040, 157.29095299383943
Node 1458, 8.012953070886388
Node 3226, 83.49146239868212
Node 1379, 1.75663049375143
Node 7182, 202.8162148079564
Node 3447, 92.10268469598691
Node 2309, 47.33991998381608
Node 2660, 60.546452040756314
Node 8326, 262.96519750206716
Node 7892, 213.24326695357985
Node 2347, 48.985180122922024
Node 8289, 253.2049964087537
Node 7358, 203.9056029798415
Node 4961, 154.29761805242268
Node 4547, 135.74179217612735
Node 4444, 131.43387586872737
Node 3012, 74.64615864108627
Node 1895, 30.22317213190788
Node 1528, 12.610079995499206
Node 2961, 73.02905723780286
Node 1799, 26.53224690295119
Node 7620, 206.51917564006678
Node 9319, 10303.480303584014
Node 8590, 439.0256081294459
Node 8476, 327.54414137888347
Node 8031, 220.07323003556144
Node 4058, 116.12244464718002
Node 2253, 44.73592428804567
Node 1894, 30.20884913124648
Node 7924, 214.68995963357088
Node 7306, 203.51270267150997
Node 2178, 41.686375315369034
Node 6304, 200.48824643480376
Node 3082, 78.0421221027605
Node 1678, 20.386502965173996
Node 8286, 252.69055769585256
Node 8238, 242.87346601101294
Node 7551, 205.6793962800709
Node 3721, 102.82971868482647
Node 3197, 82.60109473255467
Node 1731, 23.10754614856408
Node 8160, 230.24384395374994
Node 7462, 204.80698069051522
Node 3929, 110.14582535875702
Node 1651, 19.11703585744485
Node 7378, 204.08063080692872
Node 7529, 205.4435986651481
Node 4323, 126.64431817704317
Node 6517, 200.83805567544843
Node 3766, 104.63320266657506
Node 8242, 244.3908778691812
Node 7109, 202.48193320450412
Node 2902, 70.88239668690008
Node 1389, 2.6586857406687003
Node 6026, 200.15795508811732
Node 2168, 41.38476436352198
Node 5330, 172.16599755458674
Node 8184, 233.50984043190007
Node 7562, 205.84780864182116
Node 3770, 104.87566693023942
Node 1824, 27.656772497654526
Node 7199, 202.91602468759115
Node 3474, 93.36821395867005
Node 3175, 81.77877348310462
Node 8179, 232.6661507981661
Node 7437, 204.57936151829784
Node 3550, 96.68230730656353
Node 8084, 223.14934982388795
Node 5923, 200.03915435156284
Node 1381, 1.8880213723729438
Node 5228, 167.64735746308477
Node 3233, 83.77206415248823
Node 4334, 126.92624940877737
Node 3901, 109.14096327198752
Node 2821, 67.43997014355578
Node 1774, 25.505597944433983
Node 3615, 99.04464867483753
Node 1390, 3.079487132472353
Node 1416, 5.3070102054103385
Node 7807, 210.0159851556494
Node 7525, 205.39294750528958
Node 3087, 78.272854682048
Node 1838, 28.193922685930453
Node 1444, 7.493100942674358
Node 7518, 205.3255518916316
Node 1717, 22.608162838407647
Node 6188, 200.3441182019192
Node 1456, 7.951791161037891
Node 2856, 69.1294596708142
Node 2054, 37.0654321840173
Node 7788, 209.5432034943306
Node 7506, 205.23531184696398
Node 2724, 63.11423277957735
Node 1364, 0.5615478466989084
Node 7051, 202.25784905576555
Node 5049, 157.79267574238773
Node 2624, 59.15076027317933
Node 7753, 208.82633335888926
Node 4543, 135.63024451911753
Node 3254, 84.85616324495516
Node 1573, 15.064142624117109
Node 2567, 56.990041752448164
Node 2022, 35.69579675883529
Node 5450, 177.72901574250594
Node 3107, 79.14438366972483
Node 5293, 170.50433287249118
Node 8565, 403.1056408790213
Node 8387, 280.7269990634122
Node 8015, 218.9702124939334
Node 7275, 203.38668779374368
Node 1711, 22.166135401809566
Node 7125, 202.54574956713296
Node 5704, 190.15683775129122
Node 4396, 129.4628562408273
Node 7950, 215.64258190564672
Node 7533, 205.45439231890919
Node 2844, 68.69114345686725
Node 3535, 95.99304253918508
Node 2211, 43.03964156849783
Node 7760, 208.92691809679226
Node 3871, 108.46930614222309
Node 2004, 35.094960343394206
Node 8030, 219.95728137895267
Node 6209, 200.36838433550565
Node 5825, 197.29825463650346
Node 3753, 104.02137360260367
Node 1576, 15.21869246102355
Node 7599, 206.304273630585
Node 2763, 65.1319302179396
Node 6119, 200.25431289220734
Node 2515, 55.229233755861145
Node 5220, 167.18952042416586
Node 8417, 294.3466660360126
Node 7995, 217.5873216522058
Node 7713, 207.93300296024634
Node 6728, 201.2918992104505
Node 3214, 83.1026699210452
Node 1478, 9.435629416232148
Node 3099, 78.87643533741215
Node 6871, 201.68135401519461
Node 3584, 98.01674030170345
Node 5490, 179.50090135398824
Node 7931, 215.00711930108065
Node 7817, 210.4313319747627
Node 6679, 201.1904334980598
Node 4228, 122.90501858641393
Node 3984, 112.81996707712197
Node 6724, 201.26995328182974
Node 4613, 138.56495545757784
Node 8390, 281.4715152710313
Node 8313, 258.31658755704996
Node 8275, 249.87423083052227
Node 7904, 213.52637607641122
Node 6116, 200.2499899366875
Node 7856, 211.95805958456475
Node 2781, 65.97691785801571
Node 1906, 30.98602546501466
Node 1640, 18.665106294373427
Node 7174, 202.79987540900007
Node 2866, 69.4831061691601
Node 4472, 132.7023052603638
Node 2184, 41.842539062687415
Node 3683, 101.5743268004542
Node 7986, 217.21050465016097
Node 7932, 215.00893809586043
Node 7916, 214.2661999270454
Node 5881, 199.62171181482722
Node 7646, 206.97600923542083
Node 7276, 203.38677928343546
Node 6884, 201.71595390475258
Node 5396, 175.29055667578575
Node 3267, 85.32870995646145
Node 2803, 66.84417664547999
Node 7927, 214.90591656788175
Node 7739, 208.4151962698968
Node 4604, 138.1282824207595
Node 3201, 82.7988614092626
Node 1485, 9.793203040874777
Node 1449, 7.790071109095351
Node 1435, 6.508046043146404
Node 7208, 202.97884799075942
Node 4506, 134.14412609093307
Node 8342, 268.0204737734966
Node 7909, 213.8530829750198
Node 7586, 206.12831562006062
Node 2183, 41.81408055942914
Node 1560, 14.562330904627037
Node 6362, 200.57142287856294
Node 1362, 0.4029052997205439
Node 2269, 45.889155756862074
Node 1518, 11.934737387916291
Node 7721, 208.04601970391
Node 7339, 203.73762796046273
Node 1509, 11.567529929728632
Node 5761, 193.25231541252464
Node 7684, 207.57778125327107
Node 6300, 200.47797824394183
Node 3979, 112.71352340021986
Node 8276, 249.87714384890768
Node 7541, 205.57496526590052
Node 1598, 16.27417915667926
Node 5618, 185.68779648103717
Node 5347, 172.8893921092715
Node 1941, 32.23600130966163
Node 5114, 160.96124564645226
Node 3225, 83.48600952767795
Node 7973, 216.77811599460918
Node 7431, 204.51026048040433
Node 4309, 126.12992596816936
Node 1942, 32.27722438160405
Node 3658, 100.64072260334503
Node 7559, 205.8073381181284
Node 5060, 158.3788123458874
Node 6258, 200.4362138987432
Node 3706, 102.09313942532663
Node 3164, 81.42118257768759
Node 8918, 3875.303930426589
Node 8539, 377.3660684601079
Node 7938, 215.14872779528932
Node 3047, 76.25351379367635
Node 7874, 212.63473214118218
Node 7268, 203.322484643643
Node 5281, 170.06849225058218
Node 2545, 56.156584764972635
Node 1848, 28.48139406357669
Node 1749, 24.037671853855887
Node 7779, 209.25406795861375
Node 4166, 120.80417988630768
Node 1497, 11.05693403824666
Node 1897, 30.294404906663665
Node 8420, 297.45057263085516
Node 8004, 218.08682145707962
Node 7244, 203.16918608273593
Node 3613, 99.0024191461729
Node 6619, 201.04335925687448
Node 2634, 59.61621785429876
Node 7315, 203.58407031738753
Node 3303, 86.78497462395941
Node 2907, 71.0835021173562
Node 2232, 43.934292217248746
Node 2094, 38.27645945252539
Node 8340, 267.61130950109987
Node 8287, 252.73709817932848
Node 7682, 207.56024821897785
Node 7576, 205.98896838779672
Node 5781, 194.3895093892665
Node 6927, 201.8279289631073
Node 2301, 46.96360105251646
Node 6741, 201.33436737304945
Node 1434, 6.425536278507667
Node 8234, 242.65381293813783
Node 8212, 239.01138134014982
Node 8022, 219.3259568594406
Node 7282, 203.4068811687146
Node 6352, 200.5578995177795
Node 4986, 155.3924286752836
Node 2911, 71.22246279059279
Node 1366, 0.7971117623723615
Node 2832, 68.06967237630026
Node 6841, 201.62070108622578
Node 5804, 196.22261317139146
Node 5555, 182.89711684707189
Node 3664, 100.97488540059072
Node 3263, 85.10421481086092
Node 2614, 58.62929846544103
Node 8170, 231.57397443010066
Node 6511, 200.83061417942918
Node 5839, 197.95238164333935
Node 2454, 52.49547378301518
Node 1555, 14.426931408759792
Node 1481, 9.646000127442601
Node 8115, 225.93672733883858
Node 7992, 217.51074091146126
Node 7444, 204.61067516286494
Node 2769, 65.47749957246538
Node 2757, 64.74341967904027
Node 6739, 201.33141959993196
Node 5548, 182.61699021004807
Node 7853, 211.92392495789858
Node 7773, 209.13152402577825
Node 1523, 12.215983382194127
Node 6984, 202.0126464938339
Node 8032, 220.07797861635927
Node 7316, 203.59278924799943
Node 1744, 23.787598368094724
Node 7226, 203.10903434360588
Node 2432, 51.74399431897282
Node 7350, 203.78898941856568
Node 2702, 62.15206194197896
Node 1888, 29.887242714218203
Node 1383, 2.095637447862609
Node 7113, 202.49047799049796
Node 1937, 32.12544591379238
Node 1990, 34.56477884052065
Node 8222, 240.8410112757363
Node 7815, 210.28125040469396
Node 1767, 25.19978852807742
Node 5855, 198.32264655655584
Node 5388, 174.82006292071753
Node 8045, 220.67330533959668
Node 7490, 205.00732305295338
Node 2514, 55.18038624731176
Node 7857, 211.96782485262335
Node 6873, 201.68724644804826
Node 2957, 72.94751924631763
Node 1769, 25.3650341008007
Node 1738, 23.720947227462926
Node 6659, 201.14079870841485
Node 6903, 201.7583834408109
Node 1866, 28.974791639265867
Node 5933, 200.04660977019483
Node 5086, 159.32828711447632
Node 3756, 104.14132295556543
Node 2694, 61.93957543009387
Node 2676, 61.17579050935306
Node 2518, 55.545387428730244
Node 1811, 27.01495921517117
Node 1830, 27.818238674520543
Node 3554, 96.98146553775574
Node 1669, 19.935351706147756
Node 8288, 253.00596117297684
Node 8228, 241.79414031478066
Node 4443, 131.43138137833412
Node 1742, 23.74645211091306
Node 2558, 56.64300586364682
Node 8109, 225.39718354563936
Node 8101, 224.77319160876144
Node 7272, 203.33528083747916
Node 1367, 0.8362917311559442
Node 3892, 108.77448015951649
Node 2893, 70.51614723526768
Node 7629, 206.67968934581032
Node 8102, 224.79771426382865
Node 7940, 215.26232240802156
Node 3020, 75.01621099738928
Node 8061, 221.5701356909285
Node 7652, 207.04011042136
Node 4990, 155.5808140728853
Node 6437, 200.69951707440418
Node 2607, 58.38786158974102
Node 7720, 208.04391769357707
Node 1729, 23.099709666383838
Node 1494, 10.527204083483928
Node 4438, 131.2559262745194
Node 1415, 5.2918595497444105
Node 1382, 1.9040229114069087
Node 1542, 13.480470983811497
Node 8280, 250.85361750509617
Node 7711, 207.9126528699545
Node 3464, 92.83347015750384
Node 2471, 53.19026777438521
Node 2392, 50.33068303872353
Node 6505, 200.8190607900938
Node 4469, 132.38989556206351
Node 4441, 131.31144603588945
Node 1445, 7.534545879632208
Node 4080, 116.97540850857871
Node 7998, 217.70634561844975
Node 7526, 205.40551072232324
Node 6627, 201.05925316677067
Node 6129, 200.2672257903506
Node 2188, 42.0295006643835
Node 1533, 12.696010949716666
Node 1784, 25.902121988642055
Node 2847, 68.75321514776765
Node 1881, 29.637866036510214
Node 6767, 201.3985686785763
Node 1834, 28.014121163802905
Node 4002, 113.81919864436512
Node 8735, 878.8642655526603
Node 8122, 226.48895427973997
Node 7547, 205.6249536428923
Node 1992, 34.59638948493224
Node 1822, 27.559379291764124
Node 6934, 201.8457448144786
Node 4977, 155.1727623468745
Node 3646, 100.38221047321045
Node 2604, 58.3402567972928
Node 5744, 192.69291351389128
Node 4410, 130.10498025229703
Node 1853, 28.648097736832526
Node 3435, 91.92373893504795
Node 2689, 61.74157179757747
Node 8043, 220.62046080176387
Node 6858, 201.65567747922873
Node 6106, 200.2422896675343
Node 1758, 24.563188425946937
Node 2780, 65.9560542717458
Node 8691, 686.1641726555157
Node 8560, 395.41903218118983
Node 7964, 216.38156865300203
Node 4254, 123.95486485825052
Node 2165, 41.30173600457043
Node 2658, 60.406881383467656
Node 7139, 202.6154858763023
Node 6828, 201.57390529042843
Node 2258, 45.08877856292018
Node 8376, 277.3868510573773
Node 7842, 211.51517373597386
Node 4728, 143.9601003883377
Node 7688, 207.6073227692927
Node 5797, 195.5334192536898
Node 6435, 200.6978005457395
Node 2882, 70.2021394145677
Node 8369, 275.0518012685073
Node 8292, 254.41059516208563
Node 2979, 73.48151702777369
Node 8272, 249.33578902847532
Node 7885, 213.09427379594854
Node 5465, 178.37643323817508
Node 4558, 136.29847759742006
Node 7420, 204.43726498251613
Node 7197, 202.9122354457284
Node 4735, 144.2269815210473
Node 2189, 42.068490827543854
Node 8052, 221.08154683753196
Node 6720, 201.26639023247824
Node 2696, 61.98029389007068
Node 5075, 158.94350315497098
Node 2711, 62.46158848709698
Node 4964, 154.3677590432062
Node 1741, 23.743681182030766
Node 1654, 19.42965370275295
Node 1393, 3.2889903920334946
Node 1578, 15.278965512889357
Node 4845, 149.63555252599016
Node 6763, 201.38664748039702
Node 2615, 58.76670411553911
Node 4702, 142.51069056754613
Node 1683, 20.637333796468692
Node 8304, 256.6495282726453
Node 3245, 84.34776161863411
Node 3149, 80.95088548457393
Node 1586, 15.63797322022316
Node 7905, 213.59984452913977
Node 7786, 209.51620262805824
Node 7057, 202.27232794672003
Node 1616, 17.28801728382119
Node 4933, 153.57126552737392
Node 3177, 81.88843328115385
Node 1451, 7.826840157122693
Node 7731, 208.31228924958359
Node 7707, 207.88218121697102
Node 7374, 204.04004336667617
Node 5485, 179.18563716692046
Node 7055, 202.26989796652492
Node 8633, 506.21226745753836
Node 7499, 205.1222537768481
Node 2836, 68.47639622173884
Node 2268, 45.83451135714191
Node 7260, 203.26312102711128
Node 1410, 5.130224197983077
Node 7222, 203.09241347207453
Node 5215, 166.7436736867777
Node 5176, 164.91035358811308
Node 4690, 142.15321298808556
Node 1375, 1.4408003463039138
Node 8485, 332.14289456757234
Node 8319, 260.43633691942847
Node 6949, 201.87944234076204
Node 2153, 40.96143911515188
Node 1378, 1.7352014347859153
Node 8299, 255.60757517270196
Node 5150, 162.8308272854744
Node 8470, 323.041845226303
Node 7794, 209.74844341629566
Node 7281, 203.4046838154982
Node 1642, 18.748828736525425
Node 1368, 0.9606451173272286
Node 1514, 11.79183625663659
Node 1643, 18.78051811380877
Node 7692, 207.6978390235284
Node 7588, 206.13981720103172
Node 2329, 48.113504728921846
Node 1874, 29.422482677090102
Node 1609, 16.84666828741769
Node 3178, 81.93993530833689
Node 1511, 11.631076672834451
Node 8456, 316.3496128579184
Node 7679, 207.4721816693533
Node 6226, 200.38825793406667
Node 5944, 200.05749975032663
Node 3317, 87.34290260045744
Node 2179, 41.69389684707596
Node 3215, 83.17981016667743
Node 2226, 43.731339186226556
Node 7509, 205.272280905193
Node 2894, 70.58033425840108
Node 1512, 11.636841575230706
Node 1403, 4.541339466743665
Node 8156, 229.6821521231787
Node 4657, 140.8437140994845
Node 4069, 116.4412642088593
Node 8070, 222.52020037790166
Node 8016, 219.05705261273238
Node 5098, 160.24880345592558
Node 3895, 108.88861596189045
Node 7785, 209.41454508792302
Node 6829, 201.5820003189074
Node 6596, 201.01139239759894
Node 2119, 39.453611366285145
Node 3777, 104.98113504794078
Node 2221, 43.585156557549816
Node 1472, 8.902903260851666
Node 2718, 62.96880370126348
Node 9540, 14236.179630997709
Node 8680, 636.0821549872999
Node 8637, 510.5781038954459
Node 8479, 329.9114396882011
Node 7441, 204.60533504880854
Node 3080, 77.8905284690469
Node 1915, 31.417863422268052
Node 3094, 78.59147308528289
Node 2792, 66.31205769213885
Node 8368, 274.3736718702387
Node 8279, 250.8386327775033
Node 7694, 207.74331316583707
Node 3782, 105.13102821702904
Node 5788, 195.03760984107507
Node 1661, 19.76413340493865
Node 8248, 246.19673679142244
Node 7740, 208.5363888491412
Node 7686, 207.5861956904352
Node 1450, 7.824769029989843
Node 3868, 108.36643238993963
Node 7706, 207.87168971365068
Node 6753, 201.36656820961036
Node 5634, 187.0161530728756
Node 6522, 200.8468452465824
Node 3772, 104.92091813662213
Node 7321, 203.63463954879796
Node 7239, 203.1465107545112
Node 5126, 161.47570934764502
Node 2109, 38.943896456640516
Node 3529, 95.70622098934724
Node 1577, 15.272245713125171
Node 2311, 47.44617517040261
Node 7845, 211.56096576183214
Node 7577, 205.99054673469595
Node 3459, 92.49421974530541
Node 1886, 29.840073723170388
Node 1570, 14.969129261213359
Node 2361, 49.292991726297394
Node 1687, 20.802264511729636
Node 2115, 39.32743733675579
Node 2063, 37.25925883962919
Node 8329, 263.56021095459255
Node 8005, 218.1887464781328
Node 4433, 131.13462093562933
Node 1564, 14.805763421282913
Node 4494, 133.54241788793965
Node 2822, 67.44279989127907
Node 1952, 32.70400695342511
Node 8158, 229.7916952446834
Node 7810, 210.1484207670147
Node 7468, 204.85132566000678
Node 7762, 208.9345271392483
Node 7491, 205.00847843610538
Node 6234, 200.39674516698412
Node 7162, 202.74529659205817
Node 1896, 30.232578588475157
Node 1446, 7.556283270722901
Node 7619, 206.51696754179983
Node 2967, 73.139594806711
Node 1682, 20.58503228192981
Node 7584, 206.11827521910624
Node 4199, 122.15527899610477
Node 1813, 27.090913935067938
Node 1553, 14.189602888753607
Node 4073, 116.70514494802202
Node 6612, 201.03863287469085
Node 5834, 197.72417351355918
Node 1793, 26.020826388850022
Node 2982, 73.57327898807684
Node 6461, 200.73599038553158
Node 3124, 79.80506921650438
Node 7875, 212.7069053488899
Node 7792, 209.6482387321133
Node 1372, 1.1990816570162668
Node 6250, 200.4305099858978
Node 2877, 69.99737785541996
Node 1645, 18.869780971150014
Node 2583, 57.566428282292456
Node 7851, 211.86520298835447
Node 7061, 202.2808822319379
Node 3394, 90.31861635546852
Node 6294, 200.4729806301407
Node 8609, 461.3285279527874
Node 8552, 387.3772975872452
Node 8421, 297.4869226165566
Node 8370, 275.199202679898
Node 8068, 222.3314988115725
Node 3802, 106.08325743264582
Node 7677, 207.4220825456233
Node 7625, 206.55862201771254
Node 2698, 62.05757495401078
Node 8351, 271.1886708625129
Node 8235, 242.682487888072
Node 7003, 202.06925747587366
Node 1797, 26.15223658165077
Node 5703, 190.1094269987953
Node 3964, 111.8971966305904
Node 3396, 90.42438164156655
Node 3279, 85.64132425480412
Node 1360, 0.11215430238986804
Node 8097, 224.4613346974044
Node 8017, 219.18414745001448
Node 2678, 61.26995836196867
Node 2404, 50.628518713756186
Node 1777, 25.53515057798346
Node 7974, 216.78575179375648
Node 7896, 213.38154936578354
Node 1363, 0.4316235399633681
Node 7736, 208.3563610669433
Node 6607, 201.03007392945156
Node 4104, 118.00431177113026
Node 5619, 185.79066888654762
Node 7947, 215.4878744967819
Node 7376, 204.04362810238817
Node 7151, 202.66591735330718
Node 2144, 40.60278250180767
Node 4105, 118.04930507529241
Node 2686, 61.678453643350856
Node 2141, 40.41932791096406
Node 7918, 214.28723954612332
Node 6857, 201.64632146154705
Node 2315, 47.507071059760094
Node 7866, 212.3321623760746
Node 5491, 179.51359145540428
Node 3001, 74.16399830026721
Node 6920, 201.79804476541668
Node 5038, 157.28102095964996
Node 1806, 26.722174725635373
Node 1404, 4.663507000170714
Node 6466, 200.74513000904787
Node 1608, 16.772073716802215
Node 1441, 7.145654990755134
Node 8087, 223.47958372370516
Node 7782, 209.33588071268804
Node 2296, 46.878838402802
Node 7691, 207.67260832505622
Node 7458, 204.746507241362
Node 6700, 201.22816557657555
Node 4101, 117.88982817648444
Node 3385, 89.80161700997877
Node 2795, 66.4183719669516
Node 1424, 5.77785529420193
Node 3306, 86.9552638201185
Node 3063, 77.18997297180636
Node 4062, 116.24292426500743
Node 2848, 68.77434362115198
Node 7247, 203.18691029484538
Node 1488, 9.989443944081138
Node 1398, 3.7996393709217204
Node 4275, 124.91918433242651
Node 2138, 40.26385980965471
Node 7553, 205.70764310399807
Node 7473, 204.89798050056214
Node 2390, 50.25270394850831
Node 2045, 36.709618256924045
Node 4039, 115.10456424302849
Node 1733, 23.465983875603634
Node 8060, 221.55608501714084
Node 5300, 170.86888438308299
Node 4046, 115.66481388340058
Node 7062, 202.28132528134557
Node 6605, 201.02903466078524
Node 2090, 38.21053448443088
Node 1653, 19.237672849232055
Node 6570, 200.95819529148574
Node 4624, 139.08704000905482
Node 2028, 35.903609347730914
Node 1386, 2.5358863048627835
Node 5560, 183.10905751012726
Node 2655, 60.308618438085794
Node 4482, 133.08955298668332
Node 1385, 2.449402308233601
Node 2753, 64.52528624584953
Node 6914, 201.78546520764402
Node 5362, 173.61062891908134
Node 1475, 9.020177660717515
Node 6499, 200.812277172228
Node 3252, 84.60418924213192
Node 2332, 48.20738625743446
Node 3021, 75.02619417920745
Node 1905, 30.955183227754898
Node 2843, 68.6869080505781
Node 8323, 260.8771918970257
Node 7843, 211.51691136827853
Node 7476, 204.92061128899425
Node 2868, 69.51766448367022
Node 2387, 50.0611618038214
Node 8398, 286.9489065975709
Node 7438, 204.57998141284773
Node 4899, 152.33423220219132
Node 7221, 203.0898975443026
Node 3462, 92.59091331280764
Node 2790, 66.27111925187798
Node 1432, 6.341730981314915
Node 8171, 231.71396214527985
Node 7894, 213.2932497149926
Node 1536, 12.860273785678185
Node 1361, 0.14462933258308416
Node 6393, 200.6348952748084
Node 7978, 216.98468734230505
Node 7254, 203.22791356855467
Node 3976, 112.57938771288768
Node 2146, 40.7418118803159
Node 7861, 212.07507923365333
Node 3189, 82.37445210762252
Node 7754, 208.84080631500254
Node 1373, 1.2987617079567642
Node 7734, 208.33365144885647
Node 7648, 206.98055477640636
Node 7638, 206.82373508723737
Node 1716, 22.541894566929038
Node 7056, 202.27215010088864
Node 1619, 17.415878901298242
Node 8551, 386.1752776030355
Node 8347, 269.2339923450683
Node 5685, 189.3762233259185
Node 1565, 14.818896662340018
Node 5565, 183.4848862079763
Node 2937, 72.09638379531
Node 8164, 230.78632603971315
Node 6563, 200.94015106260403
Node 1568, 14.956202225208191
Node 2599, 58.22762274512263
Node 7607, 206.37834863398817
Node 1939, 32.1328983597965
Node 1660, 19.72564645088802
Node 8437, 306.6044796739997
Node 8145, 228.40315467240404
Node 7907, 213.73510594957298
Node 5399, 175.41969087878536
Node 1421, 5.591652238197896
Node 1420, 5.510553295774904
Node 4915, 152.89584086714785
Node 7746, 208.64916622255132
Node 7164, 202.74676678464013
Node 6996, 202.0433512820803
Node 1833, 27.993701912174547
Node 1387, 2.582423329476632
Node 1532, 12.684361107217974
Node 1401, 4.306196783166326
Node 2089, 38.1988024748493
Node 1795, 26.07464114764774
Node 7663, 207.2744725984127
Node 6726, 201.28077558499092
Node 8321, 260.6446611860999
Node 8236, 242.74158740369984
Node 7987, 217.26331268842196
Node 7304, 203.5028986607217
Node 2426, 51.439386989788915
Node 6196, 200.35098971435144
Node 7980, 217.0278027258903
Node 6682, 201.1971529537626
Node 4044, 115.56799863548724
Node 8161, 230.361052830494
Node 8050, 221.02388033351815
Node 7570, 205.9203543502714
Node 1732, 23.42128530430121
Node 7747, 208.6652264015607
Node 4622, 139.01098669929337
Node 1887, 29.849623883080703
Node 4224, 122.73227628301593
Node 2014, 35.45627004700748
Node 1521, 12.174822156926975
Node 7700, 207.81115774350195
Node 1572, 15.029281938849424
Node 8059, 221.52816344194417
Node 2853, 69.00445063265822
Node 1460, 8.035089811596663
Node 7805, 209.94250623212457
Node 7757, 208.8924413316996
Node 7735, 208.347166696219
Node 5442, 177.29205723493345
Node 2230, 43.899135246513595
Node 8251, 246.30815338575158
Node 8099, 224.57646102658163
Node 7808, 210.0887819608386
Node 1463, 8.239623798112936
Node 1455, 7.926024842115462
Node 7166, 202.75467086929254
Node 6714, 201.25748568426812
Node 5802, 195.94503833878488
Node 2002, 35.05011846443888
Node 5763, 193.37922944979627
Node 1620, 17.5049703902474
Node 7831, 211.11697351393346
Node 7649, 206.98498901298416
Node 2298, 46.90125394368966
Node 4931, 153.42933177915071
Node 1516, 11.90636549339742
Node 4484, 133.14578883934354
Node 2798, 66.59243293733212
Node 1820, 27.447779379872024
Node 8207, 238.06756156580042
Node 7893, 213.26734142718846
Node 7585, 206.1257873746107
Node 5773, 194.1414107252769
Node 4198, 122.1273713204069
Node 4419, 130.35984683894637
Node 1771, 25.410742473540484
Node 5990, 200.1085937296339
Node 4970, 154.79553176111926
Node 7651, 207.02435960233964
Node 2021, 35.57235534900226
Node 8123, 226.5278660147352
Node 7612, 206.4461441748653
Node 3620, 99.36216145980178
Node 1430, 6.201179415468305
Node 7750, 208.73737132071423
Node 5578, 184.09736827271715
Node 1438, 6.730256372164533
Node 4222, 122.67932580176641
Node 3604, 98.65148191952362
Node 7485, 204.99443593038148
Node 1668, 19.930147877650853
Node 1384, 2.278515173544911
Node 7327, 203.6514003653405
Node 8575, 418.23737085990786
Node 6976, 201.96298739748298
Node 2611, 58.45913304958802
Node 1433, 6.399496177910167
Node 1371, 1.1659011232158112
Node 1593, 15.979911408527775
Node 5798, 195.80046221547136
Node 1901, 30.637812981451326
Node 3295, 86.40257293524431
Node 8503, 342.96070486472786
Node 7622, 206.53538855724517
Node 7037, 202.21218793166835
Node 1879, 29.557115485006353
Node 1492, 10.436694456290507
Node 8486, 332.8237039277256
Node 7777, 209.20972763705186
Node 7657, 207.1857754159743
Node 5755, 193.06784577477782
Node 2303, 47.041398849569156
Node 4201, 122.2167737799403
Node 2058, 37.13460572765997
Node 7503, 205.1872471271537
Node 2867, 69.48611440155182
Node 6100, 200.23229357136287
Node 2845, 68.7096977772243
Node 7669, 207.2901022360039
Node 7666, 207.2779512021345
Node 6338, 200.53808326911098
Node 4685, 142.0105089357038
Node 7507, 205.26654889868388
Node 2451, 52.42191288404479
Node 7899, 213.4518139803259
Node 7508, 205.26778869505873
Node 5235, 168.28576247247616
Node 3539, 96.09766176942402
Node 7198, 202.91380807322204
Node 8651, 547.6366331254001
Node 8526, 368.2923481182414
Node 8037, 220.34947039762545
Node 6068, 200.19945238926846
Node 1829, 27.79656650772665
Node 2994, 73.9671075911662
Node 2605, 58.341534423534874
Node 1672, 20.057051431039135
Node 7957, 215.92581603184644
Node 7288, 203.4215261429464
Node 5725, 191.479346980427
Node 5476, 178.74860020843747
Node 2438, 52.061731625545846
Node 7608, 206.42447654460582
Node 4928, 153.3092936063732
Node 7605, 206.35853999858855
Node 8433, 305.18488749517206
Node 8132, 227.3045001961971
Node 7923, 214.55244582036016
Node 6313, 200.5006070379335
Node 5511, 180.57547185649543
Node 5968, 200.08970078983805
Node 2627, 59.315452210236984
Node 5355, 173.06954775831377
Node 4136, 119.13682386426154
Node 1959, 33.18784476126082
Node 1425, 5.859448629148391
Node 7820, 210.5108857781266
Node 6575, 200.97506018374293
Node 1884, 29.821159433875735
Node 7319, 203.6085699115248
Node 4869, 150.80049215595886
Node 2870, 69.58996091182404
Node 7968, 216.52235309367038
Node 2088, 38.183846016543114
Node 4358, 128.15390545656834
Node 8259, 247.37411361414556
Node 4442, 131.3750242851703
Node 2749, 64.26645446183137
Node 2751, 64.38919513326378
Node 1440, 6.967233052013547
Node 8140, 228.20761156061513
Node 4742, 144.55692367411646
Node 1522, 12.19044294678291
Node 8047, 220.86994383688014
Node 8026, 219.70241960135039
Node 7846, 211.58127040888888
Node 7621, 206.53487288923756
Node 2964, 73.11602447855552
Node 6084, 200.21848630722567
Node 2774, 65.73653435719321
Node 3407, 90.80121756025456
Node 8020, 219.29798246501718
Node 7953, 215.7751572372037
Node 5701, 190.0009410405843
Node 8556, 390.25099758415007
Node 7879, 212.85572020853195
Node 3614, 99.03931577388632
Node 1374, 1.383914456876703
Node 7412, 204.39836237045313
Node 1720, 22.775757576205717
Node 8507, 346.0445889781984
Node 8305, 256.7208599630309
Node 8081, 223.0240930521871
Node 5794, 195.35823542834353
Node 4799, 147.22140475787043
Node 4327, 126.73360517552997
Node 4175, 121.02862613255397
Node 7614, 206.46412730913042
Node 4264, 124.40060604769127
Node 4010, 114.23611439040579
Node 1796, 26.11383746985708
Node 1391, 3.224952890158702
Node 3316, 87.33687232761145
Node 3213, 83.04918052166776
Node 2943, 72.31800421377199
Node 4152, 120.12732898464469
Node 1365, 0.6127689286977777
Node 2001, 35.044401821606854
Node 1934, 32.07437359304918
Node 1835, 28.015789213238268
Node 1591, 15.924861167617523
Node 1548, 13.886565062271114
Node 1464, 8.350352197186341
Node 5647, 187.7620782284977
Node 5029, 157.02786382964226
Node 8197, 236.4577103963024
Node 7548, 205.6418730325578
Node 6624, 201.0551561632015
Node 1594, 16.0150420216275
Node 4107, 118.16507841884673
Node 2121, 39.51788155351829
Node 2892, 70.47538331626244
Node 7385, 204.1490958537615
Node 4780, 146.60741391525343
Node 2601, 58.26091838413776
Node 2055, 37.098583157759954
Node 4376, 128.82162415306973
Node 3957, 111.38417844721702
Node 7934, 215.024469738079
Node 4866, 150.5666642062818
Node 4328, 126.75570596269297
Node 3590, 98.13427418507679
Node 2768, 65.3935696144632
Node 1899, 30.395814127499612
Node 1592, 15.929349720427423
Node 8414, 293.51894240153683
Node 7538, 205.52932334792615
Node 4422, 130.38399494505768
Node 1921, 31.651197540410134
Node 2580, 57.39437546584646
Node 8024, 219.42887535147787
Node 7695, 207.74482664427822
Node 7852, 211.9046790721263
Node 7256, 203.24019751652722
Node 7179, 202.8067998677128
Node 4001, 113.79549394083286
Node 2225, 43.70755556443466
Node 3309, 87.07708354820521
Node 1634, 18.475218393239633
Node 3003, 74.21676234254682
Node 2406, 50.72245517518101
Node 1694, 21.321532679273457
Node 6670, 201.16116038025157
Node 7527, 205.42039730208379
Node 3858, 108.06801365433434
Node 7169, 202.77015803046626
Node 4447, 131.54372753545408
Node 8768, 1306.0890828092902
Node 8584, 432.97700795020546
Node 7911, 213.96208453072242
Node 7341, 203.746683632201
Node 3503, 94.71617174572353
Node 1490, 10.167038166350512
Node 2707, 62.307842204616115
Node 7050, 202.2563040872679
Node 5342, 172.736322629023
Node 3769, 104.78113180109305
Node 3899, 108.99903904651921
Node 1461, 8.048466425273848
Node 7043, 202.22265141594292
Node 5000, 155.933576531273
Node 1739, 23.73307181428389
Node 8478, 329.7324701144056
Node 3896, 108.90622248150332
Node 8322, 260.7197125583278
Node 7813, 210.2392391570481
Node 5445, 177.44159432584038
Node 3525, 95.50436577192568
Node 2872, 69.72127003425241
Node 3439, 91.9821889074977
Node 2288, 46.609559411421664
Node 1470, 8.856891158072893
Node 7756, 208.87081372128605
Node 7292, 203.44704170984357
Node 6982, 202.00777037941273
Node 8209, 238.45991385939612
Node 7979, 216.9859729072779
Node 7185, 202.8330585920374
Node 2295, 46.86985620292644
Node 7761, 208.93432368023946
Node 1380, 1.7801773833520123
Node 3526, 95.51037583192158
Node 1397, 3.6857686677591683
Node 8006, 218.21297112365278
Node 7948, 215.57031024693032
Node 4194, 121.78871986936387
Node 2234, 43.96201104451918
Node 8593, 444.54376786137055
Node 5317, 171.55212813182337
Node 4016, 114.38523745460103
Node 2241, 44.13741833907349
Node 5237, 168.3726062829966
Node 1439, 6.895137197140049
Node 8114, 225.697020961073
Node 8018, 219.27120456373584
Node 7340, 203.746053946715
Node 2307, 47.16097248715899
Node 6950, 201.88315641158653
Node 2461, 52.75851911566573
Node 1632, 18.414269882778125
Node 4589, 137.44661489733545
Node 3744, 103.66417503052938
Node 2096, 38.29365032088558
Node 3654, 100.5013061963414
Node 3611, 98.91375883928357
Node 1468, 8.62807217856797
Node 8076, 222.82049855420686
Node 6062, 200.19215844039616
Node 2098, 38.50365667710538
Node 8058, 221.46481173244783
Node 2077, 37.724495371633296
Node 1857, 28.7890157165874
Node 1787, 25.91750664771933
Node 8013, 218.80725860183168
Node 5076, 159.04840353110177
Node 5054, 158.08812575109977
Node 7824, 210.72891430699028
Node 2746, 64.21906333677309
