node_generations, branch_length
5019.645857210112, 3405.6194366747122
1593.9764207153758, 3425.669436494736
339.7290523748735, 1254.2473683405024
200.54736263638358, 139.18168973848992
179.6715696344447, 20.875793001938888
0.0, 179.6715696344447
0.0, 179.6715696344447
194.5088236783378, 6.038538958045791
0.0, 194.5088236783378
0.0, 194.5088236783378
290.880492605794, 48.848559769079486
217.4989918221757, 73.38150078361832
0.0, 217.4989918221757
202.21994935556617, 15.279042466609525
0.0, 202.21994935556617
0.0, 202.21994935556617
248.28029760850927, 42.600194997284746
214.62955718584635, 33.65074042266292
204.76419810944293, 9.865359076403422
203.72762739371237, 1.0365707157305621
0.0, 203.72762739371237
0.0, 203.72762739371237
203.76873893091857, 0.9954591785243565
0.0, 203.76873893091857
201.20454004687485, 2.5641988840437193
62.97286590462978, 138.23167414224508
0.0, 62.97286590462978
0.0, 62.97286590462978
120.30159827507771, 80.90294177179715
0.0, 120.30159827507771
90.85556968059095, 29.446028594486762
0.0, 90.85556968059095
0.0, 90.85556968059095
208.22497787812694, 6.404579307719416
205.01449661232752, 3.210481265799416
0.0, 205.01449661232752
202.24921788918016, 2.765278723147361
0.0, 202.24921788918016
172.9860078417491, 29.263210047431045
0.0, 172.9860078417491
62.413058204092664, 110.57294963765645
0.0, 62.413058204092664
0.0, 62.413058204092664
205.29839252019457, 2.9265853579323675
26.685091955214478, 178.61330056498008
0.0, 26.685091955214478
0.0, 26.685091955214478
72.70472166682846, 132.59367085336612
0.0, 72.70472166682846
0.0, 72.70472166682846
215.79347730637957, 32.4868203021297
209.89045391117173, 5.903023395207839
186.82600579034474, 23.064448120826995
65.21902819738563, 121.60697759295911
0.0, 65.21902819738563
0.0, 65.21902819738563
132.03062379628452, 54.79538199406022
38.347366298522985, 93.68325749776153
0.0, 38.347366298522985
25.48374219111854, 12.863624107404444
0.0, 25.48374219111854
0.0, 25.48374219111854
60.062608907821584, 71.96801488846293
0.0, 60.062608907821584
53.59702840036376, 6.4655805074578225
0.0, 53.59702840036376
0.0, 53.59702840036376
205.14915519864607, 4.741298712525662
0.0, 205.14915519864607
0.0, 205.14915519864607
212.21328829182173, 3.5801890145578454
203.73003411466223, 8.483254177159495
158.45946008492103, 45.2705740297412
60.544556942468354, 97.91490314245269
0.0, 60.544556942468354
28.811210575399034, 31.73334636706932
0.0, 28.811210575399034
0.0, 28.811210575399034
149.90249181025814, 8.556968274662893
0.0, 149.90249181025814
0.0, 149.90249181025814
200.48084279196146, 3.249191322700767
51.017239641892935, 149.46360315006854
0.0, 51.017239641892935
0.0, 51.017239641892935
92.47801820028481, 108.00282459167666
0.0, 92.47801820028481
37.91780844593349, 54.56020975435132
0.0, 37.91780844593349
1.67541624835808, 36.242392197575406
0.0, 1.67541624835808
0.0, 1.67541624835808
204.98702108116308, 7.226267210658648
0.0, 204.98702108116308
181.99733028641538, 22.989690794747702
26.085304402666754, 155.9120258837486
0.0, 26.085304402666754
0.0, 26.085304402666754
145.81107763568775, 36.186252650727624
0.0, 145.81107763568775
52.17657318889555, 93.63450444679219
0.0, 52.17657318889555
0.0, 52.17657318889555
482.0787378095617, 1111.897682905814
217.1960284634512, 264.88270934611046
81.39075368700887, 135.80527477644233
0.0, 81.39075368700887
20.406460071306594, 60.98429361570227
0.0, 20.406460071306594
0.0, 20.406460071306594
216.337901706816, 0.8581267566351869
0.0, 216.337901706816
210.9631152461225, 5.374786460693514
0.0, 210.9631152461225
206.18925501438287, 4.773860231739633
151.67373140949863, 54.51552360488424
0.0, 151.67373140949863
0.0, 151.67373140949863
203.05497144496894, 3.134283569413924
0.0, 203.05497144496894
167.86721240070096, 35.18775904426798
0.0, 167.86721240070096
140.36076329595022, 27.506449104750743
23.86906348964916, 116.49169980630106
0.0, 23.86906348964916
0.0, 23.86906348964916
43.21666246159721, 97.14410083435301
0.0, 43.21666246159721
0.0, 43.21666246159721
466.67200163383893, 15.406736175722756
262.71682949836065, 203.95517213547828
241.14321522388607, 21.57361427447458
210.36923432322513, 30.773980900660945
0.0, 210.36923432322513
201.79454589504894, 8.574688428176188
0.0, 201.79454589504894
150.90064420451125, 50.89390169053769
0.0, 150.90064420451125
109.32862443206898, 41.572019772442275
21.910495255063246, 87.41812917700574
0.0, 21.910495255063246
0.0, 21.910495255063246
86.42679885186213, 22.901825580206847
0.0, 86.42679885186213
36.676488225957726, 49.750310625904405
0.0, 36.676488225957726
0.0, 36.676488225957726
226.59241212371342, 14.550803100172658
107.21316967693951, 119.3792424467739
0.0, 107.21316967693951
0.9740285726237384, 106.23914110431578
0.0, 0.9740285726237384
0.0, 0.9740285726237384
217.16107561368733, 9.431336510026085
201.06211266849775, 16.098962945189584
0.0, 201.06211266849775
0.0, 201.06211266849775
209.8304578710598, 7.330617742627538
35.57112783709997, 174.25933003395983
0.0, 35.57112783709997
0.0, 35.57112783709997
129.22686228801263, 80.60359558304717
0.0, 129.22686228801263
0.0, 129.22686228801263
251.03773755583546, 11.67909194252519
202.67568781994967, 48.36204973588579
0.0, 202.67568781994967
201.1380637010947, 1.5376241188549784
0.0, 201.1380637010947
10.802817653723103, 190.33524604737158
0.0, 10.802817653723103
0.0, 10.802817653723103
234.03536320377674, 17.002374352058723
212.37823157231608, 21.657131631460658
201.30576853999725, 11.072463032318836
45.56671962116132, 155.73904891883592
0.0, 45.56671962116132
40.866453271466696, 4.700266349694623
0.0, 40.866453271466696
0.0, 40.866453271466696
200.76774678377558, 0.5380217562216671
0.0, 200.76774678377558
20.718321877859037, 180.04942490591654
0.0, 20.718321877859037
0.0, 20.718321877859037
204.70470865149863, 7.673522920817447
147.86384344098386, 56.84086521051478
0.0, 147.86384344098386
13.73362941923878, 134.13021402174508
0.0, 13.73362941923878
0.0, 13.73362941923878
203.3658797742508, 1.3388288772478347
0.0, 203.3658797742508
200.3188434260741, 3.0470363481767038
61.16412203723153, 139.15472138884257
33.80155625662086, 27.362565780610666
0.0, 33.80155625662086
0.0, 33.80155625662086
35.88384724441317, 25.28027479281836
14.381351625281296, 21.50249561913187
0.0, 14.381351625281296
0.0, 14.381351625281296
16.940410022714193, 18.943437221698975
0.0, 16.940410022714193
0.0, 16.940410022714193
167.5355268735837, 32.78331655249039
0.0, 167.5355268735837
22.882452253404043, 144.65307462017967
0.0, 22.882452253404043
0.0, 22.882452253404043
225.4285574952575, 8.606805708519232
0.0, 225.4285574952575
82.3408969324243, 143.0876605628332
0.0, 82.3408969324243
0.0, 82.3408969324243
409.58899678785883, 57.0830048459801
205.56923074824326, 204.01976603961558
191.13546399460319, 14.433766753640072
116.69093531627283, 74.44452867833036
0.0, 116.69093531627283
115.79505347200161, 0.8958818442712158
0.0, 115.79505347200161
79.69344763342761, 36.101605838574
0.0, 79.69344763342761
0.0, 79.69344763342761
138.77567268912003, 52.35979130548316
0.0, 138.77567268912003
61.61412341046352, 77.16154927865651
0.0, 61.61412341046352
32.316238085970426, 29.297885324493095
0.0, 32.316238085970426
0.0, 32.316238085970426
200.0954462259237, 5.473784522319562
0.0, 200.0954462259237
0.0, 200.0954462259237
403.6246060906716, 5.964390697187241
228.06743048784298, 175.5571756028286
211.92407617664165, 16.143354311201335
0.0, 211.92407617664165
204.5549575077669, 7.369118668874762
200.807509620121, 3.747447887645876
0.0, 200.807509620121
0.0, 200.807509620121
201.28044579263673, 3.27451171513016
22.52502058232359, 178.75542521031315
0.0, 22.52502058232359
0.0, 22.52502058232359
162.85027059335889, 38.43017519927784
68.52714788046606, 94.32312271289283
0.0, 68.52714788046606
46.08353082564135, 22.443617054824713
0.0, 46.08353082564135
36.84812891029159, 9.235401915349755
0.0, 36.84812891029159
4.697958877273901, 32.15017003301769
0.0, 4.697958877273901
0.0, 4.697958877273901
77.11039936397066, 85.73987122938823
0.0, 77.11039936397066
0.0, 77.11039936397066
226.91849900896185, 1.1489314788811384
214.7346004548014, 12.183898554160436
200.2073530836781, 14.527247371123309
0.0, 200.2073530836781
186.33990154922026, 13.867451534457842
0.0, 186.33990154922026
54.46147307110593, 131.87842847811433
0.0, 54.46147307110593
0.0, 54.46147307110593
207.32311284094106, 7.411487613860345
204.20779600806497, 3.11531683287609
0.0, 204.20779600806497
203.6727285514025, 0.5350674566624605
89.60519174227885, 114.06753680912367
0.0, 89.60519174227885
24.354289438674087, 65.25090230360476
0.0, 24.354289438674087
0.0, 24.354289438674087
202.87502317042296, 0.7977053809795507
0.0, 202.87502317042296
0.0, 202.87502317042296
204.89676868715648, 2.4263441537845836
201.65823004747688, 3.2385386396796036
75.89960125108422, 125.75862879639266
0.0, 75.89960125108422
3.038477883171227, 72.861123367913
0.0, 3.038477883171227
0.0, 3.038477883171227
170.34695705747328, 31.3112729900036
0.0, 170.34695705747328
165.4411095443008, 4.905847513172489
36.730370538354435, 128.71073900594635
0.0, 36.730370538354435
0.0, 36.730370538354435
65.7367993511467, 99.70431019315409
1.4065143430187026, 64.330285008128
0.0, 1.4065143430187026
0.0, 1.4065143430187026
63.388435447609616, 2.3483639035370842
0.0, 63.388435447609616
0.0, 63.388435447609616
202.0920534159712, 2.804715271185273
107.35604202473037, 94.73601139124084
0.0, 107.35604202473037
72.68683406045525, 34.66920796427512
0.0, 72.68683406045525
0.0, 72.68683406045525
200.42331628615847, 1.6687371298127402
0.0, 200.42331628615847
94.47493509887528, 105.94838118728319
0.0, 94.47493509887528
0.0, 94.47493509887528
216.95403790212427, 9.964461106837575
0.0, 216.95403790212427
0.0, 216.95403790212427
247.16450855798158, 156.46009753269
236.95197763047352, 10.212530927508055
203.19709358795768, 33.75488404251584
87.86125506061491, 115.33583852734277
0.0, 87.86125506061491
0.0, 87.86125506061491
203.09494100752372, 0.10215258043396602
0.0, 203.09494100752372
200.12735349683052, 2.9675875106931926
21.394731003252513, 178.73262249357802
0.0, 21.394731003252513
0.0, 21.394731003252513
176.6613194562948, 23.46603404053573
0.0, 176.6613194562948
0.0, 176.6613194562948
204.1121346792236, 32.83984295124992
1.44605264133003, 202.66608203789357
0.0, 1.44605264133003
0.0, 1.44605264133003
202.72318833217184, 1.388946347051757
53.38315752270754, 149.3400308094643
0.0, 53.38315752270754
0.0, 53.38315752270754
131.68241841655137, 71.04076991562047
0.0, 131.68241841655137
90.19202894679664, 41.49038946975473
0.0, 90.19202894679664
0.0, 90.19202894679664
245.37030430247464, 1.7942042555069406
212.3982009599638, 32.97210334251085
201.99568600797812, 10.402514951985665
0.0, 201.99568600797812
201.91208364939143, 0.0836023585866883
0.0, 201.91208364939143
33.25323218651074, 168.6588514628807
0.0, 33.25323218651074
0.0, 33.25323218651074
206.05826852497754, 6.3399324349862525
0.0, 206.05826852497754
200.2801225584021, 5.778145966575437
0.0, 200.2801225584021
81.82527441236643, 118.45484814603567
0.0, 81.82527441236643
0.0, 81.82527441236643
231.58689237442974, 13.783411928044899
139.2945283814931, 92.29236399293663
0.0, 139.2945283814931
0.0, 139.2945283814931
219.45206382495675, 12.134828549472985
23.785172069341197, 195.66689175561555
0.0, 23.785172069341197
0.0, 23.785172069341197
206.9832752806407, 12.468788544316055
0.0, 206.9832752806407
206.7819918442133, 0.20128343642738855
0.0, 206.7819918442133
92.54916006620142, 114.23283177801189
0.0, 92.54916006620142
6.96987240553641, 85.57928766066502
0.0, 6.96987240553641
0.0, 6.96987240553641
2373.5432920531402, 2646.1025651569717
264.50755653453206, 2109.0357355186084
202.7114019046859, 61.79615462984614
34.85350087108436, 167.85790103360156
0.0, 34.85350087108436
0.0, 34.85350087108436
160.9182171663284, 41.793184738357525
0.0, 160.9182171663284
37.888225184102374, 123.02999198222602
0.0, 37.888225184102374
0.0, 37.888225184102374
208.31177785940466, 56.1957786751274
71.90454895499884, 136.40722890440583
0.0, 71.90454895499884
0.0, 71.90454895499884
183.3813597911685, 24.93041806823615
0.0, 183.3813597911685
0.0, 183.3813597911685
344.4999951775664, 2029.0432968755738
200.73470943927134, 143.76528573829506
45.92399391727172, 154.8107155219996
0.0, 45.92399391727172
5.1470084941159255, 40.7769854231558
0.0, 5.1470084941159255
0.0, 5.1470084941159255
200.47436734431594, 0.26034209495540495
0.0, 200.47436734431594
108.29087036553935, 92.18349697877659
0.0, 108.29087036553935
34.07657635864179, 74.21429400689756
0.0, 34.07657635864179
20.92082905446322, 13.155747304178568
0.0, 20.92082905446322
0.0, 20.92082905446322
251.03656645436246, 93.46342872320395
222.85471716949777, 28.181849284864683
43.76256204818256, 179.09215512131522
0.0, 43.76256204818256
0.0, 43.76256204818256
203.53218975010998, 19.322527419387796
0.0, 203.53218975010998
139.41369932181016, 64.11849042829982
0.0, 139.41369932181016
0.0, 139.41369932181016
222.87870698777104, 28.157859466591418
202.60251117267566, 20.276195815095377
0.0, 202.60251117267566
26.454236236244864, 176.1482749364308
0.0, 26.454236236244864
0.0, 26.454236236244864
221.4369765073943, 1.441730480376748
0.0, 221.4369765073943
101.81717751243082, 119.61979899496347
0.0, 101.81717751243082
41.37124812598136, 60.44592938644946
0.0, 41.37124812598136
0.0, 41.37124812598136
5294.921483304493, 3130.3438105803307
516.8892161191001, 4778.032267185394
353.7456809353153, 163.14353518378476
311.5677931784178, 42.17788775689752
201.12211028453268, 110.4456828938851
0.0, 201.12211028453268
53.33395721267121, 147.78815307186147
0.0, 53.33395721267121
32.444809488755226, 20.889147723915983
0.0, 32.444809488755226
27.128687345320973, 5.316122143434253
0.0, 27.128687345320973
0.0, 27.128687345320973
309.25317254553596, 2.3146206328818266
235.2940770770166, 73.95909546851937
201.50639000496454, 33.78768707205205
142.34514782100706, 59.161242183957484
0.0, 142.34514782100706
9.562368892156009, 132.78277892885106
0.0, 9.562368892156009
0.0, 9.562368892156009
200.00258725425775, 1.5038027507067966
0.0, 200.00258725425775
29.678420442513715, 170.32416681174402
0.0, 29.678420442513715
5.040066635831408, 24.638353806682307
0.0, 5.040066635831408
0.0, 5.040066635831408
205.92137529362932, 29.37270178338727
0.0, 205.92137529362932
77.66690826864648, 128.25446702498283
0.0, 77.66690826864648
76.764368157972, 0.9025401106744795
0.0, 76.764368157972
40.23278676457052, 36.53158139340148
0.0, 40.23278676457052
0.0, 40.23278676457052
299.76323795403863, 9.489934591497331
202.14757337117072, 97.61566458286791
110.95433144225447, 91.19324192891625
0.0, 110.95433144225447
0.0, 110.95433144225447
200.96321087046562, 1.184362500705106
0.0, 200.96321087046562
83.29479157517606, 117.66841929528955
0.0, 83.29479157517606
0.0, 83.29479157517606
225.6577397182488, 74.10549823578984
203.84621123430756, 21.81152848394123
0.0, 203.84621123430756
203.5855400700023, 0.2606711643052506
152.9785775855301, 50.606962484472206
0.0, 152.9785775855301
78.25796691087949, 74.72061067465062
0.0, 78.25796691087949
43.72638150785271, 34.53158540302678
0.0, 43.72638150785271
42.33959872847127, 1.3867827793814342
0.0, 42.33959872847127
21.093658374238867, 21.245940354232406
0.0, 21.093658374238867
0.0, 21.093658374238867
203.33992120492223, 0.24561886508007547
43.83472170028102, 159.5051995046412
0.0, 43.83472170028102
3.3202951998407193, 40.5144265004403
0.0, 3.3202951998407193
0.1922321905619749, 3.1280630092787445
0.0, 0.1922321905619749
0.0, 0.1922321905619749
200.44882307003962, 2.8910981348826112
177.07660263475654, 23.372220435283083
0.0, 177.07660263475654
148.55202200261033, 28.52458063214621
0.0, 148.55202200261033
0.0, 148.55202200261033
200.07868716079807, 0.3701359092415544
0.0, 200.07868716079807
178.64652549833275, 21.43216166246532
52.088123199958005, 126.55840229837474
0.0, 52.088123199958005
0.0, 52.088123199958005
111.31573340553196, 67.33079209280079
0.0, 111.31573340553196
0.0, 111.31573340553196
204.10063530830467, 21.557104409944117
0.0, 204.10063530830467
86.694442626954, 117.40619268135067
0.0, 86.694442626954
0.0, 86.694442626954
326.88276624413896, 26.862914691176343
208.74493546178195, 118.13783078235701
68.33320812439557, 140.41172733738637
0.0, 68.33320812439557
4.008306848635857, 64.32490127575971
0.0, 4.008306848635857
0.0, 4.008306848635857
200.27998569059676, 8.46494977118519
0.0, 200.27998569059676
0.0, 200.27998569059676
299.1578653290682, 27.724900915070748
254.04152188588156, 45.11634344318665
222.4931147077307, 31.548407178150853
209.9905038473861, 12.502610860344618
0.0, 209.9905038473861
207.27003800876443, 2.7204658386216636
0.0, 207.27003800876443
200.38272016609125, 6.887317842673184
90.17675102658217, 110.20596913950908
0.0, 90.17675102658217
52.62156921247901, 37.55518181410316
0.0, 52.62156921247901
0.0, 52.62156921247901
200.23301578952737, 0.14970437656387503
0.0, 200.23301578952737
145.05727528252675, 55.175740507000626
0.0, 145.05727528252675
36.44259461489485, 108.61468066763189
0.0, 36.44259461489485
0.0, 36.44259461489485
213.9609900751525, 8.532124632578217
202.22238748397783, 11.738602591174669
0.0, 202.22238748397783
200.50771068266377, 1.7146768013140559
13.53615049070583, 186.97156019195793
0.0, 13.53615049070583
0.0, 13.53615049070583
187.01715460386598, 13.490556078797795
74.53465181104026, 112.48250279282571
0.0, 74.53465181104026
67.57152294183601, 6.963128869204255
0.0, 67.57152294183601
0.0, 67.57152294183601
185.01869108399117, 1.9984635198748038
0.0, 185.01869108399117
77.34961904944942, 107.66907203454176
0.0, 77.34961904944942
0.0, 77.34961904944942
209.4012757927793, 4.559714282373193
206.57674996408144, 2.8245258286978583
51.532413816175286, 155.04433614790617
0.0, 51.532413816175286
0.0, 51.532413816175286
55.68307731513061, 150.89367264895083
0.0, 55.68307731513061
22.498239952343926, 33.18483736278668
0.0, 22.498239952343926
0.0, 22.498239952343926
207.61998444003495, 1.781291352744347
114.3078418236259, 93.31214261640905
0.0, 114.3078418236259
0.0, 114.3078418236259
202.78682268414536, 4.833161755889591
0.0, 202.78682268414536
22.62536980773913, 180.16145287640623
0.0, 22.62536980773913
22.546502702389795, 0.07886710534933528
0.0, 22.546502702389795
0.0, 22.546502702389795
226.36108048285644, 27.680441403025128
205.8418041832875, 20.51927629956893
0.0, 205.8418041832875
200.33581698889535, 5.505987194392162
0.0, 200.33581698889535
40.32696055501783, 160.00885643387753
0.4980080095613317, 39.828952545456495
0.0, 0.4980080095613317
0.0, 0.4980080095613317
31.423043879970173, 8.903916675047654
0.0, 31.423043879970173
0.0, 31.423043879970173
215.4837779563483, 10.877302526508146
202.96499576518167, 12.518782191166622
23.813499339544222, 179.15149642563745
0.0, 23.813499339544222
0.0, 23.813499339544222
200.86175950819577, 2.1032362569858947
8.262382131978965, 192.5993773762168
0.0, 8.262382131978965
0.0, 8.262382131978965
103.54713911245047, 97.31462039574531
9.088713166771287, 94.45842594567918
0.0, 9.088713166771287
0.0, 9.088713166771287
77.31804578357358, 26.229093328876885
0.0, 77.31804578357358
0.0, 77.31804578357358
205.00183578765905, 10.481942168689244
0.0, 205.00183578765905
201.32754507046303, 3.6742907171960155
0.0, 201.32754507046303
12.096558825256533, 189.2309862452065
0.0, 12.096558825256533
5.540417484361694, 6.55614134089484
0.0, 5.540417484361694
0.0, 5.540417484361694
282.7742515637372, 16.383613765331006
0.0, 282.7742515637372
248.44911313906968, 34.32513842466753
220.42705606381952, 28.02205707525016
0.0, 220.42705606381952
0.0, 220.42705606381952
247.82467016090837, 0.6244429781613121
235.67359461121214, 12.15107554969623
56.756887476303085, 178.91670713490905
0.0, 56.756887476303085
0.0, 56.756887476303085
211.70435437217833, 23.96924023903381
202.60540100991116, 9.098953362267167
0.0, 202.60540100991116
0.0, 202.60540100991116
210.93824569005884, 0.7661086821194942
0.0, 210.93824569005884
207.67344343845343, 3.2648022516054027
206.64883171516246, 1.024611723290974
0.0, 206.64883171516246
200.67093850296573, 5.977893212196733
0.0, 200.67093850296573
91.7787186947492, 108.89221980821652
0.0, 91.7787186947492
5.276383301651298, 86.50233539309791
0.0, 5.276383301651298
1.5646415922083, 3.7117417094429976
0.0, 1.5646415922083
0.0, 1.5646415922083
207.51425496390402, 0.15918847454940988
202.91253866481605, 4.601716299087968
0.0, 202.91253866481605
0.0, 202.91253866481605
203.91730922138592, 3.596945742518102
200.8492629230111, 3.06804629837481
0.0, 200.8492629230111
89.11280238759834, 111.73646053541277
0.0, 89.11280238759834
0.0, 89.11280238759834
201.65779760724806, 2.259511614137864
73.3145236494439, 128.34327395780417
0.0, 73.3145236494439
0.0, 73.3145236494439
142.4405657699927, 59.217231837255355
76.27201480588401, 66.16855096410869
0.0, 76.27201480588401
0.0, 76.27201480588401
84.62313208210139, 57.81743368789131
0.0, 84.62313208210139
42.19713589161996, 42.425996190481435
0.0, 42.19713589161996
0.0, 42.19713589161996
238.5481532971291, 9.276516863779278
211.96415223642396, 26.584001060705134
39.928755444071285, 172.03539679235269
0.0, 39.928755444071285
0.0, 39.928755444071285
206.2864336878263, 5.677718548597653
0.0, 206.2864336878263
196.9310515586478, 9.355382129178508
0.0, 196.9310515586478
62.864776473722635, 134.06627508492517
0.0, 62.864776473722635
54.42825773149577, 8.436518742226866
0.0, 54.42825773149577
0.0, 54.42825773149577
227.83291779352558, 10.715235503603509
203.0840243377151, 24.748893455810475
59.016817556914035, 144.0672067808011
0.0, 59.016817556914035
0.0, 59.016817556914035
201.22191817131397, 1.8621061664011336
0.0, 201.22191817131397
0.0, 201.22191817131397
212.0300224583092, 15.802895335216391
0.0, 212.0300224583092
208.44011987660508, 3.5899025817041093
0.0, 208.44011987660508
43.73132643400563, 164.70879344259944
0.0, 43.73132643400563
0.0, 43.73132643400563
408.92867963604084, 107.96053648305923
289.6019151129953, 119.32676452304554
87.87559965701175, 201.72631545598355
50.42416630969104, 37.45143334732071
0.0, 50.42416630969104
0.0, 50.42416630969104
65.00983565408588, 22.86576400292587
0.0, 65.00983565408588
27.99528628903606, 37.01454936504982
0.0, 27.99528628903606
0.0, 27.99528628903606
271.9803349961847, 17.621580116810605
262.2297347886263, 9.75060020755842
204.40688909871704, 57.82284568990923
21.550125638914587, 182.85676345980247
0.0, 21.550125638914587
0.0, 21.550125638914587
45.208689253374494, 159.19819984534254
0.0, 45.208689253374494
44.40981979818043, 0.7988694551940654
0.0, 44.40981979818043
25.494222786706267, 18.915597011474162
0.0, 25.494222786706267
0.0, 25.494222786706267
231.46267541667845, 30.767059371947823
184.8373090253376, 46.62536639134086
0.0, 184.8373090253376
184.7253404867524, 0.11196853858518807
0.0, 184.7253404867524
182.98634752237294, 1.738992964379463
0.0, 182.98634752237294
152.24783468976133, 30.738512832611605
0.0, 152.24783468976133
0.0, 152.24783468976133
218.14324026038094, 13.319435156297516
0.0, 218.14324026038094
218.12532579540652, 0.017914464974410294
200.60307007334012, 17.522255722066404
109.1304149395593, 91.47265513378082
0.0, 109.1304149395593
0.0, 109.1304149395593
200.47294525825782, 0.13012481508229712
0.0, 200.47294525825782
138.21369197020329, 62.25925328805454
56.804415498211114, 81.40927647199217
0.0, 56.804415498211114
0.0, 56.804415498211114
130.5621004072263, 7.651591562976989
22.39100237395369, 108.17109803327261
0.0, 22.39100237395369
0.0, 22.39100237395369
56.559687009432835, 74.00241339779346
0.0, 56.559687009432835
46.79900174983357, 9.760685259599263
0.0, 46.79900174983357
23.02106091279166, 23.77794083704191
0.0, 23.02106091279166
13.247528214540873, 9.773532698250788
0.0, 13.247528214540873
11.160637306380535, 2.0868909081603384
0.0, 11.160637306380535
0.0, 11.160637306380535
206.90351941796297, 11.221806377443556
0.0, 206.90351941796297
13.535877815369659, 193.36764160259332
0.0, 13.535877815369659
0.0, 13.535877815369659
269.5725841192534, 2.4077508769312885
210.10571987823425, 59.46686424101915
201.24398675073942, 8.86173312749483
137.8228583632228, 63.42112838751663
0.0, 137.8228583632228
7.086204103787366, 130.73665425943543
0.0, 7.086204103787366
0.0, 7.086204103787366
200.04284094787906, 1.201145802860367
72.83527399491796, 127.2075669529611
0.0, 72.83527399491796
0.0, 72.83527399491796
100.7930794917495, 99.24976145612956
0.0, 100.7930794917495
52.128539148425006, 48.66454034332449
0.0, 52.128539148425006
37.592747936084145, 14.535791212340861
0.0, 37.592747936084145
0.0, 37.592747936084145
205.93779764999775, 4.167922228236506
0.0, 205.93779764999775
45.938320423126946, 159.9994772268708
0.0, 45.938320423126946
19.953173233714235, 25.98514718941271
0.0, 19.953173233714235
10.813241747169236, 9.139931486544999
0.0, 10.813241747169236
0.0, 10.813241747169236
264.84810654511386, 4.7244775741395415
204.3548048914037, 60.493301653710176
109.82545551952539, 94.5293493718783
0.0, 109.82545551952539
109.37393575524182, 0.45151976428357443
0.0, 109.37393575524182
19.975881424453405, 89.39805433078841
0.0, 19.975881424453405
0.0, 19.975881424453405
202.39126758400752, 1.963537307396166
0.0, 202.39126758400752
0.0, 202.39126758400752
221.47759879963837, 43.37050774547549
0.0, 221.47759879963837
202.93604403272073, 18.541554766917642
0.0, 202.93604403272073
201.29894746729596, 1.6370965654247698
117.93303648206548, 83.36591098523049
2.964365369032195, 114.96867111303328
0.0, 2.964365369032195
0.0, 2.964365369032195
36.090547467619956, 81.84248901444552
0.0, 36.090547467619956
0.0, 36.090547467619956
124.50658375294252, 76.79236371435344
89.08909740967631, 35.417486343266205
0.0, 89.08909740967631
28.839299620166095, 60.24979778951022
0.0, 28.839299620166095
0.0, 28.839299620166095
114.775928225129, 9.730655527813525
0.0, 114.775928225129
0.0, 114.775928225129
407.9026556789524, 1.026023957088455
246.4348889037035, 161.4677667752489
214.0833475893997, 32.3515413143038
201.16479615606605, 12.918551433333647
0.0, 201.16479615606605
200.9380135478073, 0.22678260825875896
0.0, 200.9380135478073
140.48107823824216, 60.456935309565125
0.0, 140.48107823824216
5.182857457449285, 135.2982207807929
0.0, 5.182857457449285
0.0, 5.182857457449285
207.95830966752942, 6.125037921870273
200.5324326324487, 7.425877035080731
0.0, 200.5324326324487
46.22358372763167, 154.308848904817
0.0, 46.22358372763167
0.0, 46.22358372763167
201.69279821872018, 6.265511448809235
0.0, 201.69279821872018
200.379443059267, 1.313355159453181
53.53869588417173, 146.84074717509526
0.0, 53.53869588417173
0.0, 53.53869588417173
137.34585897829885, 63.033584080968154
40.13107822942069, 97.21478074887816
0.0, 40.13107822942069
14.929285412886436, 25.20179281653425
0.0, 14.929285412886436
0.0, 14.929285412886436
126.110797348321, 11.23506162997785
0.0, 126.110797348321
57.905720725573794, 68.20507662274721
0.0, 57.905720725573794
0.0, 57.905720725573794
232.36668368781085, 14.068205215892647
219.700047911614, 12.666635776196841
204.75311881531405, 14.946929096299954
0.0, 204.75311881531405
0.0, 204.75311881531405
210.27695087672637, 9.423097034887633
131.74955189116605, 78.52739898556032
0.0, 131.74955189116605
0.0, 131.74955189116605
202.06262397731842, 8.21432689940795
0.0, 202.06262397731842
0.0, 202.06262397731842
230.7072046793683, 1.6594790084425597
0.0, 230.7072046793683
222.73217069361408, 7.975033985754209
206.5102877682179, 16.221882925396187
0.0, 206.5102877682179
202.2203965478305, 4.289891220387403
54.31088256264686, 147.90951398518362
0.0, 54.31088256264686
0.0, 54.31088256264686
201.20258004286896, 1.0178165049615302
0.0, 201.20258004286896
0.0, 201.20258004286896
215.06180177050572, 7.670368923108356
201.13594875341224, 13.925853017093488
69.7394649625455, 131.39648379086674
0.0, 69.7394649625455
0.0, 69.7394649625455
84.89799604008041, 116.23795271333182
0.0, 84.89799604008041
46.28340360950578, 38.61459243057463
0.0, 46.28340360950578
1.8459546252576828, 44.4374489842481
0.0, 1.8459546252576828
0.0, 1.8459546252576828
205.1554590454724, 9.906342725033312
200.4959812363513, 4.659477809121114
0.0, 200.4959812363513
0.0, 200.4959812363513
201.3284606145858, 3.8269984308866185
0.0, 201.3284606145858
0.0, 201.3284606145858
259.4822209781012, 148.42043470085116
223.04641318569608, 36.43580779240514
87.76486437086595, 135.28154881483013
0.0, 87.76486437086595
45.40011989600496, 42.36474447486099
0.0, 45.40011989600496
0.0, 45.40011989600496
220.17513036802538, 2.8712828176707035
210.88812583878874, 9.28700452923664
6.137774366855616, 204.75035147193313
0.0, 6.137774366855616
0.0, 6.137774366855616
203.44793921800593, 7.440186620782811
0.0, 203.44793921800593
30.63715514157623, 172.81078407642968
0.0, 30.63715514157623
19.771115252374397, 10.866039889201833
0.0, 19.771115252374397
0.0, 19.771115252374397
217.07498317582917, 3.1001471921962036
212.80393944025303, 4.271043735576143
203.0584894165327, 9.745450023720338
135.2203836195478, 67.8381057969849
26.95071765613315, 108.26966596341464
0.0, 26.95071765613315
20.91178157895702, 6.038936077176132
0.0, 20.91178157895702
11.125162601200715, 9.786618977756303
0.0, 11.125162601200715
0.0, 11.125162601200715
105.45538256633047, 29.76500105321732
0.0, 105.45538256633047
13.272378395675675, 92.1830041706548
0.0, 13.272378395675675
0.0, 13.272378395675675
201.12004924545434, 1.938440171078355
0.0, 201.12004924545434
114.10782373849858, 87.01222550695576
0.0, 114.10782373849858
89.58762443846749, 24.520199300031095
0.0, 89.58762443846749
0.0, 89.58762443846749
204.62384375834796, 8.180095681905073
72.94819559055477, 131.67564816779318
0.0, 72.94819559055477
60.249287392073086, 12.69890819848169
0.0, 60.249287392073086
0.0, 60.249287392073086
204.02964585863322, 0.594197899714743
45.57754999152396, 158.45209586710925
0.0, 45.57754999152396
0.0, 45.57754999152396
178.83891112761495, 25.190734731018267
0.0, 178.83891112761495
118.11633357647572, 60.722577551139224
0.0, 118.11633357647572
109.95990073918249, 8.156432837293238
0.0, 109.95990073918249
0.0, 109.95990073918249
216.8910774989467, 0.18390567688248893
136.15566961723403, 80.73540788171266
0.0, 136.15566961723403
0.0, 136.15566961723403
180.72863938504946, 36.162438113897224
54.76250680756807, 125.96613257748139
0.0, 54.76250680756807
19.628381843386943, 35.134124964181126
0.0, 19.628381843386943
3.947784030422158, 15.680597812964786
0.0, 3.947784030422158
0.0, 3.947784030422158
83.47692651125506, 97.2517128737944
0.0, 83.47692651125506
72.40377344420301, 11.073153067052047
0.0, 72.40377344420301
0.0, 72.40377344420301
255.6005727678897, 3.881648210211523
232.4912404615682, 23.109332306321505
159.6740013522038, 72.81723910936441
0.0, 159.6740013522038
88.48345477808402, 71.19054657411976
0.0, 88.48345477808402
25.54878161245528, 62.934673165628745
0.0, 25.54878161245528
0.0, 25.54878161245528
214.91498510419117, 17.576255357377022
74.63127203985863, 140.28371306433255
0.0, 74.63127203985863
0.0, 74.63127203985863
206.61069855407231, 8.30428655011886
0.0, 206.61069855407231
0.0, 206.61069855407231
236.70967681648975, 18.890895951399955
0.0, 236.70967681648975
221.39980604740487, 15.309870769084881
201.47902765036355, 19.920778397041317
0.0, 201.47902765036355
0.0, 201.47902765036355
205.11485498388157, 16.284951063523295
0.0, 205.11485498388157
55.54718781345798, 149.5676671704236
0.0, 55.54718781345798
34.75411514205871, 20.793072671399273
0.0, 34.75411514205871
3.9799612424471746, 30.774153899611534
0.0, 3.9799612424471746
0.0, 3.9799612424471746
2666.534488112361, 2628.3869951921324
385.93843000595456, 2280.5960581064064
149.25474125860575, 236.6836887473488
0.0, 149.25474125860575
81.18188066494321, 68.07286059366254
0.0, 81.18188066494321
52.842493042295125, 28.339387622648083
0.0, 52.842493042295125
2.8636775443351725, 49.97881549795995
0.0, 2.8636775443351725
0.0, 2.8636775443351725
209.6802080284387, 176.25822197751586
0.0, 209.6802080284387
187.95590409649867, 21.724303931940028
0.0, 187.95590409649867
134.61997236701527, 53.335931729483406
0.0, 134.61997236701527
92.34437416797078, 42.27559819904448
0.0, 92.34437416797078
0.0, 92.34437416797078
1270.465714897715, 1396.068773214646
427.58603984998274, 842.8796750477323
411.3187665469954, 16.26727330298735
243.6916788382738, 167.6270877087216
0.0, 243.6916788382738
0.0, 243.6916788382738
268.9671828299199, 142.35158371707547
234.65888685037257, 34.30829597954735
217.56965449497196, 17.08923235540061
192.29223251878275, 25.277421976189203
0.0, 192.29223251878275
0.0, 192.29223251878275
215.36233532589407, 2.2073191690778913
145.37552080061926, 69.98681452527481
0.0, 145.37552080061926
92.98143722851862, 52.39408357210064
0.0, 92.98143722851862
0.0, 92.98143722851862
212.99721019456916, 2.365125131324902
204.58104697349975, 8.41616322106941
0.0, 204.58104697349975
198.10196064017626, 6.479086333323494
0.0, 198.10196064017626
126.05430588216458, 72.04765475801167
0.0, 126.05430588216458
30.798603241375385, 95.2557026407892
0.0, 30.798603241375385
24.32608716190724, 6.472516079468146
0.0, 24.32608716190724
0.0, 24.32608716190724
210.69176933214905, 2.305440862420113
205.53111256225216, 5.160656769896889
0.0, 205.53111256225216
48.58378236195422, 156.94733020029793
0.0, 48.58378236195422
0.0, 48.58378236195422
210.42641522823834, 0.2653541039107097
0.0, 210.42641522823834
0.0, 210.42641522823834
226.22309367970908, 8.435793170663487
208.43849765438733, 17.784596025321747
0.0, 208.43849765438733
206.65404949361078, 1.7844481607765488
200.36904804279843, 6.285001450812359
0.0, 200.36904804279843
0.0, 200.36904804279843
205.84514758207496, 0.8089019115358269
0.0, 205.84514758207496
204.38083132108994, 1.464316260985015
200.02112472214648, 4.359706598943461
0.0, 200.02112472214648
178.9177079386791, 21.103416783467395
0.0, 178.9177079386791
0.0, 178.9177079386791
203.0244674103619, 1.3563639107280494
60.37645287396276, 142.64801453639913
0.0, 60.37645287396276
0.0, 60.37645287396276
202.55130301283435, 0.47316439752754036
0.0, 202.55130301283435
21.53604922945273, 181.01525378338164
0.0, 21.53604922945273
0.0, 21.53604922945273
221.866747430867, 4.3563462488420726
201.48651866793895, 20.380228762928056
0.0, 201.48651866793895
149.02968680182036, 52.45683186611859
0.0, 149.02968680182036
0.0, 149.02968680182036
219.1545870802245, 2.712160350642506
208.42245429583951, 10.732132784384987
0.0, 208.42245429583951
207.17683212615924, 1.2456221696802743
0.0, 207.17683212615924
203.59886506852072, 3.577967057638517
0.0, 203.59886506852072
200.05956068701911, 3.5393043815016085
0.0, 200.05956068701911
156.8634181093753, 43.196142577643826
41.451160353973805, 115.41225775540148
0.0, 41.451160353973805
11.475509980746052, 29.97565037322775
0.0, 11.475509980746052
0.0, 11.475509980746052
144.93166963100586, 11.931748478369428
0.0, 144.93166963100586
115.41938814958567, 29.51228148142019
0.0, 115.41938814958567
0.0, 115.41938814958567
217.6139653049944, 1.5406217752301075
201.66063253000186, 15.953332774992532
49.44318620693626, 152.2174463230656
0.0, 49.44318620693626
0.0, 49.44318620693626
119.9460103026944, 81.71462222730746
0.0, 119.9460103026944
0.0, 119.9460103026944
212.9744165235307, 4.639548781463702
204.65384901259475, 8.320567510935945
0.0, 204.65384901259475
201.6216854512209, 3.032163561373835
124.33389272137872, 77.2877927298422
0.0, 124.33389272137872
0.0, 124.33389272137872
179.70594608123042, 21.91573936999049
0.0, 179.70594608123042
0.0, 179.70594608123042
208.05958511779068, 4.914831405740017
0.0, 208.05958511779068
206.59463171984189, 1.4649533979487899
0.0, 206.59463171984189
202.3592950357215, 4.235336684120398
199.00188627381925, 3.357408761902235
0.0, 199.00188627381925
60.07478149527354, 138.9271047785457
0.0, 60.07478149527354
45.398214804316844, 14.676566690956697
0.0, 45.398214804316844
32.551443904170284, 12.84677090014656
0.0, 32.551443904170284
22.41000850094388, 10.141435403226403
0.0, 22.41000850094388
0.0, 22.41000850094388
201.1143148420181, 1.244980193703384
74.27389281790511, 126.840422024113
0.0, 74.27389281790511
0.0, 74.27389281790511
162.8212316339968, 38.2930832080213
0.0, 162.8212316339968
17.54973749794235, 145.27149413605446
0.0, 17.54973749794235
0.0, 17.54973749794235
266.94530326618235, 2.0218795637375706
213.4416307597224, 53.503672506459964
205.6852467969087, 7.756383962813686
0.0, 205.6852467969087
204.99027990918722, 0.6949668877214776
203.01741924229265, 1.9728606668945758
0.0, 203.01741924229265
0.0, 203.01741924229265
204.10436704563833, 0.8859128635488958
63.052905695255205, 141.05146135038314
0.0, 63.052905695255205
15.772316409563201, 47.280589285692
0.0, 15.772316409563201
0.0, 15.772316409563201
202.78409026959224, 1.3202767760460858
45.7683309245856, 157.01575934500664
0.0, 45.7683309245856
0.0, 45.7683309245856
128.58698990882525, 74.197100360767
0.0, 128.58698990882525
0.0, 128.58698990882525
210.3555956905981, 3.0860350691242786
90.88381215593562, 119.47178353466249
0.0, 90.88381215593562
8.295247651115366, 82.58856450482025
0.0, 8.295247651115366
7.5452091987561545, 0.7500384523592114
0.0, 7.5452091987561545
0.0, 7.5452091987561545
209.57905175912123, 0.7765439314768798
0.0, 209.57905175912123
205.1548419080659, 4.424209851055338
0.0, 205.1548419080659
203.59073796960837, 1.5641039384575208
0.0, 203.59073796960837
200.0429814419414, 3.5477565276669623
0.0, 200.0429814419414
156.818364562993, 43.22461687894841
0.0, 156.818364562993
117.97053994665484, 38.84782461633816
0.0, 117.97053994665484
77.65733547177895, 40.31320447487589
0.0, 77.65733547177895
0.0, 77.65733547177895
263.4880115414751, 3.457291724707261
250.1402567480613, 13.347754793413799
207.06060705364808, 43.079649694413206
172.79250660237372, 34.268100451274364
0.0, 172.79250660237372
118.15150811487042, 54.640998487503296
0.0, 118.15150811487042
0.0, 118.15150811487042
201.11933482628302, 5.9412722273650616
0.0, 201.11933482628302
100.72710223808515, 100.39223258819787
0.0, 100.72710223808515
33.89977966214317, 66.82732257594199
0.0, 33.89977966214317
9.796278530385573, 24.103501131757596
0.0, 9.796278530385573
0.0, 9.796278530385573
248.41686634621695, 1.7233904018443411
0.0, 248.41686634621695
218.32690097985002, 30.089965366366926
214.57301886343805, 3.7538821164119724
202.95981455607657, 11.613204307361485
0.0, 202.95981455607657
201.9911234470587, 0.9686911090178683
0.0, 201.9911234470587
90.32783604231801, 111.66328740474069
25.837702244597303, 64.49013379772072
0.0, 25.837702244597303
0.0, 25.837702244597303
58.06222562783441, 32.265610414483604
0.0, 58.06222562783441
57.737137123592206, 0.3250885042422027
0.0, 57.737137123592206
0.0, 57.737137123592206
212.2509474088703, 2.322071454567748
206.41889143895, 5.8320559699203045
0.0, 206.41889143895
0.0, 206.41889143895
207.3821510994261, 4.868796309444207
169.4963621694843, 37.88578892994178
0.0, 169.4963621694843
152.79280541057437, 16.70355675890994
0.0, 152.79280541057437
0.0, 152.79280541057437
204.1515881068498, 3.2305629925762958
0.0, 204.1515881068498
202.28866505703778, 1.862923049812025
0.0, 202.28866505703778
200.69424937827546, 1.5944156787623172
24.072599334629604, 176.62165004364584
0.0, 24.072599334629604
18.62597390110491, 5.446625433524694
0.0, 18.62597390110491
0.0, 18.62597390110491
200.2039930096171, 0.49025636865835054
0.0, 200.2039930096171
0.0, 200.2039930096171
217.65586885601027, 0.6710321238397512
206.66304009025185, 10.992828765758418
0.0, 206.66304009025185
203.12147724327292, 3.541562846978934
201.3377435159903, 1.7837337272826232
0.0, 201.3377435159903
200.03014051450617, 1.3076030014841251
92.21932136340939, 107.81081915109678
0.0, 92.21932136340939
0.0, 92.21932136340939
127.31074821924942, 72.71939229525675
18.00619208642242, 109.304556132827
14.51134436476034, 3.4948477216620795
0.0, 14.51134436476034
0.0, 14.51134436476034
15.983635570606467, 2.0225565158159533
0.0, 15.983635570606467
6.092599870238882, 9.891035700367585
0.0, 6.092599870238882
2.766136285311032, 3.3264635849278497
0.0, 2.766136285311032
0.0, 2.766136285311032
84.15738421987628, 43.15336399937314
0.0, 84.15738421987628
0.5857832364651696, 83.5716009834111
0.0, 0.5857832364651696
0.0, 0.5857832364651696
202.56294390472965, 0.5585333385432705
184.21315879968503, 18.349785105044617
16.706705438480732, 167.5064533612043
0.0, 16.706705438480732
0.0, 16.706705438480732
85.36919189570715, 98.84396690397789
0.0, 85.36919189570715
49.523289015508176, 35.84590288019897
0.0, 49.523289015508176
44.26383208192912, 5.2594569335790595
0.0, 44.26383208192912
20.316214407788348, 23.94761767414077
0.0, 20.316214407788348
0.0, 20.316214407788348
201.64593541470657, 0.917008490023079
0.0, 201.64593541470657
201.57540740763366, 0.07052800707290885
135.17147407187142, 66.40393333576225
0.0, 135.17147407187142
0.0, 135.17147407187142
144.49979752663828, 57.07560988099539
0.0, 144.49979752663828
0.0, 144.49979752663828
212.67731137455218, 4.978557481458097
0.0, 212.67731137455218
205.4646536915998, 7.2126576829523685
0.0, 205.4646536915998
79.126081060982, 126.3385726306178
0.0, 79.126081060982
20.007077953680998, 59.119003107301005
0.0, 20.007077953680998
0.0, 20.007077953680998
258.2134328549819, 5.274578686493214
164.85487914640004, 93.35855370858184
0.0, 164.85487914640004
65.70474176137971, 99.15013738502033
0.0, 65.70474176137971
0.0, 65.70474176137971
222.9916576702013, 35.22177518478057
161.5495687914696, 61.44208887873171
20.592980916241714, 140.95658787522788
0.0, 20.592980916241714
0.0, 20.592980916241714
61.08002280635768, 100.46954598511192
0.0, 61.08002280635768
0.0, 61.08002280635768
202.08581540992904, 20.905842260272266
0.0, 202.08581540992904
0.0, 202.08581540992904
414.05394657506235, 13.532093274920385
314.42532596538564, 99.62862060967672
311.1873424969845, 3.2379834684011257
62.22276936627717, 248.96457313070735
37.58754248866953, 24.635226877607643
0.0, 37.58754248866953
0.0, 37.58754248866953
42.10471796141012, 20.118051404867053
0.0, 42.10471796141012
0.0, 42.10471796141012
244.0810260301459, 67.10631646683862
217.1606641847144, 26.9203618454315
208.75156492247746, 8.409099262236936
0.0, 208.75156492247746
203.42132202239225, 5.33024290008521
0.0, 203.42132202239225
155.9716248156746, 47.449697206717644
45.64374586254015, 110.32787895313444
0.0, 45.64374586254015
22.18509872981757, 23.45864713272258
0.0, 22.18509872981757
0.0, 22.18509872981757
102.9260872610783, 53.04553755459631
0.0, 102.9260872610783
6.595335375408451, 96.33075188566984
0.0, 6.595335375408451
0.0, 6.595335375408451
211.95856151590945, 5.20210266880494
94.5194610539378, 117.43910046197165
0.0, 94.5194610539378
86.69666428249305, 7.822796771444757
0.0, 86.69666428249305
0.0, 86.69666428249305
208.97481441633468, 2.983747099574771
169.69738735234426, 39.277427063990416
0.0, 169.69738735234426
121.2662389462738, 48.43114840607046
0.0, 121.2662389462738
0.0, 121.2662389462738
203.60171795823794, 5.3730964580967395
0.0, 203.60171795823794
200.99181962226388, 2.6098983359740657
0.0, 200.99181962226388
34.844727604938555, 166.14709201732532
0.0, 34.844727604938555
0.0, 34.844727604938555
239.29018444369805, 4.79084158644784
204.4087929157993, 34.88139152789876
106.16588306551795, 98.24290985028135
8.49911556761189, 97.66676749790605
0.0, 8.49911556761189
0.0, 8.49911556761189
103.8617838699559, 2.3040991955620456
0.0, 103.8617838699559
58.51800324458697, 45.34378062536893
0.0, 58.51800324458697
48.37736309927449, 10.140640145312481
0.0, 48.37736309927449
0.0, 48.37736309927449
202.87500330160523, 1.5337896141940632
96.90229360619757, 105.97270969540766
0.0, 96.90229360619757
0.0, 96.90229360619757
174.67550675026936, 28.19949655133587
0.0, 174.67550675026936
125.01975493400558, 49.65575181626379
0.0, 125.01975493400558
85.61960047780093, 39.400154456204646
0.0, 85.61960047780093
0.0, 85.61960047780093
236.27076975267735, 3.0194146910206996
214.95574280608096, 21.31502694659639
103.74975452234057, 111.2059882837404
4.8490132224883515, 98.90074129985221
0.0, 4.8490132224883515
0.0, 4.8490132224883515
16.366207265328498, 87.38354725701207
0.0, 16.366207265328498
0.0, 16.366207265328498
206.07897417343221, 8.876768632648748
142.66318286340558, 63.415791310026634
34.7909657048481, 107.87221715855748
0.0, 34.7909657048481
0.0, 34.7909657048481
70.79396411304845, 71.86921875035713
0.0, 70.79396411304845
0.0, 70.79396411304845
204.97603951275724, 1.1029346606749755
202.206552239065, 2.769487273692249
0.0, 202.206552239065
200.84144472352543, 1.365107515539563
0.0, 200.84144472352543
108.73429361491569, 92.10715110860974
0.0, 108.73429361491569
0.8669728521306308, 107.86732076278506
0.0, 0.8669728521306308
0.0, 0.8669728521306308
204.17783674003624, 0.7982027727209982
56.38422003284161, 147.79361670719464
0.0, 56.38422003284161
3.423554882556664, 52.960665150284946
0.0, 3.423554882556664
0.0, 3.423554882556664
202.01464734354028, 2.163189396495966
189.35087605255964, 12.663771290980634
0.0, 189.35087605255964
25.226455884879083, 164.12442016768057
0.0, 25.226455884879083
0.0, 25.226455884879083
201.45036583272156, 0.5642815108187165
0.0, 201.45036583272156
155.95842720207398, 45.49193863064758
0.0, 155.95842720207398
45.68928910654278, 110.26913809553119
0.0, 45.68928910654278
30.32151834119918, 15.3677707653436
0.0, 30.32151834119918
0.0, 30.32151834119918
223.74176574780802, 12.529004004869336
4.041170305556095, 219.7005954422519
0.0, 4.041170305556095
0.0, 4.041170305556095
203.44283310636726, 20.298932641440757
0.0, 203.44283310636726
200.33839704592972, 3.1044360604375356
0.0, 200.33839704592972
9.095279535401085, 191.24311751052863
0.0, 9.095279535401085
0.0, 9.095279535401085
312.59154855061195, 1.8337774147736923
250.15827510499506, 62.43327344561689
0.0, 250.15827510499506
247.47982135195096, 2.6784537530440957
204.09861913448427, 43.381202217466694
131.25689904372192, 72.84172009076235
40.70058045501286, 90.55631858870905
0.0, 40.70058045501286
14.263506549512973, 26.437073905499886
0.0, 14.263506549512973
0.0, 14.263506549512973
77.11454400010174, 54.14235504362017
0.0, 77.11454400010174
23.891191259725602, 53.22335274037614
0.0, 23.891191259725602
0.0, 23.891191259725602
203.04179939893461, 1.0568197355496523
0.0, 203.04179939893461
33.795681423717014, 169.2461179752176
0.0, 33.795681423717014
0.0, 33.795681423717014
232.28940116207463, 15.190420189876335
68.86774456820089, 163.42165659387373
0.0, 68.86774456820089
0.0, 68.86774456820089
218.0285501067345, 14.260851055340112
168.02491447351906, 50.00363563321545
0.0, 168.02491447351906
107.4022376175745, 60.62267685594456
25.69074289478857, 81.71149472278593
0.0, 25.69074289478857
0.0, 25.69074289478857
62.119881797954996, 45.282355819619504
0.0, 62.119881797954996
0.0, 62.119881797954996
202.40015550139668, 15.628394605337832
175.80985279739596, 26.59030270400072
0.0, 175.80985279739596
37.88851119722357, 137.92134160017238
0.0, 37.88851119722357
26.90423456290958, 10.984276634313993
0.0, 26.90423456290958
0.0, 26.90423456290958
201.06213051312355, 1.3380249882731334
0.0, 201.06213051312355
80.44416611806845, 120.6179643950551
0.0, 80.44416611806845
0.0, 80.44416611806845
271.6518369425808, 40.93971160803113
228.2777964502721, 43.37404049230872
205.85281904708555, 22.424977403186546
200.86620432272454, 4.986614724361004
71.50293538082755, 129.363268941897
0.0, 71.50293538082755
0.0, 71.50293538082755
86.0427910106657, 114.82341331205885
0.0, 86.0427910106657
0.0, 86.0427910106657
201.59934891915674, 4.253470127928807
0.0, 201.59934891915674
43.207364072696066, 158.39198484646067
0.0, 43.207364072696066
0.0, 43.207364072696066
209.32788970625475, 18.94990674401734
204.9784956592893, 4.349394046965443
60.14434922828077, 144.83414643100855
0.0, 60.14434922828077
54.83636826711271, 5.307980961168056
0.0, 54.83636826711271
8.073299215856208, 46.7630690512565
0.0, 8.073299215856208
0.0, 8.073299215856208
202.5350295618925, 2.443466097396822
47.76648391368323, 154.76854564820925
0.0, 47.76648391368323
0.0, 47.76648391368323
74.80321914032423, 127.73181042156826
0.0, 74.80321914032423
26.810810782547755, 47.992408357776476
0.0, 26.810810782547755
2.8354225147894905, 23.975388267758262
0.0, 2.8354225147894905
0.0, 2.8354225147894905
205.3267666145559, 4.001123091698844
202.21572907055165, 3.1110375440042617
4.741299707388919, 197.47442936316273
0.0, 4.741299707388919
0.0, 4.741299707388919
49.551616150559155, 152.66411291999248
0.0, 49.551616150559155
0.0, 49.551616150559155
203.14881275791944, 2.1779538566364636
61.692149242463465, 141.45666351545597
0.0, 61.692149242463465
0.0, 61.692149242463465
199.88958325438776, 3.259229503531685
0.0, 199.88958325438776
64.28754247050541, 135.60204078388233
0.0, 64.28754247050541
9.444022406582416, 54.843520063922995
0.0, 9.444022406582416
0.0, 9.444022406582416
265.35806856487875, 6.293768377702065
202.68990237249116, 62.66816619238759
63.432868089656246, 139.25703428283492
0.0, 63.432868089656246
32.9569598652831, 30.475908224373143
0.0, 32.9569598652831
0.0, 32.9569598652831
201.79315318112558, 0.8967491913655863
52.077685929026906, 149.71546725209868
0.0, 52.077685929026906
18.980637028423335, 33.09704890060357
0.0, 18.980637028423335
16.16421121878474, 2.816425809638595
0.0, 16.16421121878474
0.0, 16.16421121878474
200.05054403463635, 1.7426091464892295
0.0, 200.05054403463635
0.0, 200.05054403463635
239.2176695530351, 26.14039901184364
201.75574437788998, 37.461925175145126
0.0, 201.75574437788998
173.63178865593173, 28.123955721958254
0.0, 173.63178865593173
125.09284218684707, 48.538946469084664
79.97217494132546, 45.1206672455216
0.0, 79.97217494132546
0.0, 79.97217494132546
96.46615754921639, 28.626684637630675
0.0, 96.46615754921639
0.0, 96.46615754921639
204.53500481764232, 34.68266473539279
0.0, 204.53500481764232
0.0, 204.53500481764232
352.29454502327707, 61.75940155178529
274.4273394803994, 77.86720554287768
240.7324201100137, 33.69491937038569
0.0, 240.7324201100137
213.73187166168225, 27.000548448331443
0.0, 213.73187166168225
208.2946171342117, 5.437254527470543
0.0, 208.2946171342117
200.50443984927367, 7.790177284938039
0.0, 200.50443984927367
0.0, 200.50443984927367
242.3439866352023, 32.08335284519708
229.27957546168489, 13.064411173517414
200.712328585205, 28.567246876479885
0.0, 200.712328585205
188.15164251945714, 12.56068606574786
0.0, 188.15164251945714
8.170603513924963, 179.98103900553218
0.0, 8.170603513924963
0.0, 8.170603513924963
221.63857205785195, 7.64100340383294
204.05494634739244, 17.5836257104595
183.51808054393257, 20.536865803459875
0.0, 183.51808054393257
28.821846285615823, 154.69623425831674
0.0, 28.821846285615823
0.0, 28.821846285615823
203.26485738732035, 0.7900889600720973
130.59558369726668, 72.66927369005367
0.0, 130.59558369726668
64.53818372530772, 66.05739997195896
0.0, 64.53818372530772
31.44064209341034, 33.09754163189738
0.0, 31.44064209341034
9.575452169643032, 21.865189923767307
0.0, 9.575452169643032
0.0, 9.575452169643032
160.19812007138032, 43.06673731594003
6.942368284246472, 153.25575178713385
0.0, 6.942368284246472
0.0, 6.942368284246472
60.14926440959619, 100.04885566178413
0.0, 60.14926440959619
29.615271593369066, 30.533992816227126
0.0, 29.615271593369066
1.3393855274560589, 28.275886065913006
0.0, 1.3393855274560589
0.0, 1.3393855274560589
219.5297126140638, 2.108859443788134
123.77900227889063, 95.75071033517318
0.0, 123.77900227889063
2.291969632692095, 121.48703264619853
0.0, 2.291969632692095
0.0, 2.291969632692095
210.87342827545393, 8.65628433860988
128.46101598948957, 82.41241228596436
0.0, 128.46101598948957
18.313125853311977, 110.1478901361776
0.0, 18.313125853311977
0.0, 18.313125853311977
197.22917668895496, 13.644251586498967
0.0, 197.22917668895496
0.0, 197.22917668895496
229.89911034478277, 12.44487629041953
138.139267005927, 91.75984333885577
0.0, 138.139267005927
0.0, 138.139267005927
186.1793574118794, 43.71975293290336
30.00103672645, 156.1783206854294
0.0, 30.00103672645
0.0, 30.00103672645
50.239839021950914, 135.93951838992848
0.0, 50.239839021950914
0.0, 50.239839021950914
325.6956597697553, 26.598885253521757
294.0820624665403, 31.613597303214988
200.82000200039582, 93.2620604661445
102.42433534521004, 98.39566665518578
0.0, 102.42433534521004
68.99676786050519, 33.42756748470485
0.0, 68.99676786050519
19.394796337963218, 49.60197152254197
0.0, 19.394796337963218
0.0, 19.394796337963218
167.06176110074614, 33.75824089964968
0.0, 167.06176110074614
165.49054844749153, 1.5712126532546051
0.0, 165.49054844749153
90.06325370417086, 75.42729474332067
0.0, 90.06325370417086
0.0, 90.06325370417086
234.80958294817344, 59.27247951836688
208.2015944976706, 26.60798845050283
0.0, 208.2015944976706
93.19593374909229, 115.00566074857832
0.0, 93.19593374909229
0.0, 93.19593374909229
233.93804196216132, 0.8715409860121213
217.37601120167315, 16.56203076048817
200.80078832205146, 16.57522287962169
0.0, 200.80078832205146
195.40641836473162, 5.394369957319839
0.0, 195.40641836473162
92.60289395043958, 102.80352441429204
0.0, 92.60289395043958
88.31575989459502, 4.287134055844561
0.0, 88.31575989459502
85.82036473261455, 2.4953951619804684
0.0, 85.82036473261455
14.277779229720057, 71.5425855028945
0.0, 14.277779229720057
0.0, 14.277779229720057
207.74415667157385, 9.631854530099304
203.1885514147207, 4.555605256853141
50.31943051949879, 152.86912089522193
0.0, 50.31943051949879
0.0, 50.31943051949879
201.9064977405592, 1.2820536741615172
42.803723343249054, 159.10277439731013
0.0, 42.803723343249054
33.40066104175117, 9.403062301497883
0.0, 33.40066104175117
0.0, 33.40066104175117
124.67023330762362, 77.23626443293557
0.0, 124.67023330762362
40.15340003011289, 84.51683327751073
0.0, 40.15340003011289
26.239995779592153, 13.913404250520738
0.0, 26.239995779592153
0.0, 26.239995779592153
207.39516427387895, 0.3489923976949001
201.77327119575355, 5.621893078125396
100.55209459962607, 101.22117659612748
0.0, 100.55209459962607
0.0, 100.55209459962607
201.07207089017507, 0.7012003055784817
0.0, 201.07207089017507
181.33708880618136, 19.734982083993714
0.0, 181.33708880618136
73.73660074896416, 107.60048805721719
0.0, 73.73660074896416
60.905143902271455, 12.83145684669271
0.0, 60.905143902271455
59.59528671037226, 1.309857191899198
0.0, 59.59528671037226
0.0, 59.59528671037226
205.5490922443935, 1.8460720294854411
0.0, 205.5490922443935
141.86047366064335, 63.688618583750156
92.57386164200645, 49.2866120186369
0.0, 92.57386164200645
0.0, 92.57386164200645
100.47814318800737, 41.382330472635985
0.0, 100.47814318800737
40.094521938335575, 60.38362124967179
0.0, 40.094521938335575
39.91775201636937, 0.1767699219662049
0.0, 39.91775201636937
19.51784128016757, 20.3999107362018
0.0, 19.51784128016757
0.0, 19.51784128016757
219.45032202173002, 14.487719940431305
202.12571296339524, 17.324609058334772
200.13907294974572, 1.9866400136495201
0.0, 200.13907294974572
150.34066033610625, 49.79841261363947
43.51369272437728, 106.82696761172897
0.0, 43.51369272437728
0.0, 43.51369272437728
70.06928157901325, 80.271378757093
4.186455754674355, 65.8828258243389
0.0, 4.186455754674355
0.0, 4.186455754674355
35.87147280150989, 34.19780877750336
0.0, 35.87147280150989
0.0, 35.87147280150989
200.62379925842723, 1.5019137049680182
122.47880983765772, 78.1449894207695
0.0, 122.47880983765772
56.87632107441423, 65.60248876324349
0.0, 56.87632107441423
0.0, 56.87632107441423
200.52117804116844, 0.10262121725878615
0.0, 200.52117804116844
0.0, 200.52117804116844
207.09569266185127, 12.354629359878743
91.3975753210443, 115.69811734080697
0.0, 91.3975753210443
0.0, 91.3975753210443
205.14259376379627, 1.9530988980550035
204.48668899275285, 0.6559047710434243
90.14252487743047, 114.34416411532237
0.0, 90.14252487743047
0.0, 90.14252487743047
126.01811238514956, 78.46857660760328
28.176498716487796, 97.84161366866176
0.0, 28.176498716487796
0.0, 28.176498716487796
80.54517585499711, 45.47293653015245
0.0, 80.54517585499711
0.0, 80.54517585499711
205.11161254118224, 0.030981222614030912
124.34565674486973, 80.76595579631251
54.05923945142495, 70.28641729344477
0.0, 54.05923945142495
46.30309883427963, 7.75614061714532
3.198358173436731, 43.1047406608429
0.0, 3.198358173436731
0.0, 3.198358173436731
44.13526358814576, 2.167835246133869
0.0, 44.13526358814576
8.25934081962439, 35.87592276852137
0.0, 8.25934081962439
0.0, 8.25934081962439
100.6104936392367, 23.735163105633035
0.0, 100.6104936392367
0.0, 100.6104936392367
156.95696290612085, 48.15464963506139
0.0, 156.95696290612085
21.996291902249922, 134.9606710038709
0.0, 21.996291902249922
0.0, 21.996291902249922
309.34228770460146, 16.35337206515385
224.48909728050825, 84.85319042409321
214.7596103748224, 9.72948690568586
208.046655320051, 6.712955054771385
37.31996398070066, 170.72669133935034
0.0, 37.31996398070066
0.0, 37.31996398070066
128.95006118541886, 79.09659413463214
0.0, 128.95006118541886
0.0, 128.95006118541886
210.86796501374567, 3.891645361076712
0.0, 210.86796501374567
201.42957978876214, 9.438385224983534
0.0, 201.42957978876214
0.0, 201.42957978876214
216.90663285550667, 7.582464425001575
200.03448940382887, 16.8721434516778
0.0, 200.03448940382887
82.59251380967005, 117.44197559415882
0.0, 82.59251380967005
0.0, 82.59251380967005
210.46984953048278, 6.436783325023896
0.0, 210.46984953048278
0.0, 210.46984953048278
301.20118368184984, 8.14110402275162
277.0874229207577, 24.113760761092124
236.6133446312534, 40.47407828950432
201.15932156829803, 35.45402306295537
0.0, 201.15932156829803
66.93253335991845, 134.22678820837956
0.0, 66.93253335991845
0.0, 66.93253335991845
204.62127228474623, 31.99207234650717
0.0, 204.62127228474623
204.07048306005095, 0.5507892246952792
178.338044420973, 25.73243863907794
0.0, 178.338044420973
109.45881101046282, 68.87923341051018
15.12209778997154, 94.33671322049128
0.0, 15.12209778997154
0.0, 15.12209778997154
40.84965745160206, 68.60915355886075
0.0, 40.84965745160206
9.650056024427771, 31.199601427174294
0.0, 9.650056024427771
0.0, 9.650056024427771
203.5043961705103, 0.5660868895406566
201.1707174276435, 2.3336787428667947
200.3555563739241, 0.8151610537194074
54.562143240409696, 145.79341313351438
0.0, 54.562143240409696
0.0, 54.562143240409696
140.71906400906244, 59.63649236486165
0.0, 140.71906400906244
90.35031880136242, 50.368745207700016
7.516568161983104, 82.83375063937932
0.0, 7.516568161983104
0.0, 7.516568161983104
40.475798705265, 49.87452009609742
0.0, 40.475798705265
0.0, 40.475798705265
200.6066053720596, 0.5641120555839052
0.0, 200.6066053720596
200.55417673847137, 0.05242863358822092
0.0, 200.55417673847137
20.898033910428357, 179.65614282804302
0.0, 20.898033910428357
0.0, 20.898033910428357
201.3782850142857, 2.126111156224596
0.0, 201.3782850142857
0.0, 201.3782850142857
276.153375217912, 0.934047702845703
165.94592832768683, 110.20744689022519
152.417956296816, 13.527972030870842
0.0, 152.417956296816
24.00281272649139, 128.4151435703246
0.0, 24.00281272649139
0.0, 24.00281272649139
155.37593232920437, 10.569995998482455
40.751825425010814, 114.62410690419355
0.0, 40.751825425010814
13.34691268786983, 27.404912737140982
0.0, 13.34691268786983
0.0, 13.34691268786983
99.11094152290914, 56.26499080629523
0.0, 99.11094152290914
62.97706160673227, 36.13387991617687
0.0, 62.97706160673227
0.0, 62.97706160673227
221.023628976513, 55.129746241399005
0.0, 221.023628976513
190.9459490343857, 30.077679942127304
0.0, 190.9459490343857
138.95815561217822, 51.98779342220749
0.0, 138.95815561217822
49.40015297406416, 89.55800263811406
0.0, 49.40015297406416
0.0, 49.40015297406416
288.91351873661233, 12.287664945237509
211.3513648073323, 77.56215392928004
203.19500614019017, 8.156358667142115
14.506278574566442, 188.68872756562374
0.0, 14.506278574566442
0.0, 14.506278574566442
202.92870457675565, 0.26630156343452427
55.369306542916604, 147.55939803383905
0.0, 55.369306542916604
46.70007989174759, 8.669226651169012
0.0, 46.70007989174759
0.0, 46.70007989174759
95.94667205308689, 106.98203252366876
0.0, 95.94667205308689
0.0, 95.94667205308689
204.52732069216134, 6.824044115170949
0.0, 204.52732069216134
202.18152105861284, 2.345799633548495
0.0, 202.18152105861284
91.76657560849912, 110.41494545011372
0.0, 91.76657560849912
54.44637911440555, 37.32019649409357
0.0, 54.44637911440555
0.0, 54.44637911440555
232.13501926100216, 56.778499475610175
48.95516695543724, 183.1798523055649
0.0, 48.95516695543724
0.0, 48.95516695543724
225.59847364800186, 6.5365456130003
95.3106555483798, 130.28781809962206
0.0, 95.3106555483798
68.56257262484897, 26.74808292353083
0.0, 68.56257262484897
0.0, 68.56257262484897
208.3593804410433, 17.239093206958557
201.74654046665427, 6.612839974389033
0.0, 201.74654046665427
0.0, 201.74654046665427
203.80431058656572, 4.55506985447758
201.38964031408705, 2.4146702724786735
0.0, 201.38964031408705
0.0, 201.38964031408705
203.80000585872673, 0.004304727838984945
0.0, 203.80000585872673
0.0, 203.80000585872673
482.58751229888406, 787.878202598831
235.82309142036442, 246.76442087851964
69.88010607522993, 165.9429853451345
0.0, 69.88010607522993
0.0, 69.88010607522993
224.24448548400915, 11.578605936355274
217.37152966941701, 6.872955814592132
71.94079752349478, 145.43073214592224
4.544663900595628, 67.39613362289916
0.0, 4.544663900595628
0.0, 4.544663900595628
14.866987316903908, 57.07381020659087
0.0, 14.866987316903908
0.0, 14.866987316903908
214.44839296627066, 2.923136703146355
0.0, 214.44839296627066
204.15188512873036, 10.296507837540304
0.0, 204.15188512873036
133.00661784282073, 71.14526728590963
0.0, 133.00661784282073
0.0, 133.00661784282073
223.04689268718258, 1.1975927968265694
174.65393670916555, 48.39295597801703
0.0, 174.65393670916555
25.32463294930617, 149.32930375985939
0.0, 25.32463294930617
0.0, 25.32463294930617
203.31210986206824, 19.734782825114337
0.0, 203.31210986206824
41.86336206465062, 161.4487477974176
0.0, 41.86336206465062
0.0, 41.86336206465062
479.6286028718241, 2.9589094270599503
409.36592342952474, 70.26267944229937
204.48438584715726, 204.88153758236749
0.0, 204.48438584715726
200.60972486739198, 3.874660979765281
11.105324799836888, 189.50440006755508
0.0, 11.105324799836888
0.0, 11.105324799836888
128.23989570655147, 72.36982916084051
0.0, 128.23989570655147
47.864270870881754, 80.37562483566971
0.0, 47.864270870881754
10.975819717504399, 36.88845115337735
0.0, 10.975819717504399
0.0, 10.975819717504399
364.40824474229294, 44.957678687231805
299.3594166104529, 65.04882813184003
212.19458440261818, 87.16483220783473
0.0, 212.19458440261818
210.59710387799694, 1.5974805246212327
183.59877687725879, 26.998327000738158
0.0, 183.59877687725879
99.25646714686869, 84.3423097303901
0.0, 99.25646714686869
0.0, 99.25646714686869
202.77900779149255, 7.818096086504397
0.0, 202.77900779149255
53.314842850612294, 149.46416494088027
0.0, 53.314842850612294
5.216637759436124, 48.09820509117617
0.0, 5.216637759436124
0.0, 5.216637759436124
215.95603454538298, 83.40338206506993
200.17864841265705, 15.777386132725923
118.59845792766596, 81.58019048499109
0.0, 118.59845792766596
0.0, 118.59845792766596
164.67479810130135, 35.503850311355706
0.0, 164.67479810130135
123.30143801473217, 41.37336008656918
0.0, 123.30143801473217
24.034289657574238, 99.26714835715794
0.0, 24.034289657574238
0.0, 24.034289657574238
203.00529012529347, 12.950744420089507
41.668714126451405, 161.33657599884208
0.0, 41.668714126451405
12.528026459136182, 29.140687667315223
0.0, 12.528026459136182
5.548511385561495, 6.979515073574687
0.0, 5.548511385561495
0.0, 5.548511385561495
102.31991012218633, 100.68538000310714
0.0, 102.31991012218633
11.240630862108821, 91.07927926007751
0.0, 11.240630862108821
0.0, 11.240630862108821
308.7403686153729, 55.66787612692002
201.61332288164778, 107.12704573372514
0.0, 201.61332288164778
155.84760795733027, 45.76571492431751
0.0, 155.84760795733027
119.50534583974203, 36.342262117588234
0.0, 119.50534583974203
30.58788674394592, 88.91745909579612
0.0, 30.58788674394592
20.43093675745537, 10.156949986490549
0.0, 20.43093675745537
0.0, 20.43093675745537
277.86388284432206, 30.876485771050852
220.89653278924558, 56.96735005507648
19.041162281119114, 201.85537050812647
0.0, 19.041162281119114
10.923068697363158, 8.118093583755956
0.0, 10.923068697363158
0.0, 10.923068697363158
200.68096096121494, 20.215571828030647
0.0, 200.68096096121494
118.47727752379471, 82.20368343742022
0.0, 118.47727752379471
0.0, 118.47727752379471
270.2232090706839, 7.640673773638184
204.61683624818016, 65.60637282250372
0.0, 204.61683624818016
0.0, 204.61683624818016
214.62838638133218, 55.5948226893517
22.71088800937455, 191.91749837195763
0.0, 22.71088800937455
0.0, 22.71088800937455
205.05761947351732, 9.570766907814857
150.54102745675848, 54.516592016758835
0.0, 150.54102745675848
0.0, 150.54102745675848
202.04724232143607, 3.0103771520812472
187.05830490275284, 14.988937418683236
3.9026978962775147, 183.15560700647532
0.0, 3.9026978962775147
0.0, 3.9026978962775147
89.44926171894164, 97.6090431838112
0.0, 89.44926171894164
68.07358741054016, 21.375674308401486
0.0, 68.07358741054016
33.284939939172055, 34.7886474713681
0.0, 33.284939939172055
0.0, 33.284939939172055
200.3305396960379, 1.7167026253981703
63.2876970444211, 137.0428426516168
0.0, 63.2876970444211
0.0, 63.2876970444211
169.71063689511774, 30.61990280092016
15.947135930408527, 153.7635009647092
0.0, 15.947135930408527
0.0, 15.947135930408527
145.8549340254835, 23.855702869634257
0.0, 145.8549340254835
114.87316019745172, 30.981773828031763
0.0, 114.87316019745172
83.6889520496742, 31.184208147777525
0.0, 83.6889520496742
20.47666967421786, 63.21228237545634
0.0, 20.47666967421786
0.0, 20.47666967421786
472.8853216409342, 6.74328123088992
381.7349947056101, 91.15032693532407
237.7905547586178, 143.94443994699233
83.26863740642376, 154.521917352194
27.05137458148329, 56.21726282494048
0.0, 27.05137458148329
0.0, 27.05137458148329
33.93457516439255, 49.334062242031216
0.0, 33.93457516439255
21.699188780228926, 12.235386384163622
0.0, 21.699188780228926
0.0, 21.699188780228926
224.44642067231274, 13.344134086305047
215.21355049882857, 9.232870173484173
0.0, 215.21355049882857
212.12828140084972, 3.085269097978852
206.10482992804893, 6.023451472800787
0.0, 206.10482992804893
203.35446688925427, 2.75036303879466
0.0, 203.35446688925427
203.14839277705383, 0.20607411220044014
201.6158372560148, 1.5325555210390291
88.18477875085662, 113.43105850515818
0.0, 88.18477875085662
29.96126199285456, 58.22351675800206
0.0, 29.96126199285456
0.0, 29.96126199285456
200.876621341986, 0.7392159140287902
0.0, 200.876621341986
27.81973591378319, 173.0568854282028
0.0, 27.81973591378319
0.0, 27.81973591378319
202.341788644478, 0.806604132575842
0.0, 202.341788644478
3.985277987188326, 198.35651065728965
0.0, 3.985277987188326
0.0, 3.985277987188326
206.21149532527042, 5.916786075579296
25.052122472036313, 181.15937285323412
0.0, 25.052122472036313
5.431096242792955, 19.62102622924336
0.0, 5.431096242792955
0.0, 5.431096242792955
201.05414251519292, 5.157352810077498
0.0, 201.05414251519292
0.0, 201.05414251519292
216.41378726861228, 8.032633403700459
109.42087253526874, 106.99291473334354
0.0, 109.42087253526874
49.584142243853194, 59.83673029141555
0.0, 49.584142243853194
0.0, 49.584142243853194
146.16276509127715, 70.25102217733513
0.0, 146.16276509127715
0.0, 146.16276509127715
247.2116642235037, 134.52333048210642
235.32597237385804, 11.885691849645667
220.84914359837668, 14.476828775481351
205.63008016330923, 15.219063435067454
0.0, 205.63008016330923
204.83594057893825, 0.7941395843709813
101.50800019169542, 103.32794038724283
0.0, 101.50800019169542
0.0, 101.50800019169542
202.30106767275242, 2.534872906185825
0.0, 202.30106767275242
201.2761017309365, 1.0249659418159354
0.0, 201.2761017309365
0.0, 201.2761017309365
210.92521314456562, 9.923930453811067
0.0, 210.92521314456562
207.2862848376571, 3.638928306908525
41.09938879778406, 166.18689603987303
0.0, 41.09938879778406
0.0, 41.09938879778406
100.53973167710521, 106.74655316055188
0.0, 100.53973167710521
29.661521122697422, 70.87821055440779
0.0, 29.661521122697422
0.0, 29.661521122697422
222.87332541468004, 12.452646959177997
218.13943085321924, 4.733894561460801
207.06172571664433, 11.077705136574906
0.0, 207.06172571664433
205.97118678906125, 1.0905389275830828
155.8480484573143, 50.12313833174696
3.049628727661638, 152.79841972965266
0.0, 3.049628727661638
0.0, 3.049628727661638
104.9289592176665, 50.91908923964779
0.0, 104.9289592176665
55.624043262312476, 49.304915955354026
2.1389490261663213, 53.48509423614615
0.0, 2.1389490261663213
0.0, 2.1389490261663213
47.46567249093416, 8.158370771378316
0.0, 47.46567249093416
0.0, 47.46567249093416
203.37830127615473, 2.59288551290652
0.0, 203.37830127615473
131.99990002755877, 71.37840124859596
0.0, 131.99990002755877
0.0, 131.99990002755877
215.53957735046725, 2.5998535027519836
204.04408271398515, 11.495494636482107
0.0, 204.04408271398515
203.31502270858098, 0.7290600054041647
0.0, 203.31502270858098
148.32474737621394, 54.99027533236705
82.1487609200791, 66.17598645613484
0.0, 82.1487609200791
68.15736705287013, 13.99139386720897
0.0, 68.15736705287013
0.0, 68.15736705287013
111.78697506510943, 36.537772311104504
0.0, 111.78697506510943
0.0, 111.78697506510943
206.2029793844516, 9.33659796601566
200.54276340940677, 5.660215975044821
0.0, 200.54276340940677
166.36108453247155, 34.18167887693522
0.0, 166.36108453247155
55.526786735682556, 110.834297796789
0.0, 55.526786735682556
0.0, 55.526786735682556
200.69563990211293, 5.507339482338665
0.0, 200.69563990211293
150.32916935674984, 50.366470545363086
0.0, 150.32916935674984
0.0, 150.32916935674984
220.49361900135966, 2.3797064133203776
205.3129121159865, 15.180706885373155
82.34555081354623, 122.96736130244028
0.0, 82.34555081354623
0.0, 82.34555081354623
181.9654145025997, 23.347497613386793
0.0, 181.9654145025997
131.84937073340632, 50.116043769193396
0.0, 131.84937073340632
27.410916965855257, 104.43845376755107
0.0, 27.410916965855257
0.0, 27.410916965855257
215.85861217185953, 4.635006829500128
203.12809529794606, 12.730516873913473
192.84615985385102, 10.28193544409504
0.0, 192.84615985385102
0.0, 192.84615985385102
201.68530797581147, 1.442787322134592
0.0, 201.68530797581147
133.05764930990455, 68.62765866590692
0.0, 133.05764930990455
49.645836916493835, 83.41181239341071
0.0, 49.645836916493835
6.247757636161219, 43.39807928033262
0.0, 6.247757636161219
0.0, 6.247757636161219
215.85164304472764, 0.0069691271318959025
0.0, 215.85164304472764
119.96777254023456, 95.88387050449307
0.0, 119.96777254023456
0.0, 119.96777254023456
242.90313296417986, 4.308531259323843
203.4359988337592, 39.467134130420675
0.0, 203.4359988337592
68.76938286782743, 134.66661596593175
0.0, 68.76938286782743
50.2674997534483, 18.501883114379133
0.0, 50.2674997534483
0.0, 50.2674997534483
206.62326861711014, 36.27986434706972
0.0, 206.62326861711014
31.456276453114043, 175.1669921639961
0.0, 31.456276453114043
0.0, 31.456276453114043
407.6884278513788, 65.19689378955542
310.2301987308453, 97.45822912053347
234.6626006341449, 75.56759809670041
209.30583348058377, 25.356767153561123
0.0, 209.30583348058377
208.07205408616068, 1.2337793944230953
0.0, 208.07205408616068
207.83028679892703, 0.2417672872336425
96.40464946171346, 111.42563733721357
0.0, 96.40464946171346
38.131631384466196, 58.273018077247265
0.0, 38.131631384466196
0.0, 38.131631384466196
207.73888418983563, 0.09140260909140352
205.031921720256, 2.706962469579622
0.0, 205.031921720256
201.8332506112217, 3.198671109034308
0.0, 201.8332506112217
0.0, 201.8332506112217
207.050083382744, 0.6888008070916385
203.40891617387265, 3.6411672088713374
47.19175921329603, 156.21715696057663
4.146900897277893, 43.044858316018136
0.0, 4.146900897277893
0.0, 4.146900897277893
35.20603561634768, 11.985723596948354
0.0, 35.20603561634768
31.831529933644493, 3.374505682703184
0.0, 31.831529933644493
0.0, 31.831529933644493
154.68445734081075, 48.7244588330619
0.0, 154.68445734081075
127.50451139621828, 27.179945944592475
0.0, 127.50451139621828
29.783606281347506, 97.72090511487077
0.0, 29.783606281347506
0.0, 29.783606281347506
206.89121732981667, 0.1588660529273227
0.0, 206.89121732981667
202.2272164030385, 4.664000926778158
0.0, 202.2272164030385
93.79392522402547, 108.43329117901304
0.0, 93.79392522402547
75.03336699669217, 18.760558227333306
0.0, 75.03336699669217
0.0, 75.03336699669217
217.55030537038337, 17.112295263761524
38.69909917972157, 178.8512061906618
1.880823874632253, 36.818275305089315
0.0, 1.880823874632253
0.0, 1.880823874632253
27.682548715673178, 11.016550464048393
0.0, 27.682548715673178
0.0, 27.682548715673178
97.58368480576333, 119.96662056462004
0.0, 97.58368480576333
87.59134704420256, 9.992337761560762
0.0, 87.59134704420256
0.0, 87.59134704420256
251.15507923584988, 59.07511949499542
150.1176844720201, 101.03739476382978
0.0, 150.1176844720201
0.0, 150.1176844720201
200.58158133537637, 50.57349790047351
49.570845828582556, 151.01073550679382
0.0, 49.570845828582556
0.0, 49.570845828582556
70.41190991304478, 130.1696714223316
0.0, 70.41190991304478
0.0, 70.41190991304478
335.1174589484116, 72.5709689029672
81.49644851598616, 253.6210104324254
1.8472608089064488, 79.6491877070797
0.0, 1.8472608089064488
0.0, 1.8472608089064488
56.87724359247281, 24.61920492351335
0.0, 56.87724359247281
0.0, 56.87724359247281
253.14421082182977, 81.97324812658181
216.79074344924396, 36.35346737258581
0.0, 216.79074344924396
0.0, 216.79074344924396
248.48974716209838, 4.654463659731391
0.0, 248.48974716209838
200.01106525529067, 48.47868190680771
0.0, 200.01106525529067
72.65453600113831, 127.35652925415236
0.0, 72.65453600113831
0.0, 72.65453600113831
