node_generations, branch_length
542.7025874621038, 15022.02868055452
411.1966954198031, 131.50589204230067
255.00998980168825, 156.18670561811487
215.03711060473614, 39.97287919695211
205.49146573932185, 9.545644865414289
0.0, 205.49146573932185
93.5975214172295, 111.89394432209235
0.0, 93.5975214172295
91.63612491717143, 1.961396500058072
0.0, 91.63612491717143
0.0, 91.63612491717143
213.69980090944838, 1.3373096952877574
0.0, 213.69980090944838
145.03715539343423, 68.66264551601415
15.214282728410051, 129.8228726650242
0.0, 15.214282728410051
0.0, 15.214282728410051
121.84122382165982, 23.19593157177441
0.0, 121.84122382165982
0.0, 121.84122382165982
230.37100948871506, 24.63898031297319
225.1139600201251, 5.257049468589969
78.82387932841814, 146.29008069170695
40.06441892722833, 38.75946040118981
0.0, 40.06441892722833
39.393564612826516, 0.6708543144018151
0.0, 39.393564612826516
0.0, 39.393564612826516
44.46468820027736, 34.359191128140786
0.0, 44.46468820027736
0.0, 44.46468820027736
200.43793114730937, 24.67602887281572
0.0, 200.43793114730937
130.2061053277327, 70.23182581957667
0.0, 130.2061053277327
62.21532989956972, 67.99077542816298
0.0, 62.21532989956972
0.0, 62.21532989956972
229.70380877845727, 0.6672007102577879
99.71693113772204, 129.98687764073523
0.0, 99.71693113772204
11.920072725209582, 87.79685841251246
0.0, 11.920072725209582
11.397842130121045, 0.5222305950885371
0.0, 11.397842130121045
0.0, 11.397842130121045
215.46091665171298, 14.242892126744295
184.01778224932116, 31.44313440239182
0.0, 184.01778224932116
164.0568461368552, 19.96093611246596
0.0, 164.0568461368552
42.90266826097715, 121.15417787587805
0.0, 42.90266826097715
4.982189858593754, 37.920478402383395
0.0, 4.982189858593754
0.0, 4.982189858593754
206.24462384271263, 9.21629280900035
0.0, 206.24462384271263
181.75419592997721, 24.490427912735413
0.0, 181.75419592997721
88.31734077995317, 93.43685515002404
0.0, 88.31734077995317
40.85781797393848, 47.45952280601469
0.0, 40.85781797393848
29.787531609782295, 11.070286364156185
0.0, 29.787531609782295
0.0, 29.787531609782295
361.73259820197313, 49.46409721782999
234.1123738783788, 127.62022432359433
10.994535280385566, 223.11783859799323
0.0, 10.994535280385566
0.0, 10.994535280385566
132.50401013996103, 101.60836373841778
0.0, 132.50401013996103
16.363071203410183, 116.14093893655084
0.0, 16.363071203410183
0.0, 16.363071203410183
342.92046725174845, 18.812130950224685
261.3158213627131, 81.60464588903534
257.84963805578974, 3.4661833069233694
210.35292039532047, 47.49671766046927
208.6535598552493, 1.6993605400711544
201.0138758590514, 7.639683996197903
0.0, 201.0138758590514
154.33744879471158, 46.67642706433983
0.0, 154.33744879471158
111.794332131327, 42.54311666338458
0.0, 111.794332131327
106.86540178101909, 4.928930350307908
0.0, 106.86540178101909
0.0, 106.86540178101909
205.85320356858057, 2.8003562866687446
23.97484343018934, 181.87836013839123
0.0, 23.97484343018934
2.6846140836662427, 21.290229346523095
0.0, 2.6846140836662427
0.0, 2.6846140836662427
65.76916783289035, 140.08403573569024
0.0, 65.76916783289035
36.9303477504283, 28.83882008246205
0.0, 36.9303477504283
0.0, 36.9303477504283
209.23941184748665, 1.113508547833817
203.43680827934648, 5.802603568140171
200.7256652891862, 2.7111429901602833
0.0, 200.7256652891862
0.0, 200.7256652891862
201.13873756565968, 2.2980707136867977
0.0, 201.13873756565968
6.238717790809781, 194.9000197748499
0.0, 6.238717790809781
0.0, 6.238717790809781
208.85943130210907, 0.3799805453775775
54.74887110060326, 154.11056020150582
0.0, 54.74887110060326
0.0, 54.74887110060326
163.61040094237794, 45.24903035973114
0.0, 163.61040094237794
129.3101033221028, 34.30029762027513
0.0, 129.3101033221028
0.0, 129.3101033221028
237.76056062024958, 20.089077435540162
213.88192324763344, 23.87863737261614
203.2671383313652, 10.614784916268235
0.0, 203.2671383313652
203.12349760511108, 0.1436407262541195
0.0, 203.12349760511108
122.86059822723276, 80.26289937787833
20.806144778269804, 102.05445344896296
0.0, 20.806144778269804
0.0, 20.806144778269804
100.62445192078124, 22.236146306451516
0.0, 100.62445192078124
0.0, 100.62445192078124
212.12213001357537, 1.7597932340580655
189.58711326240063, 22.535016751174737
0.0, 189.58711326240063
141.13597375144315, 48.45113951095749
0.0, 141.13597375144315
124.7544413633009, 16.381532388142247
0.0, 124.7544413633009
0.0, 124.7544413633009
207.25246930262517, 4.8696607109502
202.32675198579258, 4.925717316832589
0.0, 202.32675198579258
59.26752488585319, 143.0592270999394
0.0, 59.26752488585319
21.809882157279645, 37.457642728573546
0.0, 21.809882157279645
0.0, 21.809882157279645
204.07985140356092, 3.1726178990642495
201.1008499824812, 2.9790014210797153
0.0, 201.1008499824812
0.0, 201.1008499824812
203.54612540292047, 0.5337260006404563
0.0, 203.54612540292047
0.0, 203.54612540292047
225.70083495587272, 12.059725664376856
0.0, 225.70083495587272
214.66612546234813, 11.034709493524588
0.0, 214.66612546234813
210.6387553387579, 4.027370123590231
164.63907430357784, 45.99968103518006
55.932352851059015, 108.70672145251882
0.0, 55.932352851059015
43.57848616953669, 12.353866681522327
0.0, 43.57848616953669
31.913031718168572, 11.665454451368117
0.0, 31.913031718168572
0.0, 31.913031718168572
147.17522340389954, 17.463850899678306
0.0, 147.17522340389954
5.988077783788018, 141.18714562011152
0.0, 5.988077783788018
0.0, 5.988077783788018
194.95014859134812, 15.688606747409779
0.0, 194.95014859134812
62.61220890454724, 132.3379396868009
0.0, 62.61220890454724
0.0, 62.61220890454724
261.05491032649337, 0.26091103621973843
248.08738875037952, 12.967521576113853
119.10506556516536, 128.98232318521417
0.0, 119.10506556516536
44.875929664505705, 74.22913590065966
0.0, 44.875929664505705
15.101452886273185, 29.77447677823252
0.0, 15.101452886273185
0.0, 15.101452886273185
223.65779950545996, 24.429589244919555
202.67990018004153, 20.977899325418434
4.464932790002567, 198.21496739003896
0.0, 4.464932790002567
0.0, 4.464932790002567
200.3096963548995, 2.3702038251420277
0.0, 200.3096963548995
0.0, 200.3096963548995
221.03369996497065, 2.6240995404893113
59.50861692379589, 161.52508304117475
0.0, 59.50861692379589
29.79135823159251, 29.71725869220338
0.0, 29.79135823159251
2.3728231231399293, 27.41853510845258
0.0, 2.3728231231399293
0.0, 2.3728231231399293
206.1464586016276, 14.887241363343065
0.0, 206.1464586016276
167.97543498871443, 38.17102361291316
38.19873430569211, 129.7767006830223
0.0, 38.19873430569211
0.0, 38.19873430569211
159.04181989175282, 8.933615096961603
0.0, 159.04181989175282
0.0, 159.04181989175282
252.3223626568178, 8.732547669675569
0.0, 252.3223626568178
214.12489795349896, 38.19746470331884
0.0, 214.12489795349896
210.17312585293683, 3.951772100562124
205.69093453255226, 4.4821913203845725
32.315922520709236, 173.375012011843
0.0, 32.315922520709236
0.3621753877352448, 31.95374713297399
0.0, 0.3621753877352448
0.0, 0.3621753877352448
202.10260556715292, 3.5883289653993415
0.0, 202.10260556715292
0.0, 202.10260556715292
206.36979826708068, 3.8033275858561524
202.6377135972033, 3.732084669877395
174.71197086091604, 27.925742736287248
162.6454119690363, 12.066558891879737
0.0, 162.6454119690363
65.39347091731396, 97.25194105172234
0.0, 65.39347091731396
0.0, 65.39347091731396
164.4505634261836, 10.261407434732433
0.0, 164.4505634261836
38.86569280159325, 125.58487062459037
0.0, 38.86569280159325
0.0, 38.86569280159325
202.41355161548577, 0.2241619817175149
74.12257673897236, 128.29097487651342
0.0, 74.12257673897236
0.0, 74.12257673897236
201.19374213613068, 1.2198094793550922
0.0, 201.19374213613068
0.0, 201.19374213613068
204.56734308503403, 1.802455182046657
137.89522791866395, 66.67211516637008
0.0, 137.89522791866395
0.0, 137.89522791866395
200.07020684680975, 4.497136238224272
0.0, 200.07020684680975
109.67566042248104, 90.39454642432871
0.0, 109.67566042248104
0.0, 109.67566042248104
290.8927831967311, 52.027684055017346
257.20607113531725, 33.68671206141386
213.28140571907971, 43.92466541623753
206.87319364243137, 6.40821207664834
103.59737372991033, 103.27581991252104
0.0, 103.59737372991033
102.55345397312205, 1.0439197567882843
0.0, 102.55345397312205
94.14065250431564, 8.412801468806407
0.0, 94.14065250431564
13.92914054169156, 80.21151196262409
0.0, 13.92914054169156
0.0, 13.92914054169156
204.56722702853085, 2.305966613900523
0.0, 204.56722702853085
200.51370840626956, 4.053518622261294
139.6270644811053, 60.886643925164265
0.0, 139.6270644811053
80.20293691406259, 59.4241275670427
0.0, 80.20293691406259
12.020719143462925, 68.18221777059966
0.0, 12.020719143462925
0.0, 12.020719143462925
170.2872425116505, 30.226465894619054
49.75343367532138, 120.53380883632911
0.0, 49.75343367532138
0.0, 49.75343367532138
59.73815056730399, 110.54909194434651
0.0, 59.73815056730399
0.0, 59.73815056730399
208.31233726934337, 4.969068449736341
204.18092999595552, 4.13140727338785
95.43720689242477, 108.74372310353075
0.0, 95.43720689242477
56.34406241672936, 39.09314447569541
0.0, 56.34406241672936
51.90400568089178, 4.4400567358375795
0.0, 51.90400568089178
0.0, 51.90400568089178
204.17735297447655, 0.0035770214789749843
79.91632930181099, 124.26102367266556
0.0, 79.91632930181099
3.5266746847481634, 76.38965461706283
0.0, 3.5266746847481634
0.0, 3.5266746847481634
200.55598972160539, 3.621363252871163
134.251432957278, 66.30455676432737
0.0, 134.251432957278
0.0, 134.251432957278
167.15872239257325, 33.39726732903213
0.0, 167.15872239257325
0.0, 167.15872239257325
205.67403284654145, 2.638304422801923
0.0, 205.67403284654145
201.20593815931232, 4.468094687229126
0.0, 201.20593815931232
184.66405058960808, 16.541887569704244
0.0, 184.66405058960808
111.8419371307755, 72.82211345883258
0.0, 111.8419371307755
0.0, 111.8419371307755
253.371812340915, 3.8342587944022455
213.06811139278562, 40.303700948129375
0.0, 213.06811139278562
211.5059287105517, 1.5621826822339244
0.0, 211.5059287105517
210.001173074135, 1.5047556364166894
0.0, 210.001173074135
208.8811758321303, 1.1199972420047004
0.0, 208.8811758321303
200.10294879618073, 8.778227035949584
0.0, 200.10294879618073
159.82255034655756, 40.28039844962316
0.0, 159.82255034655756
0.0, 159.82255034655756
247.55605437493438, 5.815757965980623
226.3098399622827, 21.246214412651682
200.1932947068581, 26.116545255424597
0.0, 200.1932947068581
161.60322240123202, 38.59007230562608
32.45943845788205, 129.14378394334997
0.0, 32.45943845788205
3.799191222045303, 28.66024723583675
0.0, 3.799191222045303
0.0, 3.799191222045303
156.8180009488602, 4.785221452371815
0.0, 156.8180009488602
91.21488238895503, 65.60311855990517
54.081294305989374, 37.13358808296566
0.0, 54.081294305989374
0.0, 54.081294305989374
67.37496013870727, 23.839922250247767
0.0, 67.37496013870727
0.0, 67.37496013870727
203.61315961021575, 22.69668035206695
0.0, 203.61315961021575
202.01971019522853, 1.5934494149872194
0.0, 202.01971019522853
0.0, 202.01971019522853
246.38145210887862, 1.1746022660557571
208.18260092918266, 38.198851179695964
202.39862800498366, 5.7839729241989914
0.0, 202.39862800498366
0.0, 202.39862800498366
207.80583870741782, 0.3767622217648352
201.27227673501355, 6.5335619724042715
0.0, 201.27227673501355
0.0, 201.27227673501355
204.25787082178397, 3.5479678856338523
0.0, 204.25787082178397
151.79002929074548, 52.46784153103849
0.0, 151.79002929074548
0.0, 151.79002929074548
234.53009098502974, 11.851361123848875
215.66165561824454, 18.868435366785206
0.0, 215.66165561824454
148.1694510774489, 67.49220454079563
0.0, 148.1694510774489
104.21330151349747, 43.95614956395144
0.0, 104.21330151349747
66.4392021648961, 37.77409934860137
0.0, 66.4392021648961
52.199160601668304, 14.240041563227798
0.0, 52.199160601668304
21.93934956758876, 30.259811034079544
0.0, 21.93934956758876
4.776036936547091, 17.16331263104167
0.0, 4.776036936547091
0.0, 4.776036936547091
220.67716459074282, 13.852926394286925
200.0675678940212, 20.60959669672161
0.0, 200.0675678940212
0.0, 200.0675678940212
205.601697574647, 15.075467016095814
0.0, 205.601697574647
9.95853105227818, 195.64316652236883
0.0, 9.95853105227818
0.0, 9.95853105227818
260.38604054709964, 30.506742649631462
208.48846060617518, 51.89757994092446
26.948951057188008, 181.53950954898718
0.0, 26.948951057188008
0.0, 26.948951057188008
208.14444672203712, 0.34401388413806444
8.934393293608974, 199.21005342842815
0.0, 8.934393293608974
0.0, 8.934393293608974
202.1575102394512, 5.986936482585918
200.7228524659257, 1.4346577735254868
0.0, 200.7228524659257
192.97021362215838, 7.752638843767329
0.0, 192.97021362215838
47.48208489473784, 145.48812872742053
0.0, 47.48208489473784
6.890464221368428, 40.59162067336941
0.0, 6.890464221368428
0.0, 6.890464221368428
202.12103394463588, 0.03647629481531567
0.0, 202.12103394463588
0.0, 202.12103394463588
212.94728040475732, 47.43876014234232
0.0, 212.94728040475732
202.6616795811942, 10.28560082356313
20.631904363585996, 182.0297752176082
0.0, 20.631904363585996
6.503346142909638, 14.128558220676357
0.0, 6.503346142909638
0.0, 6.503346142909638
46.764334459078306, 155.8973451221159
0.0, 46.764334459078306
0.0, 46.764334459078306
531.7036254807249, 10.998961981378898
0.0, 531.7036254807249
303.0924823415214, 228.61114313920348
280.93323990095007, 22.159242440571347
204.7287862453642, 76.20445365558587
57.97435269292005, 146.75443355244414
0.0, 57.97435269292005
1.770626932339925, 56.20372576058013
0.0, 1.770626932339925
0.0, 1.770626932339925
193.0538250586966, 11.674961186667616
0.0, 193.0538250586966
41.08618812316483, 151.96763693553174
0.0, 41.08618812316483
0.0, 41.08618812316483
267.4710535557588, 13.462186345191299
203.40833296883312, 64.06272058692565
0.0, 203.40833296883312
200.8481562692596, 2.5601766995735318
0.0, 200.8481562692596
172.64652755661422, 28.201628712645373
66.45998779636521, 106.186539760249
0.0, 66.45998779636521
37.7433573040546, 28.716630492310614
0.0, 37.7433573040546
0.0, 37.7433573040546
167.46565444688338, 5.18087310973084
0.0, 167.46565444688338
0.0, 167.46565444688338
239.32306713719433, 28.147986418564443
200.60393050249445, 38.71913663469988
0.0, 200.60393050249445
8.882566148212883, 191.72136435428158
0.0, 8.882566148212883
1.8287863319561903, 7.053779816256692
0.0, 1.8287863319561903
0.0, 1.8287863319561903
222.02846251238398, 17.294604624810347
200.71644509051265, 21.31201742187133
13.669389340766736, 187.0470557497459
0.0, 13.669389340766736
0.0, 13.669389340766736
72.46212777674523, 128.25431731376742
0.0, 72.46212777674523
41.41547553621388, 31.04665224053135
0.0, 41.41547553621388
0.0, 41.41547553621388
205.1262710890045, 16.90219142337949
137.4671330352438, 67.6591380537607
0.0, 137.4671330352438
96.81354746919759, 40.6535855660462
0.0, 96.81354746919759
44.312176756345366, 52.50137071285222
0.0, 44.312176756345366
24.013195398229037, 20.29898135811633
0.0, 24.013195398229037
0.0, 24.013195398229037
200.39888445664636, 4.727386632358133
0.0, 200.39888445664636
123.98727837803392, 76.41160607861244
36.10402293185191, 87.883255446182
0.0, 36.10402293185191
0.0, 36.10402293185191
53.47077904850738, 70.51649932952654
0.0, 53.47077904850738
41.291935728794705, 12.178843319712676
5.183348150681063, 36.10858757811364
0.0, 5.183348150681063
0.0, 5.183348150681063
7.911417194370186, 33.38051853442452
0.0, 7.911417194370186
0.0, 7.911417194370186
288.7510321962738, 14.34145014524762
256.69081730036504, 32.06021489590876
224.69024383528557, 32.00057346507947
0.0, 224.69024383528557
206.01731284717917, 18.6729309881064
182.95364320532505, 23.06366964185412
75.25081951652798, 107.70282368879707
0.0, 75.25081951652798
0.0, 75.25081951652798
138.4716650441418, 44.481978161183264
48.661560817483824, 89.81010422665796
0.0, 48.661560817483824
0.0, 48.661560817483824
110.09375376210322, 28.377911282038568
0.0, 110.09375376210322
0.0, 110.09375376210322
202.56320975623515, 3.4541030909440167
21.001847349576998, 181.56136240665816
0.0, 21.001847349576998
0.0, 21.001847349576998
132.83692997179213, 69.72627978444302
96.40683783356779, 36.43009213822434
0.0, 96.40683783356779
57.72762271530893, 38.67921511825886
0.0, 57.72762271530893
14.35784654089207, 43.36977617441686
0.0, 14.35784654089207
0.0, 14.35784654089207
132.1929006407197, 0.6440293310724314
0.0, 132.1929006407197
90.65998571967032, 41.53291492104938
0.0, 90.65998571967032
0.0, 90.65998571967032
244.73502021216092, 11.955797088204122
211.88075097765434, 32.854269234506575
0.0, 211.88075097765434
205.00631507224256, 6.8744359054117865
56.01317985954619, 148.99313521269636
0.0, 56.01317985954619
0.0, 56.01317985954619
202.8527854391291, 2.1535296331134646
0.0, 202.8527854391291
129.2954901694025, 73.55729526972658
0.0, 129.2954901694025
62.08351340217004, 67.21197676723247
0.0, 62.08351340217004
50.27650220240929, 11.807011199760751
0.0, 50.27650220240929
0.0, 50.27650220240929
217.22107754580364, 27.51394266635728
200.37200569478276, 16.84907185102088
93.3853904055781, 106.98661528920466
0.0, 93.3853904055781
53.69748811499032, 39.68790229058777
0.0, 53.69748811499032
0.0, 53.69748811499032
194.1215556180205, 6.250450076762263
0.0, 194.1215556180205
87.48697955005058, 106.63457606796992
0.0, 87.48697955005058
24.242452560269147, 63.244526989781434
0.0, 24.242452560269147
0.0, 24.242452560269147
212.43355739338224, 4.7875201524213935
205.12833239487838, 7.30522499850386
0.0, 205.12833239487838
178.17383792798364, 26.954494466894744
0.0, 178.17383792798364
106.52391957136588, 71.64991835661776
32.396804001118326, 74.12711557024755
0.0, 32.396804001118326
0.0, 32.396804001118326
36.43556693365099, 70.08835263771489
0.0, 36.43556693365099
0.0, 36.43556693365099
207.78784364112164, 4.645713752260605
0.0, 207.78784364112164
0.0, 207.78784364112164
280.22498701021675, 8.526045186057047
257.43235956203125, 22.7926274481855
218.75242689475502, 38.67993266727623
208.26919438894222, 10.483232505812794
0.0, 208.26919438894222
200.00533154949693, 8.263862839445295
0.0, 200.00533154949693
0.0, 200.00533154949693
215.66411593497943, 3.0883109597755833
0.0, 215.66411593497943
214.03794514566752, 1.6261707893119137
202.3689281659347, 11.669016979732817
64.47980017461673, 137.889127991318
0.0, 64.47980017461673
0.0, 64.47980017461673
200.6819480367795, 1.6869801291552164
0.0, 200.6819480367795
200.37583041188546, 0.3061176248940285
0.0, 200.37583041188546
47.41397159727176, 152.9618588146137
0.0, 47.41397159727176
0.0, 47.41397159727176
211.39121102218053, 2.6467341234869934
0.0, 211.39121102218053
200.45354119880383, 10.937669823376694
0.0, 200.45354119880383
169.36908051109822, 31.084460687705615
108.22586421496507, 61.14321629613315
0.0, 108.22586421496507
98.12536995913702, 10.100494255828053
0.0, 98.12536995913702
4.002237445090092, 94.12313251404693
0.0, 4.002237445090092
0.0, 4.002237445090092
146.93523289960604, 22.433847611492183
17.716498835170846, 129.21873406443518
0.0, 17.716498835170846
0.0, 17.716498835170846
107.38254853760137, 39.55268436200467
0.0, 107.38254853760137
0.0, 107.38254853760137
242.2785864943477, 15.153773067683545
212.47854751010811, 29.800038984239592
163.88989326417436, 48.58865424593375
0.0, 163.88989326417436
162.60528081930352, 1.2846124448708451
38.59147213221015, 124.01380868709336
0.0, 38.59147213221015
24.264825204361966, 14.326646927848184
0.0, 24.264825204361966
11.815000904769837, 12.449824299592128
0.0, 11.815000904769837
0.0, 11.815000904769837
104.45635398609495, 58.14892683320856
0.0, 104.45635398609495
68.9364260815388, 35.519927904556155
0.0, 68.9364260815388
50.642136207485905, 18.294289874052893
0.0, 50.642136207485905
0.0, 50.642136207485905
200.69880125041146, 11.779746259696651
0.0, 200.69880125041146
0.0, 200.69880125041146
220.79217110087328, 21.48641539347443
210.2995180607706, 10.492653040102681
169.91406864794698, 40.38544941282362
0.0, 169.91406864794698
53.983859494178624, 115.93020915376835
0.0, 53.983859494178624
38.06690240788255, 15.916957086296073
0.0, 38.06690240788255
0.0, 38.06690240788255
202.57077946191467, 7.7287385988559265
0.0, 202.57077946191467
175.82544416895848, 26.745335292956185
38.90573198801881, 136.91971218093968
0.0, 38.90573198801881
0.0, 38.90573198801881
133.97544964073376, 41.84999452822473
94.4881110432088, 39.48733859752495
0.0, 94.4881110432088
0.0, 94.4881110432088
128.5302161392102, 5.445233501523546
76.17299960083452, 52.357216538375695
0.0, 76.17299960083452
0.0, 76.17299960083452
77.22288523038847, 51.30733090882174
0.0, 77.22288523038847
38.59138828027665, 38.631496950111824
0.0, 38.59138828027665
0.0, 38.59138828027665
214.27359386427693, 6.518577236596343
202.74778905157748, 11.525804812699448
129.17180692769372, 73.57598212388376
0.0, 129.17180692769372
0.0, 129.17180692769372
201.26015590058662, 1.4876331509908596
0.0, 201.26015590058662
0.0, 201.26015590058662
210.60658150611053, 3.667012358166403
0.0, 210.60658150611053
203.34303782747426, 7.2635436786362675
0.0, 203.34303782747426
115.44944225416495, 87.89359557330931
0.0, 115.44944225416495
0.0, 115.44944225416495
260.4459047771502, 19.77908223306656
205.9091967768767, 54.53670800027348
0.0, 205.9091967768767
196.0949661440743, 9.814230632802406
0.0, 196.0949661440743
172.4233584940422, 23.671607650032115
21.370103181754097, 151.0532553122881
0.0, 21.370103181754097
0.0, 21.370103181754097
46.76291843655133, 125.66044005749086
0.0, 46.76291843655133
20.093036005553067, 26.669882430998264
0.0, 20.093036005553067
6.151093835844579, 13.941942169708488
0.0, 6.151093835844579
1.0702003380933414, 5.080893497751237
0.0, 1.0702003380933414
0.0, 1.0702003380933414
251.715125941218, 8.730778835932199
209.92999488546624, 41.78513105575175
203.93240503074438, 5.997589854721866
125.40781253060426, 78.52459250014012
0.0, 125.40781253060426
29.990613719415215, 95.41719881118905
0.0, 29.990613719415215
9.098582799185857, 20.89203092022936
0.0, 9.098582799185857
0.0, 9.098582799185857
168.11108160780432, 35.821323422940054
0.0, 168.11108160780432
46.007780016674, 122.10330159113033
0.0, 46.007780016674
0.0, 46.007780016674
205.13667349770364, 4.793321387762603
0.0, 205.13667349770364
0.0, 205.13667349770364
222.24676801597118, 29.468357925246806
202.8363256872682, 19.410442328703
0.0, 202.8363256872682
176.37678643596212, 26.45953925130607
0.0, 176.37678643596212
64.36268621515393, 112.01410022080819
0.0, 64.36268621515393
0.0, 64.36268621515393
220.4665715730115, 1.7801964429596921
205.02641451565293, 15.440157057358562
99.64521226845875, 105.38120224719418
0.0, 99.64521226845875
27.961837356181626, 71.68337491227712
0.0, 27.961837356181626
0.0, 27.961837356181626
178.44254742240318, 26.58386709324975
0.0, 178.44254742240318
110.41872754044851, 68.02381988195467
16.39753148274084, 94.02119605770767
0.0, 16.39753148274084
0.0, 16.39753148274084
40.54147323089221, 69.8772543095563
0.0, 40.54147323089221
23.09175698978084, 17.449716241111368
0.0, 23.09175698978084
2.6815584500220617, 20.410198539758778
0.0, 2.6815584500220617
0.0, 2.6815584500220617
206.96749317210714, 13.499078400904352
0.0, 206.96749317210714
202.9062775756544, 4.06121559645274
0.0, 202.9062775756544
190.38610976816682, 12.520167807487582
0.0, 190.38610976816682
0.0, 190.38610976816682
3381.910412173743, 12182.82085584288
534.1826745822655, 2847.7277375914778
303.690767153707, 230.49190742855848
0.0, 303.690767153707
210.7997807758836, 92.8909863778234
200.97905563194385, 9.82072514393974
0.0, 200.97905563194385
0.0, 200.97905563194385
207.03460847635478, 3.765172299528814
115.16733296547652, 91.86727551087826
0.0, 115.16733296547652
32.85604381660456, 82.31128914887196
0.0, 32.85604381660456
0.0, 32.85604381660456
203.04431324501007, 3.990295231344703
150.91192400021717, 52.132389244792904
0.0, 150.91192400021717
0.0, 150.91192400021717
197.7392658174637, 5.305047427546384
0.0, 197.7392658174637
87.44794643032452, 110.29131938713917
0.0, 87.44794643032452
63.51635399703437, 23.93159243329015
0.0, 63.51635399703437
14.459810574712797, 49.056543422321575
0.0, 14.459810574712797
2.2571189992900647, 12.202691575422733
0.0, 2.2571189992900647
0.0, 2.2571189992900647
386.3729972274473, 147.80967735481818
251.71806312126347, 134.65493410618382
213.40709658124413, 38.310966540019336
203.67447004715416, 9.732626534089974
172.27962492394684, 31.39484512320732
0.0, 172.27962492394684
0.0, 172.27962492394684
179.9855416977246, 23.688928349429546
0.0, 179.9855416977246
107.34691734407869, 72.63862435364592
0.0, 107.34691734407869
72.87191374460531, 34.47500359947338
0.0, 72.87191374460531
0.0, 72.87191374460531
211.5804424695158, 1.8266541117283452
0.0, 211.5804424695158
105.22060669735026, 106.35983577216552
0.0, 105.22060669735026
0.0, 105.22060669735026
251.10325372009288, 0.6148094011705894
0.0, 251.10325372009288
249.21810893277183, 1.8851447873210532
215.81470677566296, 33.40340215710887
77.73871059205153, 138.07599618361144
0.0, 77.73871059205153
41.07026608405717, 36.668444507994366
0.0, 41.07026608405717
0.0, 41.07026608405717
141.45766374099384, 74.35704303466912
0.0, 141.45766374099384
114.8067471597351, 26.65091658125874
0.0, 114.8067471597351
12.439095018803684, 102.36765214093141
0.0, 12.439095018803684
0.0, 12.439095018803684
227.9741780131609, 21.243930919610932
206.99829953397472, 20.97587847918618
200.41521519965798, 6.583084334316737
0.0, 200.41521519965798
0.0, 200.41521519965798
205.24138242877925, 1.7569171051954697
0.0, 205.24138242877925
169.83196104468448, 35.40942138409477
0.0, 169.83196104468448
19.989959038576988, 149.8420020061075
0.0, 19.989959038576988
6.673505473397001, 13.316453565179987
0.0, 6.673505473397001
0.0, 6.673505473397001
223.3920831714264, 4.582094841734488
0.0, 223.3920831714264
204.2134555725908, 19.178627598835618
0.0, 204.2134555725908
202.41662064309742, 1.7968349294933716
0.0, 202.41662064309742
39.12482057297972, 163.2918000701177
0.0, 39.12482057297972
37.652107062235814, 1.4727135107439082
0.0, 37.652107062235814
0.0, 37.652107062235814
257.55227512723684, 128.82072210021045
93.31667221389161, 164.23560291334525
0.0, 93.31667221389161
26.973982413181865, 66.34268980070973
0.0, 26.973982413181865
0.0, 26.973982413181865
212.1637750881508, 45.38850003908604
200.54133955208383, 11.622435536066973
0.0, 200.54133955208383
79.88207564239929, 120.65926390968454
35.744122997997486, 44.1379526444018
0.0, 35.744122997997486
0.0, 35.744122997997486
39.444780308853375, 40.43729533354591
17.19778729961657, 22.246993009236803
0.0, 17.19778729961657
0.0, 17.19778729961657
31.980978066326873, 7.463802242526501
0.0, 31.980978066326873
0.0, 31.980978066326873
202.0276852867199, 10.136089801430899
0.0, 202.0276852867199
201.83105363448448, 0.19663165223542478
0.0, 201.83105363448448
201.14519967835142, 0.6858539561330588
36.67862439024438, 164.46657528810704
0.0, 36.67862439024438
4.629435442369499, 32.04918894787488
0.0, 4.629435442369499
0.0, 4.629435442369499
103.27424164278308, 97.87095803556834
0.0, 103.27424164278308
62.47099348145715, 40.80324816132593
0.0, 62.47099348145715
0.0, 62.47099348145715
1272.0597550909215, 2109.8506570828217
242.44194432446739, 1029.617810766454
219.06025855173812, 23.38168577272927
0.0, 219.06025855173812
206.43583390722574, 12.624424644512374
74.26123199625918, 132.17460191096654
0.0, 74.26123199625918
5.090923194886774, 69.17030880137241
0.0, 5.090923194886774
0.0, 5.090923194886774
205.9973137416638, 0.43852016556195395
0.0, 205.9973137416638
203.28629297221124, 2.7110207694525457
63.38955014626425, 139.896742825947
0.0, 63.38955014626425
0.0, 63.38955014626425
66.32539046197941, 136.96090251023185
0.0, 66.32539046197941
41.90063624467891, 24.424754217300503
0.0, 41.90063624467891
0.0, 41.90063624467891
230.504015281029, 11.937929043438373
0.0, 230.504015281029
207.0207279992817, 23.483287281747323
0.0, 207.0207279992817
202.15837314847175, 4.862354850809936
0.0, 202.15837314847175
200.11697029723814, 2.041402851233613
0.0, 200.11697029723814
142.71420783905802, 57.40276245818012
0.0, 142.71420783905802
38.32457574940097, 104.38963208965706
0.0, 38.32457574940097
0.0, 38.32457574940097
1153.0248386831843, 119.03491640773723
920.8338970412321, 232.19094164195212
287.2694958120813, 633.5644012291509
200.49862183055413, 86.77087398152716
196.55863562674807, 3.9399862038060576
0.0, 196.55863562674807
194.82423868118883, 1.73439694555924
0.0, 194.82423868118883
147.70958846470907, 47.11465021647976
0.0, 147.70958846470907
0.0, 147.70958846470907
200.20019313553144, 0.2984286950226931
0.0, 200.20019313553144
153.21036159307667, 46.989831542454766
0.0, 153.21036159307667
0.0, 153.21036159307667
269.73846233152426, 17.531033480557028
207.36199796291274, 62.37646436861152
199.89521448712523, 7.4667834757875085
0.0, 199.89521448712523
0.0, 199.89521448712523
200.05858940452254, 7.303408558390203
0.0, 200.05858940452254
0.0, 200.05858940452254
236.14073440456306, 33.5977279269612
0.0, 236.14073440456306
220.68948234081336, 15.451252063749706
0.0, 220.68948234081336
208.92691508066167, 11.762567260151684
203.81689808060386, 5.110017000057809
0.0, 203.81689808060386
201.53644925197054, 2.2804488286333253
0.0, 201.53644925197054
0.0, 201.53644925197054
203.854572612964, 5.072342467697666
12.965317967996715, 190.88925464496728
0.0, 12.965317967996715
0.0, 12.965317967996715
83.98250687844559, 119.87206573451842
0.0, 83.98250687844559
0.0, 83.98250687844559
437.7043389965698, 483.12955804466236
256.85454944935236, 180.84978954721743
184.5056530194796, 72.34889642987275
0.0, 184.5056530194796
92.26724652322898, 92.23840649625063
0.0, 92.26724652322898
88.77142050283426, 3.4958260203947162
0.0, 88.77142050283426
21.184656905348316, 67.58676359748594
0.0, 21.184656905348316
3.8508024185816523, 17.333854486766665
0.0, 3.8508024185816523
0.0, 3.8508024185816523
225.29792437285607, 31.55662507649629
216.82378191943684, 8.474142453419233
201.04765446489128, 15.77612745454556
44.39409329941994, 156.65356116547133
0.0, 44.39409329941994
0.0, 44.39409329941994
157.97688457410837, 43.07076989078291
0.0, 157.97688457410837
0.0, 157.97688457410837
212.4542522758972, 4.369529643539636
0.0, 212.4542522758972
202.40974634925027, 10.044505926646934
0.0, 202.40974634925027
0.0, 202.40974634925027
218.92205522293088, 6.375869149925194
201.6741134176424, 17.24794180528849
0.0, 201.6741134176424
48.155573764234944, 153.51853965340746
0.0, 48.155573764234944
42.38391979056121, 5.771653973673736
0.0, 42.38391979056121
40.08116668200677, 2.302753108554441
0.0, 40.08116668200677
13.940669228168746, 26.140497453838023
0.0, 13.940669228168746
0.0, 13.940669228168746
205.96106598744936, 12.96098923548152
0.0, 205.96106598744936
204.15120265541626, 1.8098633320331032
0.0, 204.15120265541626
201.0634453174716, 3.0877573379446517
0.0, 201.0634453174716
13.475272374576955, 187.58817294289466
0.0, 13.475272374576955
0.0, 13.475272374576955
358.82693573982164, 78.87740325674815
220.89711542330116, 137.92982031652048
210.2854089919298, 10.611706431371346
202.34143649114566, 7.943972500784156
0.0, 202.34143649114566
0.0, 202.34143649114566
207.69078446194425, 2.594624529985566
0.0, 207.69078446194425
119.50112104424754, 88.1896634176967
0.0, 119.50112104424754
34.455778113941705, 85.04534293030584
0.0, 34.455778113941705
0.0, 34.455778113941705
218.87326700930947, 2.0238484139916864
191.95340927711354, 26.919857732195936
0.0, 191.95340927711354
80.18787100385026, 111.76553827326327
0.0, 80.18787100385026
0.0, 80.18787100385026
202.28771797203717, 16.5855490372723
47.862312098285685, 154.4254058737515
0.0, 47.862312098285685
45.7701441114938, 2.0921679867918854
0.0, 45.7701441114938
0.0, 45.7701441114938
201.24597880743596, 1.0417391646012106
0.0, 201.24597880743596
0.0, 201.24597880743596
232.95895610710647, 125.86797963271516
211.54084566918584, 21.41811043792063
201.63700648144234, 9.9038391877435
0.0, 201.63700648144234
0.0, 201.63700648144234
203.76630610485228, 7.7745395643335655
53.47649734081921, 150.28980876403307
0.0, 53.47649734081921
0.0, 53.47649734081921
201.85778728245512, 1.9085188223971556
88.0064331846107, 113.85135409784442
0.0, 88.0064331846107
0.4040150781869799, 87.60241810642371
0.0, 0.4040150781869799
0.0, 0.4040150781869799
164.71019528830263, 37.14759199415249
0.0, 164.71019528830263
130.97343314260237, 33.736762145700254
0.0, 130.97343314260237
0.0, 130.97343314260237
226.59364135193135, 6.36531475517512
0.0, 226.59364135193135
211.69121811508458, 14.902423236846772
0.0, 211.69121811508458
203.69979805113238, 7.991420063952205
26.064016467132745, 177.63578158399963
0.0, 26.064016467132745
7.34281747253221, 18.721198994600535
0.0, 7.34281747253221
0.0, 7.34281747253221
203.56906757691337, 0.13073047421900696
197.48465203193496, 6.0844155449784125
2.55208513291137, 194.93256689902358
0.0, 2.55208513291137
0.0, 2.55208513291137
49.453763557072335, 148.03088847486262
0.0, 49.453763557072335
0.0, 49.453763557072335
203.07232678823812, 0.49674078867525395
61.56067110767033, 141.5116556805678
0.0, 61.56067110767033
12.5510267489024, 49.00964435876793
0.0, 12.5510267489024
0.0, 12.5510267489024
121.14166819693133, 81.93065859130678
0.0, 121.14166819693133
7.237532268930921, 113.90413592800041
0.0, 7.237532268930921
0.0, 7.237532268930921
1016.9610416218436, 136.06379706134067
548.7188766098766, 468.242165011967
259.3527985480654, 289.3660780618112
223.5138685577272, 35.83892999033819
200.36264558603094, 23.151222971696257
46.77292031136879, 153.58972527466216
0.0, 46.77292031136879
0.0, 46.77292031136879
114.06258804425127, 86.30005754177967
0.0, 114.06258804425127
75.40920615229373, 38.65338189195754
0.0, 75.40920615229373
8.890052025751514, 66.51915412654222
0.0, 8.890052025751514
0.0, 8.890052025751514
214.62566950925057, 8.888199048476622
0.0, 214.62566950925057
204.44953195935304, 10.176137549897533
0.0, 204.44953195935304
200.9478543982711, 3.501677561081948
0.0, 200.9478543982711
200.124320489717, 0.8235339085540829
0.0, 200.124320489717
59.84748861627604, 140.27683187344098
0.0, 59.84748861627604
51.26452226000119, 8.582966356274845
0.0, 51.26452226000119
36.29743109064696, 14.967091169354234
0.0, 36.29743109064696
0.0, 36.29743109064696
256.3628686472332, 2.9899299008321805
213.5570568730313, 42.805811774201885
201.81326085898573, 11.743796014045586
0.0, 201.81326085898573
168.5577232776844, 33.255537581301326
10.198420122994518, 158.35930315468988
0.0, 10.198420122994518
10.028829456464413, 0.16959066653010524
0.0, 10.028829456464413
0.0, 10.028829456464413
88.1040710916246, 80.4536521860598
0.0, 88.1040710916246
0.0, 88.1040710916246
202.01863808263445, 11.538418790396861
78.7726292839882, 123.24600879864626
0.0, 78.7726292839882
16.651592724460926, 62.12103655952727
0.0, 16.651592724460926
0.0, 16.651592724460926
126.49800752028162, 75.52063056235284
0.0, 126.49800752028162
0.0, 126.49800752028162
228.28251389330617, 28.080354753927026
212.21164154828494, 16.07087234502123
34.37839264066936, 177.8332489076156
0.0, 34.37839264066936
0.0, 34.37839264066936
212.04302490057947, 0.1686166477054769
202.6277255094711, 9.415299391108363
2.419502833918061, 200.20822267555303
0.0, 2.419502833918061
0.0, 2.419502833918061
90.63622268159934, 111.99150282787177
0.0, 90.63622268159934
0.0, 90.63622268159934
209.23824392642092, 2.8047809741585468
22.54125006823299, 186.69699385818794
0.0, 22.54125006823299
0.0, 22.54125006823299
202.3938181696463, 6.844425756774626
0.0, 202.3938181696463
37.843660550066026, 164.55015761958026
0.0, 37.843660550066026
0.0, 37.843660550066026
219.62108777896952, 8.661426114336649
14.657642464323903, 204.9634453146456
0.0, 14.657642464323903
0.0, 14.657642464323903
217.1263165383875, 2.4947712405820255
207.05937708104747, 10.066939457340027
28.21722690750992, 178.84215017353756
0.0, 28.21722690750992
0.0, 28.21722690750992
204.59146878735294, 2.467908293694535
0.0, 204.59146878735294
202.16002463691694, 2.4314441504359934
0.0, 202.16002463691694
54.5888648848033, 147.57115975211366
0.0, 54.5888648848033
54.175686190434405, 0.4131786943688951
0.0, 54.175686190434405
19.6285615370782, 34.54712465335621
0.0, 19.6285615370782
0.0, 19.6285615370782
212.66176725388362, 4.464549284503875
0.0, 212.66176725388362
203.37536165044025, 9.28640560344337
0.0, 203.37536165044025
202.14350753318598, 1.2318541172542723
109.19450836659938, 92.9489991665866
0.0, 109.19450836659938
0.0, 109.19450836659938
178.7786970109973, 23.36481052218869
0.0, 178.7786970109973
61.6096154844956, 117.16908152650169
0.0, 61.6096154844956
0.0, 61.6096154844956
381.0338860289502, 167.6849905809264
235.03255429986223, 146.00133172908795
215.51447127228093, 19.518083027581298
92.45429519086368, 123.06017608141725
0.0, 92.45429519086368
0.0, 92.45429519086368
207.13281803716674, 8.381653235114186
0.0, 207.13281803716674
19.784610068699703, 187.34820796846705
0.0, 19.784610068699703
0.0, 19.784610068699703
215.71921874359487, 19.31333555626736
0.0, 215.71921874359487
212.3973949830098, 3.321823760585062
201.4537796306998, 10.94361535230999
0.0, 201.4537796306998
200.5615689674416, 0.8922106632582256
0.0, 200.5615689674416
200.28771209926174, 0.27385686817984833
0.0, 200.28771209926174
200.23519745546227, 0.05251464379946924
0.0, 200.23519745546227
168.15598374020496, 32.07921371525731
0.0, 168.15598374020496
0.0, 168.15598374020496
205.37541174996463, 7.021983233045177
0.0, 205.37541174996463
201.73357576026794, 3.6418359896966876
0.0, 201.73357576026794
120.66535004005684, 81.0682257202111
0.0, 120.66535004005684
49.55660330561715, 71.10874673443968
0.0, 49.55660330561715
0.0, 49.55660330561715
361.93670775068523, 19.09717827826495
236.24962168922198, 125.68708606146325
227.07688140369586, 9.172740285526118
203.69360019721125, 23.38328120648461
26.280093432232444, 177.41350676497882
0.0, 26.280093432232444
0.0, 26.280093432232444
116.73498659261506, 86.9586136045962
0.0, 116.73498659261506
103.64722735182582, 13.08775924078924
0.0, 103.64722735182582
90.3651384242966, 13.282088927529216
0.0, 90.3651384242966
0.0, 90.3651384242966
216.83176023541384, 10.245121168282026
214.33569570075508, 2.496064534658757
0.0, 214.33569570075508
202.0904881482884, 12.245207552466695
0.0, 202.0904881482884
4.779559944475106, 197.3109282038133
0.0, 4.779559944475106
0.0, 4.779559944475106
215.26276045116052, 1.5689997842533216
71.35424761384621, 143.9085128373143
0.0, 71.35424761384621
43.231824283156485, 28.122423330689728
0.0, 43.231824283156485
0.0, 43.231824283156485
214.8692252495758, 0.39353520158471156
21.32485975737171, 193.5443654922041
0.0, 21.32485975737171
0.0, 21.32485975737171
200.98217080471906, 13.887054444856744
0.0, 200.98217080471906
84.12515431630045, 116.85701648841861
0.0, 84.12515431630045
21.26086191094707, 62.86429240535338
0.0, 21.26086191094707
0.0, 21.26086191094707
230.25776849619194, 5.991853193030039
0.0, 230.25776849619194
0.0, 230.25776849619194
315.1068646124733, 46.82984313821191
203.34830276239097, 111.75856185008234
83.89275397181905, 119.45554879057192
0.0, 83.89275397181905
0.0, 83.89275397181905
201.92773187434742, 1.4205708880435566
120.9335064907852, 80.99422538356221
0.0, 120.9335064907852
92.75801191808583, 28.175494572699378
0.0, 92.75801191808583
70.36719190500015, 22.390820013085673
0.0, 70.36719190500015
0.0, 70.36719190500015
201.7435844777329, 0.18414739661452018
0.0, 201.7435844777329
49.72245586883334, 152.02112860889955
0.0, 49.72245586883334
18.0821275674454, 31.640328301387942
0.0, 18.0821275674454
10.359586401734443, 7.7225411657109575
0.0, 10.359586401734443
5.520067173419718, 4.8395192283147255
0.0, 5.520067173419718
0.0, 5.520067173419718
310.9903890264427, 4.116475586030617
250.26714207538723, 60.72324695105547
203.33971317234423, 46.927428903042994
82.74086700199076, 120.59884617035347
0.0, 82.74086700199076
52.722154403330364, 30.0187125986604
0.0, 52.722154403330364
0.0, 52.722154403330364
202.13709127138117, 1.2026219009630665
0.0, 202.13709127138117
183.6063062271387, 18.530785044242464
73.97368968910398, 109.63261653803472
0.0, 73.97368968910398
0.0, 73.97368968910398
100.1358219784696, 83.47048424866911
0.0, 100.1358219784696
60.676057276337374, 39.45976470213222
0.0, 60.676057276337374
0.0, 60.676057276337374
235.57165224532304, 14.69548983006419
200.38249155099686, 35.189160694326176
0.0, 200.38249155099686
36.85307927273328, 163.52941227826358
0.0, 36.85307927273328
2.5332576090789742, 34.31982166365431
0.0, 2.5332576090789742
0.0, 2.5332576090789742
224.17373959101067, 11.397912654312364
201.3212421945166, 22.852497396494073
0.0, 201.3212421945166
153.6533399455894, 47.66790224892719
0.0, 153.6533399455894
141.33659186139346, 12.31674808419595
0.0, 141.33659186139346
138.18420617717112, 3.152385684222338
0.0, 138.18420617717112
86.68787246733046, 51.496333709840656
0.0, 86.68787246733046
0.0, 86.68787246733046
212.34897916834032, 11.824760422670352
163.5948665022532, 48.75411266608711
0.0, 163.5948665022532
36.00672514875852, 127.58814135349469
0.0, 36.00672514875852
0.0, 36.00672514875852
204.28902008797104, 8.059959080369282
0.0, 204.28902008797104
0.0, 204.28902008797104
293.4652639274994, 17.525125098943306
229.03450814656227, 64.43075578093712
210.41988496392992, 18.614623182632357
0.0, 210.41988496392992
137.74136393381482, 72.67852103011509
0.0, 137.74136393381482
0.0, 137.74136393381482
227.71863164200053, 1.3158765045617429
192.33471989589262, 35.38391174610791
12.898354155267317, 179.4363657406253
0.0, 12.898354155267317
0.0, 12.898354155267317
100.70175021640387, 91.63296967948875
0.0, 100.70175021640387
35.291815317901005, 65.40993489850285
0.0, 35.291815317901005
0.0, 35.291815317901005
208.79000780469815, 18.928623837302382
51.125937478709496, 157.66407032598866
0.0, 51.125937478709496
0.0, 51.125937478709496
159.7192034470281, 49.070804357670056
22.026959338312015, 137.69224410871607
0.0, 22.026959338312015
0.0, 22.026959338312015
156.02595309270464, 3.693250354323453
0.0, 156.02595309270464
135.11682833210423, 20.909124760600406
0.0, 135.11682833210423
74.7401214921828, 60.37670683992144
0.0, 74.7401214921828
43.411844807734546, 31.328276684448248
10.375823920354334, 33.03602088738021
0.0, 10.375823920354334
0.0, 10.375823920354334
11.948919383493045, 31.4629254242415
0.0, 11.948919383493045
0.0, 11.948919383493045
235.94872670992058, 57.516537217578815
219.66800649015101, 16.280720219769563
200.56136396683473, 19.10664252331628
0.0, 200.56136396683473
0.0, 200.56136396683473
208.07824013982, 11.589766350331018
203.74708441324432, 4.331155726575673
113.97317806834178, 89.77390634490254
13.65899708696965, 100.31418098137213
0.0, 13.65899708696965
0.0, 13.65899708696965
64.79303138359572, 49.18014668474606
2.2481251805777642, 62.54490620301795
0.0, 2.2481251805777642
0.0, 2.2481251805777642
36.811314042402756, 27.98171734119296
0.0, 36.811314042402756
0.0, 36.811314042402756
200.32940385866945, 3.417680554574872
0.0, 200.32940385866945
0.0, 200.32940385866945
204.76627110701102, 3.3119690328089746
0.0, 204.76627110701102
204.26364013697187, 0.5026309700391494
200.89652255413014, 3.367117582841729
0.0, 200.89652255413014
0.7570217959260483, 200.1395007582041
0.0, 0.7570217959260483
0.0, 0.7570217959260483
203.9233229183449, 0.3403172186269785
0.0, 203.9233229183449
200.12691255597346, 3.7964103623714323
0.0, 200.12691255597346
159.1038281990209, 41.02308435695255
0.0, 159.1038281990209
28.33405137682047, 130.76977682220044
0.0, 28.33405137682047
0.0, 28.33405137682047
233.49077004105212, 2.457956668868462
204.9486546611723, 28.542115379879817
195.14348761205528, 9.805167049117017
0.0, 195.14348761205528
0.0, 195.14348761205528
202.76961575260339, 2.179038908568913
0.0, 202.76961575260339
201.03757606335054, 1.7320396892528436
0.0, 201.03757606335054
91.87346073641632, 109.16411532693422
0.0, 91.87346073641632
75.55656851459516, 16.316892221821163
0.0, 75.55656851459516
0.0, 75.55656851459516
222.98412965925985, 10.506640381792266
0.0, 222.98412965925985
213.48655655966087, 9.49757309959898
206.734967518597, 6.75158904106388
0.0, 206.734967518597
0.0, 206.734967518597
209.83743305630068, 3.6491235033601868
0.0, 209.83743305630068
180.20946781505543, 29.62796524124525
0.0, 180.20946781505543
0.0, 180.20946781505543
740.6288625825041, 276.3321790393395
400.1271878838721, 340.501674698632
356.2814872474635, 43.84570063640865
243.4859104499092, 112.79557679755428
226.99184768979407, 16.494062760115128
211.85492962683506, 15.136918062959012
0.0, 211.85492962683506
208.81244631798776, 3.042483308847295
202.56670334335132, 6.245742974636443
146.934329617085, 55.63237372626631
47.405523828924586, 99.52880578816043
0.0, 47.405523828924586
23.264048836388845, 24.14147499253574
0.0, 23.264048836388845
13.057572573906278, 10.206476262482568
0.0, 13.057572573906278
0.3391932127293135, 12.718379361176964
0.0, 0.3391932127293135
0.0, 0.3391932127293135
81.568362159597, 65.36596745748801
0.0, 81.568362159597
62.38254116168226, 19.18582099791474
0.0, 62.38254116168226
55.16672187940242, 7.2158192822798455
0.0, 55.16672187940242
6.075475904724654, 49.09124597467776
0.0, 6.075475904724654
0.0, 6.075475904724654
200.3119694964546, 2.254733846896727
0.0, 200.3119694964546
98.74046649871661, 101.57150299773798
0.0, 98.74046649871661
0.0, 98.74046649871661
208.59636160044073, 0.21608471754703373
163.26352435371146, 45.33283724672927
74.37773836588545, 88.88578598782601
0.0, 74.37773836588545
34.00458006509863, 40.37315830078682
0.0, 34.00458006509863
24.80104816967274, 9.20353189542589
0.0, 24.80104816967274
18.618866939625914, 6.182181230046826
0.0, 18.618866939625914
5.230574140461312, 13.388292799164603
0.0, 5.230574140461312
0.0, 5.230574140461312
126.49606686917964, 36.76745748453182
0.0, 126.49606686917964
0.0, 126.49606686917964
200.47360929815858, 8.122752302282152
0.0, 200.47360929815858
0.0, 200.47360929815858
225.41799953302117, 1.5738481567728968
0.0, 225.41799953302117
201.07006080790654, 24.34793872511463
109.09425883886605, 91.97580196904049
7.359143210159324, 101.73511562870672
0.0, 7.359143210159324
4.106610816625933, 3.252532393533391
0.0, 4.106610816625933
0.0, 4.106610816625933
53.68641061900686, 55.4078482198592
0.0, 53.68641061900686
20.312096117791327, 33.37431450121553
0.0, 20.312096117791327
0.0, 20.312096117791327
178.55777550631356, 22.512285301592982
32.85789120483158, 145.69988430148197
0.0, 32.85789120483158
0.0, 32.85789120483158
60.5261140911991, 118.03166141511446
0.0, 60.5261140911991
0.0, 60.5261140911991
227.95734752769303, 15.528562922216167
216.94870498308626, 11.008642544606772
211.7972440909494, 5.151460892136868
202.35235916678172, 9.444884924167667
8.187559899423295, 194.16479926735843
0.0, 8.187559899423295
0.0, 8.187559899423295
200.48595270636224, 1.8664064604194834
0.0, 200.48595270636224
182.34094517064037, 18.145007535721874
16.230262012574727, 166.11068315806563
0.0, 16.230262012574727
0.0, 16.230262012574727
78.39785147440526, 103.94309369623511
0.0, 78.39785147440526
0.0, 78.39785147440526
207.38926713987053, 4.407976951078865
0.0, 207.38926713987053
59.42914080186833, 147.9601263380022
0.0, 59.42914080186833
49.26038063434123, 10.168760167527097
0.0, 49.26038063434123
9.010912508322079, 40.24946812601915
0.0, 9.010912508322079
0.0, 9.010912508322079
215.7701773693408, 1.178527613745473
0.0, 215.7701773693408
207.85618792192906, 7.913989447411723
0.0, 207.85618792192906
0.0, 207.85618792192906
219.5338313611154, 8.423516166577627
203.15831800273446, 16.375513358380942
0.0, 203.15831800273446
196.6667377676822, 6.491580235052254
0.0, 196.6667377676822
133.40016789008132, 63.26656987760089
0.0, 133.40016789008132
124.8655187204858, 8.534649169595525
0.0, 124.8655187204858
0.0, 124.8655187204858
211.02703993761622, 8.50679142349918
0.0, 211.02703993761622
210.23171154199719, 0.7953283956190376
206.47061875928298, 3.7610927827142007
202.57022410954, 3.900394649742992
103.1922321224594, 99.37799198708059
0.0, 103.1922321224594
5.312770218529331, 97.87946190393006
0.0, 5.312770218529331
0.0, 5.312770218529331
200.31579658925307, 2.2544275202869244
0.0, 200.31579658925307
151.7106953649423, 48.60510122431077
0.0, 151.7106953649423
0.0, 151.7106953649423
204.07664987205823, 2.3939688872247586
90.98442878287526, 113.09222108918297
0.0, 90.98442878287526
66.19843712745214, 24.785991655423118
0.0, 66.19843712745214
14.871631760343034, 51.3268053671091
0.0, 14.871631760343034
0.0, 14.871631760343034
202.61149982589924, 1.465150046158982
0.0, 202.61149982589924
157.589290688519, 45.02220913738026
0.0, 157.589290688519
67.62058501129364, 89.96870567722534
0.0, 67.62058501129364
0.0, 67.62058501129364
207.96202389490364, 2.269687647093548
61.489621036480585, 146.47240285842304
0.0, 61.489621036480585
0.0, 61.489621036480585
142.0265672828675, 65.93545661203615
0.0, 142.0265672828675
0.0, 142.0265672828675
264.3165072002596, 91.96498004720388
235.02776183705976, 29.288745363199837
215.23610035455079, 19.79166148250897
202.3904928112077, 12.845607543343078
19.251902121993094, 183.13859068921462
0.0, 19.251902121993094
0.0, 19.251902121993094
201.0486146228204, 1.3418781883873123
0.0, 201.0486146228204
120.06866229937863, 80.97995232344176
0.0, 120.06866229937863
22.740355430362968, 97.32830686901566
0.0, 22.740355430362968
0.0, 22.740355430362968
204.1934167736062, 11.042683580944583
0.0, 204.1934167736062
154.5326103933775, 49.660806380228706
0.0, 154.5326103933775
27.885069700256427, 126.64754069312107
0.0, 27.885069700256427
21.326430624996686, 6.558639075259741
0.0, 21.326430624996686
0.0, 21.326430624996686
234.48300595346936, 0.5447558835903976
208.1306489474047, 26.352357006064665
23.053780238510704, 185.07686870889398
0.0, 23.053780238510704
0.0, 23.053780238510704
201.07972605201368, 7.050922895391011
0.0, 201.07972605201368
115.23548975337144, 85.84423629864224
0.0, 115.23548975337144
10.663696675053734, 104.57179307831771
0.0, 10.663696675053734
0.0, 10.663696675053734
225.3497470877311, 9.13325886573827
207.75216003169007, 17.59758705604102
206.29156743752895, 1.4605925941611133
0.0, 206.29156743752895
202.93618447956774, 3.3553829579612113
0.0, 202.93618447956774
201.98598482307352, 0.9501996564942203
55.69379749756539, 146.29218732550814
0.0, 55.69379749756539
49.44084570410149, 6.2529517934639
0.0, 49.44084570410149
10.370409624628868, 39.07043607947262
0.0, 10.370409624628868
0.0, 10.370409624628868
160.8190504869372, 41.166934336136336
0.0, 160.8190504869372
126.96762068334773, 33.851429803589454
0.0, 126.96762068334773
0.0, 126.96762068334773
207.74812157941412, 0.004038452275949567
75.36425116786339, 132.38387041155073
0.0, 75.36425116786339
0.0, 75.36425116786339
206.10571338387524, 1.6424081955388772
194.2361996274695, 11.869513756405752
0.0, 194.2361996274695
0.0, 194.2361996274695
204.07508346976704, 2.0306299141082036
32.61540083539645, 171.45968263437058
0.0, 32.61540083539645
7.240011638989859, 25.37538919640659
0.0, 7.240011638989859
0.0, 7.240011638989859
204.0580313244811, 0.017052145285930465
147.65747912644036, 56.40055219804074
0.0, 147.65747912644036
0.0, 147.65747912644036
200.85567790439632, 3.2023534200847905
41.08144291679279, 159.77423498760353
0.0, 41.08144291679279
0.0, 41.08144291679279
57.9494853513042, 142.90619255309213
0.0, 57.9494853513042
8.522882215933901, 49.4266031353703
0.0, 8.522882215933901
0.0, 8.522882215933901
218.46172108353022, 6.888026004200867
63.50208180514572, 154.9596392783845
0.0, 63.50208180514572
59.935564311375714, 3.5665174937700073
0.0, 59.935564311375714
0.0, 59.935564311375714
204.93914301439906, 13.522578069131157
0.0, 204.93914301439906
71.9647780153217, 132.97436499907735
0.0, 71.9647780153217
24.286235677380002, 47.67854233794169
0.0, 24.286235677380002
1.2263774691571876, 23.059858208222813
0.0, 1.2263774691571876
0.0, 1.2263774691571876
245.9672759774556, 18.34923122280398
196.8553549458796, 49.111921031576
0.0, 196.8553549458796
0.0, 196.8553549458796
218.11496252804923, 27.85231344940638
0.0, 218.11496252804923
200.38795492173307, 17.727007606316164
0.0, 200.38795492173307
0.0, 200.38795492173307
374.01938936167636, 26.107798522195765
325.3449214165297, 48.67446794514666
269.56182317050593, 55.78309824602377
236.67478546531444, 32.88703770519149
212.27909028483674, 24.395695180477702
201.7960609863584, 10.483029298478328
0.0, 201.7960609863584
0.0, 201.7960609863584
204.5000478999038, 7.77904238493295
0.0, 204.5000478999038
204.12200397870882, 0.37804392119497265
0.0, 204.12200397870882
122.64360708302614, 81.47839689568268
0.0, 122.64360708302614
0.0, 122.64360708302614
225.19617695999537, 11.478608505319073
31.786296565235546, 193.40988039475982
0.0, 31.786296565235546
0.0, 31.786296565235546
134.02440387815275, 91.17177308184262
0.0, 134.02440387815275
81.98645524031487, 52.037948637837886
0.0, 81.98645524031487
6.5716105905630595, 75.41484464975181
0.0, 6.5716105905630595
0.0, 6.5716105905630595
238.42374663778534, 31.13807653272059
203.2042178666289, 35.21952877115643
0.0, 203.2042178666289
201.53127581475587, 1.6729420518730365
75.47773573695181, 126.05354007780406
0.0, 75.47773573695181
0.0, 75.47773573695181
153.90062155411428, 47.63065426064159
0.0, 153.90062155411428
9.004502188852618, 144.89611936526165
0.0, 9.004502188852618
3.572739927513875, 5.431762261338743
0.0, 3.572739927513875
0.0, 3.572739927513875
226.74865567247292, 11.675090965312421
204.46185943913466, 22.286796233338265
0.0, 204.46185943913466
58.79181143837033, 145.67004800076433
0.0, 58.79181143837033
40.27251746156823, 18.519293976802103
0.0, 40.27251746156823
0.0, 40.27251746156823
222.59215209221267, 4.1565035802602495
205.08411581842242, 17.508036273790253
17.7692886890101, 187.31482712941232
0.0, 17.7692886890101
0.0, 17.7692886890101
169.51247432992102, 35.5716414885014
0.0, 169.51247432992102
98.68569696256638, 70.82677736735464
0.0, 98.68569696256638
26.351294836434075, 72.3344021261323
0.0, 26.351294836434075
0.0, 26.351294836434075
207.48197817555393, 15.110173916658738
0.0, 207.48197817555393
206.99041400643418, 0.491564169119755
202.61671106886214, 4.373702937572034
99.34435524113123, 103.27235582773092
21.18930649421976, 78.15504874691146
0.0, 21.18930649421976
11.749254511216776, 9.440051983002984
0.0, 11.749254511216776
0.0, 11.749254511216776
65.91613936831865, 33.42821587281257
0.0, 65.91613936831865
0.0, 65.91613936831865
192.48317676631862, 10.133534302543524
0.0, 192.48317676631862
75.30372654327302, 117.1794502230456
0.0, 75.30372654327302
0.0, 75.30372654327302
204.13184805643203, 2.858565950002145
0.0, 204.13184805643203
203.8034276465209, 0.3284204099111321
68.44899562342549, 135.3544320230954
0.0, 68.44899562342549
0.0, 68.44899562342549
152.20839308971392, 51.59503455680698
0.0, 152.20839308971392
0.0, 152.20839308971392
313.70933681485343, 11.635584601676271
212.56587825510255, 101.14345855975088
93.07145197059187, 119.49442628451068
0.0, 93.07145197059187
0.0, 93.07145197059187
200.38104878425213, 12.184829470850417
0.0, 200.38104878425213
78.80525315212219, 121.57579563212994
0.0, 78.80525315212219
0.0, 78.80525315212219
284.40880365724183, 29.300533157611596
205.64581865973776, 78.76298499750408
200.2115954082886, 5.434223251449168
122.63564556160433, 77.57594984668425
0.0, 122.63564556160433
0.0, 122.63564556160433
197.8522190920836, 2.359376316204987
0.0, 197.8522190920836
0.0, 197.8522190920836
203.9434150935054, 1.7024035662323627
0.0, 203.9434150935054
0.0, 203.9434150935054
274.8921486364855, 9.516655020756332
224.5956080508698, 50.2965405856157
201.78391391325022, 22.811694137619583
0.0, 201.78391391325022
201.07215473651985, 0.7117591767303679
0.0, 201.07215473651985
40.83913740033872, 160.23301733618112
0.0, 40.83913740033872
0.0, 40.83913740033872
220.84211955707383, 3.7534884937959703
0.0, 220.84211955707383
0.0, 220.84211955707383
254.90257094297564, 19.989577693509858
213.8106917663299, 41.09187917664573
205.9910408213527, 7.819650944977212
0.0, 205.9910408213527
204.8125965884569, 1.1784442328957994
146.74420361729196, 58.06839297116494
0.0, 146.74420361729196
67.97169176509706, 78.7725118521949
0.0, 67.97169176509706
0.0, 67.97169176509706
200.25310970150238, 4.559486886954517
0.0, 200.25310970150238
0.0, 200.25310970150238
206.6214782173994, 7.189213548930496
53.04000761924772, 153.5814705981517
0.0, 53.04000761924772
0.0, 53.04000761924772
202.26943426446093, 4.352043952938487
175.4075171260671, 26.861917138393835
145.32247579020694, 30.085041335860154
0.0, 145.32247579020694
2.562793602591408, 142.75968218761554
0.0, 2.562793602591408
0.0, 2.562793602591408
172.386404063763, 3.021113062304096
0.0, 172.386404063763
0.0, 172.386404063763
201.6200611797268, 0.6493730847341226
0.0, 201.6200611797268
200.80406700962044, 0.8159941701063644
0.0, 200.80406700962044
114.88357063308196, 85.92049637653848
0.0, 114.88357063308196
59.74550958669809, 55.13806104638387
0.0, 59.74550958669809
0.0, 59.74550958669809
225.11176394115788, 29.790807001817768
86.76045675702701, 138.35130718413086
0.0, 86.76045675702701
52.74753904735403, 34.01291770967298
0.0, 52.74753904735403
27.86916480656934, 24.87837424078469
21.658970468780975, 6.210194337788366
0.0, 21.658970468780975
0.0, 21.658970468780975
27.456707819921117, 0.4124569866482233
0.0, 27.456707819921117
0.0, 27.456707819921117
208.17635088155166, 16.93541305960622
0.0, 208.17635088155166
200.37695796893945, 7.7993929126122055
0.0, 200.37695796893945
80.5343674838053, 119.84259048513415
0.0, 80.5343674838053
0.0, 80.5343674838053
366.6545736336457, 7.364815728030635
244.73898372920138, 121.91558990444435
224.1299728462039, 20.609010882997467
0.0, 224.1299728462039
20.57457311431642, 203.5553997318875
0.0, 20.57457311431642
0.0, 20.57457311431642
243.7157023847389, 1.0232813444624753
0.0, 243.7157023847389
217.00960808724273, 26.70609429749618
208.66377369956882, 8.345834387673904
109.38104744553614, 99.28272625403268
0.0, 109.38104744553614
84.2736474452564, 25.10740000027974
0.0, 84.2736474452564
0.0, 84.2736474452564
207.77564395245082, 0.8881297471180005
0.0, 207.77564395245082
200.39891729234267, 7.376726660108147
0.0, 200.39891729234267
91.00072513770255, 109.39819215464013
0.0, 91.00072513770255
0.0, 91.00072513770255
216.7646451143182, 0.24496297292452596
0.0, 216.7646451143182
0.0, 216.7646451143182
333.6393979425027, 33.01517569114304
205.31392955960948, 128.3254683828932
7.9306043349920925, 197.38332522461738
0.0, 7.9306043349920925
0.0, 7.9306043349920925
202.18621029066665, 3.127719268942826
132.22452694553974, 69.96168334512691
0.0, 132.22452694553974
0.0, 132.22452694553974
200.63668035676702, 1.5495299338996347
0.0, 200.63668035676702
33.61460774191859, 167.0220726148484
0.0, 33.61460774191859
0.0, 33.61460774191859
266.6397207738785, 66.9996771686242
10.008498802804345, 256.6312219710741
0.0, 10.008498802804345
0.0, 10.008498802804345
106.07858299189579, 160.5611377819827
0.0, 106.07858299189579
74.33555582550564, 31.74302716639015
0.0, 74.33555582550564
23.917182249957627, 50.41837357554801
0.0, 23.917182249957627
0.0, 23.917182249957627
504.9344043752904, 235.6944582072137
385.9505836367982, 118.98382073849217
217.57196294925228, 168.37862068754595
156.44747660634502, 61.12448634290726
60.13541193806839, 96.31206466827663
0.0, 60.13541193806839
0.0, 60.13541193806839
82.22769801882792, 74.2197785875171
0.0, 82.22769801882792
0.0, 82.22769801882792
201.31173006236875, 16.26023288688353
0.0, 201.31173006236875
66.72901965109963, 134.58271041126912
0.0, 66.72901965109963
0.0, 66.72901965109963
259.1818925144733, 126.76869112232492
203.0018013366898, 56.18009117778351
0.0, 203.0018013366898
6.323819554921232, 196.67798178176855
0.0, 6.323819554921232
0.0, 6.323819554921232
236.20618656770114, 22.975705946772166
200.48190283342174, 35.724283734279396
0.0, 200.48190283342174
189.0180447426699, 11.463858090751842
0.0, 189.0180447426699
0.0, 189.0180447426699
233.77875440371807, 2.4274321639830703
0.0, 233.77875440371807
216.81163688568307, 16.967117518034996
204.31413806869455, 12.497498816988525
0.0, 204.31413806869455
72.60274501776759, 131.71139305092697
0.0, 72.60274501776759
0.0, 72.60274501776759
209.4468362360022, 7.364800649680859
0.0, 209.4468362360022
203.24250431386682, 6.204331922135395
87.32793617431184, 115.91456813955497
0.0, 87.32793617431184
57.08328529963683, 30.244650874675017
47.35006655292621, 9.73321874671062
0.0, 47.35006655292621
40.05307084899984, 7.29699570392637
0.0, 40.05307084899984
0.0, 40.05307084899984
48.846931666310546, 8.236353633326281
0.0, 48.846931666310546
0.0, 48.846931666310546
201.5444634561191, 1.6980408577477135
0.0, 201.5444634561191
52.105198152906134, 149.43926530321298
0.0, 52.105198152906134
0.0, 52.105198152906134
441.9349616249995, 62.99944275029088
0.0, 441.9349616249995
292.12815692386783, 149.80680470113168
252.54474490395012, 39.583412019917716
221.79072699064298, 30.754017913307138
204.57751435164073, 17.21321263900225
201.52395540766872, 3.053558943972007
91.59488988740668, 109.92906552026204
0.0, 91.59488988740668
0.0, 91.59488988740668
200.65520372880582, 0.8687516788629068
0.0, 200.65520372880582
10.97542442843271, 189.6797793003731
0.0, 10.97542442843271
0.0, 10.97542442843271
202.05204647073242, 2.525467880908309
0.0, 202.05204647073242
110.29199550157067, 91.76005096916175
0.0, 110.29199550157067
0.0, 110.29199550157067
219.5662512170279, 2.224475773615069
212.57348209482498, 6.99276912220293
185.19663745496555, 27.376844639859428
0.0, 185.19663745496555
0.0, 185.19663745496555
200.97667066238984, 11.596811432435146
36.98590831091215, 163.99076235147768
0.0, 36.98590831091215
0.0, 36.98590831091215
80.819356226498, 120.15731443589183
0.0, 80.819356226498
59.718413704533745, 21.100942521964257
0.0, 59.718413704533745
39.43833028598271, 20.280083418551037
0.0, 39.43833028598271
0.0, 39.43833028598271
214.028097402778, 5.53815381424991
0.0, 214.028097402778
195.8179920224251, 18.2101053803529
0.0, 195.8179920224251
19.545129796720488, 176.2728622257046
0.0, 19.545129796720488
0.0, 19.545129796720488
223.4133567104058, 29.131388193544325
82.98381850062476, 140.42953820978101
0.0, 82.98381850062476
65.3800695153751, 17.603748985249666
0.0, 65.3800695153751
0.0, 65.3800695153751
221.61349864225932, 1.7998580681464773
208.52149805114243, 13.092000591116886
0.0, 208.52149805114243
208.28707278477918, 0.234425266363246
0.0, 208.28707278477918
207.57617617926562, 0.7108966055135681
0.0, 207.57617617926562
0.0, 207.57617617926562
208.8401157753209, 12.77338286693842
129.21722504245545, 79.62289073286544
0.0, 129.21722504245545
0.0, 129.21722504245545
206.97502620064392, 1.865089574676972
0.0, 206.97502620064392
200.47147773376315, 6.503548466880773
43.28652372233344, 157.1849540114297
0.0, 43.28652372233344
0.0, 43.28652372233344
191.40274852624944, 9.068729207513712
0.0, 191.40274852624944
93.96689873268285, 97.43584979356659
0.0, 93.96689873268285
3.955439213688438, 90.01145951899441
0.0, 3.955439213688438
0.029299227591373482, 3.926139986097065
0.0, 0.029299227591373482
0.0, 0.029299227591373482
254.95962231871482, 37.16853460515301
223.01272806670502, 31.9468942520098
119.23661876313223, 103.7761093035728
0.0, 119.23661876313223
18.040386323973877, 101.19623243915835
0.0, 18.040386323973877
1.5433933331297265, 16.49699299084415
0.0, 1.5433933331297265
0.0, 1.5433933331297265
215.0576953781768, 7.9550326885282345
200.89188026950546, 14.165815108671325
0.0, 200.89188026950546
0.0, 200.89188026950546
210.2823518651477, 4.7753435130290995
205.56447224265952, 4.717879622488169
27.27767646681153, 178.286795775848
0.0, 27.27767646681153
9.227401680244117, 18.050274786567414
0.0, 9.227401680244117
0.0, 9.227401680244117
201.18594404102663, 4.378528201632889
116.7975782339608, 84.38836580706582
0.0, 116.7975782339608
0.0, 116.7975782339608
200.43849577238018, 0.7474482686464512
0.0, 200.43849577238018
21.435107903017656, 179.0033878693625
0.0, 21.435107903017656
0.0, 21.435107903017656
206.573062654572, 3.7092892105756903
43.64365943724097, 162.92940321733101
0.0, 43.64365943724097
0.4820905554414632, 43.161568881799504
0.0, 0.4820905554414632
0.0, 0.4820905554414632
203.06561978597708, 3.5074428685949215
0.0, 203.06561978597708
178.4450532912796, 24.62056649469747
0.0, 178.4450532912796
104.51826651410609, 73.92678677717352
0.0, 104.51826651410609
20.36459378926173, 84.15367272484436
0.0, 20.36459378926173
0.0, 20.36459378926173
237.5624019818099, 17.397220336904923
215.33306000235953, 22.229341979450368
0.0, 215.33306000235953
0.0, 215.33306000235953
229.22164268678463, 8.340759295025265
203.75048600616446, 25.47115668062017
0.0, 203.75048600616446
201.79297970986582, 1.9575062962986465
0.0, 201.79297970986582
201.00730154812803, 0.7856781617377919
0.0, 201.00730154812803
194.57539557632361, 6.431905971804412
0.0, 194.57539557632361
102.3744060639693, 92.20098951235431
0.0, 102.3744060639693
0.0, 102.3744060639693
213.792903262714, 15.428739424070642
207.8816946019825, 5.911208660731489
202.37697720864293, 5.504717393339575
0.0, 202.37697720864293
11.441091758972362, 190.93588544967056
0.0, 11.441091758972362
0.0, 11.441091758972362
203.56353040965206, 4.318164192330443
37.317250211699466, 166.2462801979526
0.0, 37.317250211699466
0.0, 37.317250211699466
110.41991565419345, 93.14361475545861
0.0, 110.41991565419345
12.454404499887557, 97.96551115430589
0.0, 12.454404499887557
0.0, 12.454404499887557
208.4326134958088, 5.360289766905197
0.0, 208.4326134958088
206.46951024024224, 1.9631032555665513
101.78219281433289, 104.68731742590936
60.114514037560156, 41.66767877677273
0.0, 60.114514037560156
0.0, 60.114514037560156
82.29841541011912, 19.483777404213768
0.0, 82.29841541011912
25.317474679099895, 56.980940731019224
0.0, 25.317474679099895
12.222378445803185, 13.09509623329671
0.0, 12.222378445803185
0.0, 12.222378445803185
205.49283666714967, 0.9766735730925689
51.345075196362814, 154.14776147078686
0.0, 51.345075196362814
21.048075568425734, 30.29699962793708
0.0, 21.048075568425734
15.734580014445054, 5.31349555398068
0.0, 15.734580014445054
0.0, 15.734580014445054
202.586654882791, 2.9061817843586653
153.45402164004713, 49.13263324274388
0.0, 153.45402164004713
0.0, 153.45402164004713
200.91883359654068, 1.66782128625033
0.0, 200.91883359654068
139.25938074106296, 61.659452855477724
0.0, 139.25938074106296
108.81703787164842, 30.44234286941453
0.0, 108.81703787164842
32.58966571408353, 76.2273721575649
0.0, 32.58966571408353
0.0, 32.58966571408353
