node_generations, branch_length
2113.7226706780752, 24313.197526601078
299.47689834938575, 1814.2457723286896
43.561810028259934, 255.9150883211258
1.4282403903548218, 42.13356963790511
0.5232186500438794, 0.9050217403109424
0.0, 0.5232186500438794
0.0, 0.5232186500438794
0.7180009622774706, 0.7102394280773512
0.0, 0.7180009622774706
0.0, 0.7180009622774706
4.021842030438988, 39.539967997820945
0.0, 4.021842030438988
2.306379889671319, 1.7154621407676687
0.0, 2.306379889671319
1.5471898077047321, 0.7591900819665869
0.0, 1.5471898077047321
0.0, 1.5471898077047321
186.32951716466533, 113.14738118472042
20.467316051939033, 165.8622011127263
0.0, 20.467316051939033
0.0, 20.467316051939033
168.03985291908592, 18.289664245579417
15.867092964573517, 152.1727599545124
9.660928251341893, 6.206164713231624
5.203380747331727, 4.457547504010166
0.4250702923556919, 4.778310454976036
0.0, 0.4250702923556919
0.0, 0.4250702923556919
3.3668381916564214, 1.8365425556753059
0.0, 3.3668381916564214
2.5866113783501428, 0.7802268133062786
0.0, 2.5866113783501428
1.2206166534850218, 1.365994724865121
0.0, 1.2206166534850218
0.0, 1.2206166534850218
5.803891326404349, 3.8570369249375442
1.0239741447911903, 4.7799171816131585
0.0, 1.0239741447911903
0.0, 1.0239741447911903
4.099547186998598, 1.7043441394057508
0.0, 4.099547186998598
2.635396203511352, 1.4641509834872464
0.0, 2.635396203511352
0.0, 2.635396203511352
12.948021015127365, 2.9190719494461526
0.0, 12.948021015127365
0.0, 12.948021015127365
87.3129059340194, 80.72694698506652
11.226212598433635, 76.08669333558576
0.0, 11.226212598433635
9.605328159323305, 1.6208844391103305
3.3506902440572257, 6.254637915266079
0.0, 3.3506902440572257
1.1479227075197729, 2.202767536537453
0.0, 1.1479227075197729
0.0, 1.1479227075197729
4.83027579821034, 4.775052361112965
2.813469228076762, 2.016806570133578
0.0, 2.813469228076762
0.0, 2.813469228076762
3.7220436548103635, 1.1082321433999764
0.0, 3.7220436548103635
0.24119832159159535, 3.480845333218768
0.0, 0.24119832159159535
0.0, 0.24119832159159535
17.619096158581772, 69.69380977543763
5.221906968288356, 12.397189190293417
0.0, 5.221906968288356
0.0, 5.221906968288356
12.392697096085634, 5.226399062496139
0.0, 12.392697096085634
0.0, 12.392697096085634
485.3645673062105, 1628.3581033718647
53.58704282971678, 431.77752447649374
25.68140060574251, 27.90564222397427
14.724581022809096, 10.956819582933415
0.0, 14.724581022809096
1.1554506939990166, 13.569130328810079
0.0, 1.1554506939990166
0.0, 1.1554506939990166
16.800112522042433, 8.881288083700078
0.0, 16.800112522042433
9.483934479624558, 7.316178042417874
0.15905830911643506, 9.324876170508123
0.0, 0.15905830911643506
0.0, 0.15905830911643506
4.879611456591009, 4.604323023033549
0.0, 4.879611456591009
0.0, 4.879611456591009
31.07197840407041, 22.51506442564637
0.0, 31.07197840407041
17.845009034400427, 13.226969369669984
8.882324221151734, 8.962684813248693
0.0, 8.882324221151734
0.0, 8.882324221151734
10.685498650229428, 7.159510384170998
6.31861085341459, 4.366887796814838
0.0, 6.31861085341459
4.400128007536772, 1.9184828458778185
0.0, 4.400128007536772
2.4482297013688883, 1.9518983061678834
0.0, 2.4482297013688883
1.246480051412123, 1.2017496499567653
0.0, 1.246480051412123
0.0, 1.246480051412123
6.976739111447376, 3.7087595387820524
0.0, 6.976739111447376
2.633987961207414, 4.3427511502399625
0.0, 2.633987961207414
1.2645370049053783, 1.3694509563020356
0.0, 1.2645370049053783
0.0, 1.2645370049053783
159.54769081920568, 325.81687648700483
40.56268273414608, 118.9850080850596
26.66306110924906, 13.89962162489702
0.6202790205758405, 26.04278208867322
0.0, 0.6202790205758405
0.0, 0.6202790205758405
18.052176795331995, 8.610884313917065
0.0, 18.052176795331995
4.5675314003288685, 13.484645395003128
0.0, 4.5675314003288685
1.308847652195394, 3.2586837481334747
0.0, 1.308847652195394
0.0, 1.308847652195394
39.19743766777739, 1.3652450663686864
23.072903192297506, 16.124534475479887
0.0, 23.072903192297506
15.894620460397551, 7.178282731899955
1.6076056491625774, 14.287014811234974
0.0, 1.6076056491625774
0.0, 1.6076056491625774
13.91463178612222, 1.9799886742753312
0.0, 13.91463178612222
5.5712028118947, 8.34342897422752
0.0, 5.5712028118947
0.0, 5.5712028118947
36.84627493163105, 2.3511627361463425
0.0, 36.84627493163105
25.062413641610938, 11.783861290020113
0.0, 25.062413641610938
13.148486614333706, 11.913927027277232
4.55422162035408, 8.594264993979625
0.0, 4.55422162035408
2.944522879878904, 1.6096987404751761
0.0, 2.944522879878904
2.38646251725154, 0.5580603626273639
0.0, 2.38646251725154
0.0, 2.38646251725154
12.161333478020623, 0.9871531363130828
0.0, 12.161333478020623
4.90433521770003, 7.256998260320593
0.0, 4.90433521770003
0.3168139632457287, 4.587521254454302
0.0, 0.3168139632457287
0.0, 0.3168139632457287
103.70386215063392, 55.84382866857176
50.880165985796076, 52.82369616483785
6.953656149856191, 43.92650983593988
0.0, 6.953656149856191
4.14657367837217, 2.807082471484021
0.0, 4.14657367837217
0.0, 4.14657367837217
49.440100979644285, 1.4400650061517908
14.495119844257115, 34.94498113538717
0.0, 14.495119844257115
0.0, 14.495119844257115
34.90158558402386, 14.538515395620422
1.3069323301207774, 33.59465325390308
0.8483671801426083, 0.4585651499781691
0.0, 0.8483671801426083
0.0, 0.8483671801426083
1.001980428730425, 0.30495190139035233
0.0, 1.001980428730425
0.0, 1.001980428730425
10.525896378799937, 24.375689205223928
2.7077833892701024, 7.818112989529834
0.0, 2.7077833892701024
0.15874381446759253, 2.54903957480251
0.0, 0.15874381446759253
0.0, 0.15874381446759253
8.103325384076456, 2.422570994723481
0.0, 8.103325384076456
1.431052234687689, 6.672273149388767
0.0, 1.431052234687689
1.1215815345558688, 0.3094707001318202
0.05410526852226781, 1.067476266033601
0.0, 0.05410526852226781
0.0, 0.05410526852226781
0.20570662723539154, 0.9158749073204773
0.0, 0.20570662723539154
0.0, 0.20570662723539154
98.57507119873033, 5.128790951903596
90.09197578365394, 8.483095415076392
3.7076337723720894, 86.38434201128184
0.0, 3.7076337723720894
0.958039917637186, 2.7495938547349033
0.0, 0.958039917637186
0.4406560721592251, 0.5173838454779609
0.0, 0.4406560721592251
0.0, 0.4406560721592251
71.66539541194149, 18.426580371712447
0.0, 71.66539541194149
24.298506400353748, 47.366889011587745
9.42337009066679, 14.875136309686958
0.0, 9.42337009066679
4.748356399030956, 4.675013691635834
0.5855587356381164, 4.16279766339284
0.0, 0.5855587356381164
0.0, 0.5855587356381164
3.6049124976116005, 1.1434439014193556
0.0, 3.6049124976116005
2.8538923572616484, 0.7510201403499521
0.0, 2.8538923572616484
0.6365206470475105, 2.2173717102141377
0.0, 0.6365206470475105
0.0, 0.6365206470475105
9.4434739530511, 14.855032447302648
0.0, 9.4434739530511
0.0, 9.4434739530511
98.05658326267985, 0.5184879360504766
44.24302319138548, 53.81356007129437
40.304279155425974, 3.938744035959509
7.568559547862192, 32.73571960756378
0.0, 7.568559547862192
0.9022791746110446, 6.666280373251147
0.0, 0.9022791746110446
0.0, 0.9022791746110446
26.961039366549397, 13.343239788876577
3.8555069938562823, 23.105532372693116
0.0, 3.8555069938562823
3.7956724851087396, 0.0598345087475427
0.0, 3.7956724851087396
0.0, 3.7956724851087396
19.29085719785584, 7.670182168693557
6.114521271317187, 13.176335926538652
0.0, 6.114521271317187
0.0, 6.114521271317187
15.747624201059342, 3.5432329967964975
0.0, 15.747624201059342
3.310214927241569, 12.437409273817773
0.0, 3.310214927241569
0.1460798112996118, 3.1641351159419573
0.0, 0.1460798112996118
0.0, 0.1460798112996118
41.04822106246514, 3.194802128920344
23.501853262831332, 17.546367799633806
0.0, 23.501853262831332
4.095803712539544, 19.40604955029179
0.0, 4.095803712539544
2.8715707802288977, 1.2242329323106462
0.0, 2.8715707802288977
0.6545026880638793, 2.217068092165018
0.0, 0.6545026880638793
0.0, 0.6545026880638793
30.16746142113062, 10.880759641334517
0.0, 30.16746142113062
6.729632048807315, 23.437829372323307
0.0, 6.729632048807315
0.0, 6.729632048807315
62.28640939383918, 35.77017386884067
22.199125740937106, 40.08728365290207
7.802833089407519, 14.396292651529587
1.5864031817312958, 6.216429907676224
0.0, 1.5864031817312958
0.2750026462007332, 1.3114005355305625
0.0, 0.2750026462007332
0.0, 0.2750026462007332
3.049556370464395, 4.753276718943124
0.0, 3.049556370464395
2.561278171166498, 0.48827819929789706
0.0, 2.561278171166498
0.0, 2.561278171166498
20.129987282634836, 2.0691384583022696
0.0, 20.129987282634836
6.493386255067685, 13.636601027567151
0.0, 6.493386255067685
2.674281811403017, 3.8191044436646684
0.0, 2.674281811403017
0.0, 2.674281811403017
37.72017411668036, 24.566235277158817
0.0, 37.72017411668036
20.705002874442076, 17.015171242238285
8.785509176393916, 11.91949369804816
4.034382381296487, 4.751126795097429
0.0, 4.034382381296487
0.0, 4.034382381296487
4.197645979743489, 4.587863196650427
0.0, 4.197645979743489
3.866432457863247, 0.33121352188024167
0.17361547705510266, 3.692816980808144
0.0, 0.17361547705510266
0.0, 0.17361547705510266
2.607072747034219, 1.259359710829028
0.0, 2.607072747034219
2.412655676824809, 0.1944170702094099
0.0, 2.412655676824809
0.8647723540845673, 1.5478833227402418
0.0, 0.8647723540845673
0.0, 0.8647723540845673
18.418262532219504, 2.286740342222572
6.10964514951495, 12.308617382704554
0.0, 6.10964514951495
3.104523832064485, 3.0051213174504654
0.0, 3.104523832064485
2.7651983456017835, 0.33932548646270133
0.0, 2.7651983456017835
0.0, 2.7651983456017835
10.284615134312508, 8.133647397906996
0.0, 10.284615134312508
3.9178368012325144, 6.366778333079994
0.0, 3.9178368012325144
0.0, 3.9178368012325144
13637.77499205018, 12789.145205228973
7943.2867363103, 5694.48825573988
2590.4698916009506, 5352.8168447093485
75.75432030454897, 2514.715571296402
22.27699116836221, 53.47732913618676
10.70905699930865, 11.567934169053558
0.0, 10.70905699930865
3.6369900617177606, 7.07206693759089
0.0, 3.6369900617177606
2.9056182103874377, 0.7313718513303229
0.0, 2.9056182103874377
1.361061757896182, 1.5445564524912558
0.0, 1.361061757896182
0.0, 1.361061757896182
21.538580672343937, 0.7384104960182718
10.46604362948451, 11.072537042859427
0.0, 10.46604362948451
1.239875644345575, 9.226167985138934
0.0, 1.239875644345575
1.1518642393974163, 0.08801140494815862
0.0, 1.1518642393974163
0.0, 1.1518642393974163
17.521300005476217, 4.01728066686772
0.0, 17.521300005476217
4.234217091615678, 13.287082913860539
0.0, 4.234217091615678
0.9991381160554288, 3.235078975560249
0.0, 0.9991381160554288
0.2722862504864009, 0.7268518655690279
0.0, 0.2722862504864009
0.0, 0.2722862504864009
69.87566977317218, 5.878650531376792
39.40147510309504, 30.47419467007714
0.044718280906243614, 39.35675682218879
0.0, 0.044718280906243614
0.0, 0.044718280906243614
2.9014405979328695, 36.50003450516217
0.0, 2.9014405979328695
1.4768271505847375, 1.424613447348132
0.0, 1.4768271505847375
0.0, 1.4768271505847375
52.95313408583812, 16.922535687334054
21.211503417712972, 31.74163066812515
0.17102986607118872, 21.040473551641785
0.0, 0.17102986607118872
0.0, 0.17102986607118872
12.225576097189442, 8.98592732052353
0.0, 12.225576097189442
1.0781558943435572, 11.147420202845886
0.0, 1.0781558943435572
0.0, 1.0781558943435572
22.22981316114242, 30.723320924695702
16.375567083734026, 5.854246077408394
0.0, 16.375567083734026
9.20745193791989, 7.168115145814136
0.0, 9.20745193791989
4.4727677915466755, 4.7346841463732146
3.2957772236052936, 1.176990567941382
0.0, 3.2957772236052936
3.280118347814931, 0.015658875790362625
0.0, 3.280118347814931
1.700385630611126, 1.579732717203805
0.0, 1.700385630611126
0.7814824504834517, 0.9189031801276744
0.0, 0.7814824504834517
0.017507483503399823, 0.7639749669800519
0.0, 0.017507483503399823
0.0, 0.017507483503399823
3.8058321204679735, 0.666935671078702
0.0, 3.8058321204679735
0.22551925020946806, 3.5803128702585054
0.0, 0.22551925020946806
0.0, 0.22551925020946806
21.3478125496997, 0.8820006114427201
2.314842912284473, 19.032969637415228
0.0, 2.314842912284473
1.3581677651513708, 0.9566751471331021
0.0, 1.3581677651513708
0.0, 1.3581677651513708
12.900187981978384, 8.447624567721316
0.0, 12.900187981978384
11.677265002467937, 1.2229229795104466
1.237472862913313, 10.439792139554624
0.0, 1.237472862913313
0.0, 1.237472862913313
5.308995412526261, 6.368269589941677
0.0, 5.308995412526261
0.0, 5.308995412526261
165.6919173497862, 2424.7779742511643
105.58412257802047, 60.107794771765725
61.426278897752496, 44.15784368026797
17.370552556849592, 44.05572634090291
0.0, 17.370552556849592
14.978573666584978, 2.391978890264614
5.469000249034717, 9.50957341755026
0.0, 5.469000249034717
1.334188387186995, 4.134811861847721
0.0, 1.334188387186995
0.31736554913368575, 1.0168228380533093
0.0, 0.31736554913368575
0.12077033477395117, 0.1965952143597346
0.0, 0.12077033477395117
0.0, 0.12077033477395117
13.686995206279919, 1.2915784603050593
0.0, 13.686995206279919
0.0, 13.686995206279919
43.52015215594275, 17.906126741809743
13.51529404771043, 30.004858108232323
0.0, 13.51529404771043
0.0, 13.51529404771043
29.896946821937075, 13.623205334005679
0.0, 29.896946821937075
0.12446100511836423, 29.772485816818712
0.0, 0.12446100511836423
0.0, 0.12446100511836423
93.15107482263247, 12.433047755388003
17.200093792339242, 75.95098103029322
3.033676412539602, 14.16641737979964
0.0, 3.033676412539602
0.0, 3.033676412539602
3.3319504610788857, 13.868143331260356
2.794807920541179, 0.5371425405377068
0.0, 2.794807920541179
0.0, 2.794807920541179
3.0602770225542906, 0.27167343852459513
0.0, 3.0602770225542906
0.0, 3.0602770225542906
39.6405229095669, 53.51055191306557
9.432195262746568, 30.20832764682033
0.0, 9.432195262746568
1.3205217541556085, 8.11167350859096
0.0, 1.3205217541556085
0.0, 1.3205217541556085
22.507564562613684, 17.132958346953213
8.604045323462154, 13.90351923915153
0.0, 8.604045323462154
6.065644468933098, 2.5384008545290557
0.0, 6.065644468933098
2.101232763916051, 3.9644117050170475
0.0, 2.101232763916051
0.38845439098839885, 1.712778372927652
0.0, 0.38845439098839885
0.31309016445094295, 0.07536422653745589
0.0, 0.31309016445094295
0.0, 0.31309016445094295
10.25081860027549, 12.256745962338194
4.8955632623869825, 5.355255337888508
2.9515276185792247, 1.9440356438077577
0.0, 2.9515276185792247
2.5900798573364328, 0.361447761242792
0.0, 2.5900798573364328
0.0, 2.5900798573364328
4.143490109014659, 0.7520731533723231
0.0, 4.143490109014659
1.3877859259599084, 2.755704183054751
0.0, 1.3877859259599084
0.0, 1.3877859259599084
8.987778005694357, 1.263040594581133
0.0, 8.987778005694357
5.618028310065063, 3.3697496956292943
0.0, 5.618028310065063
2.8762142918608387, 2.7418140182042245
0.0, 2.8762142918608387
0.0, 2.8762142918608387
119.04937072879613, 46.64254662099006
31.808916981828805, 87.24045374696733
3.0616210722997077, 28.747295909529097
0.0, 3.0616210722997077
0.0, 3.0616210722997077
28.56042768275277, 3.2484892990760343
12.463865808289246, 16.096561874463525
5.305418911671368, 7.158446896617877
0.0, 5.305418911671368
1.0528017896652644, 4.252617122006104
0.0, 1.0528017896652644
0.0, 1.0528017896652644
8.427978615170721, 4.0358871931185245
0.0, 8.427978615170721
2.8422537874019715, 5.5857248277687495
0.0, 2.8422537874019715
0.0, 2.8422537874019715
25.328315623700774, 3.232112059051996
0.0, 25.328315623700774
2.8367961935876336, 22.49151943011314
0.0, 2.8367961935876336
2.1998557891744297, 0.6369404044132039
0.0, 2.1998557891744297
1.871089772163869, 0.32876601701056063
0.0, 1.871089772163869
0.0, 1.871089772163869
62.008638878758575, 57.04073185003756
9.6583097992462, 52.35032907951238
1.872487019905203, 7.7858227793409975
0.0, 1.872487019905203
1.4373024326921624, 0.43518458721304065
0.0, 1.4373024326921624
0.0, 1.4373024326921624
3.2249046364765497, 6.433405162769651
0.0, 3.2249046364765497
2.1012988450869345, 1.1236057913896151
0.0, 2.1012988450869345
0.0, 2.1012988450869345
61.015209286933285, 0.99342959182529
11.698449928736787, 49.3167593581965
0.0, 11.698449928736787
0.0, 11.698449928736787
17.33804529915841, 43.677163987774875
0.35131154568886214, 16.986733753469547
0.0, 0.35131154568886214
0.0840471475617006, 0.2672643981271615
0.0, 0.0840471475617006
0.0, 0.0840471475617006
16.978989540193428, 0.3590557589649812
0.0, 16.978989540193428
0.9077046306027906, 16.071284909590638
0.0, 0.9077046306027906
0.0, 0.9077046306027906
2854.3709102217267, 5088.915826088572
0.0, 2854.3709102217267
42.46213698823451, 2811.9087732334924
26.661468869410935, 15.800668118823577
0.0, 26.661468869410935
1.2703382652596642, 25.39113060415127
0.0, 1.2703382652596642
0.0, 1.2703382652596642
38.7929638821064, 3.669173106128113
15.675768766350366, 23.117195115756033
0.45609821727500355, 15.219670549075362
0.0, 0.45609821727500355
0.0, 0.45609821727500355
3.2233942981053967, 12.452374468244969
0.0, 3.2233942981053967
0.0, 3.2233942981053967
30.456074857047394, 8.336889025059005
0.0, 30.456074857047394
11.52304412059473, 18.933030736452665
0.0, 11.52304412059473
0.05982581218741734, 11.463218308407312
0.0, 0.05982581218741734
0.0, 0.05982581218741734
8110.131980999326, 5527.643011050854
2004.2538792674002, 6105.878101731925
14.9726780736077, 1989.2812011937924
9.688533848614616, 5.284144224993083
3.0118959604035296, 6.676637888211086
0.0, 3.0118959604035296
2.946695333825094, 0.06520062657843573
1.092030424379561, 1.8546649094455327
0.0, 1.092030424379561
0.0, 1.092030424379561
1.8069088583346966, 1.1397864754903972
0.0, 1.8069088583346966
0.0, 1.8069088583346966
5.774643527305426, 3.9138903213091902
3.078976272465166, 2.6956672548402603
2.9593710622048985, 0.11960521026026738
0.0, 2.9593710622048985
0.0, 2.9593710622048985
2.9823564466795363, 0.09661982578562966
0.0, 2.9823564466795363
1.0970923878984267, 1.8852640587811096
0.0, 1.0970923878984267
0.45859224810272964, 0.6385001397956971
0.0, 0.45859224810272964
0.0, 0.45859224810272964
5.640435625624342, 0.13420790168108443
0.0, 5.640435625624342
0.0, 5.640435625624342
10.663950505475091, 4.308727568132609
0.0, 10.663950505475091
8.63521461749525, 2.02873588797984
5.154486402197612, 3.4807282152976393
0.0, 5.154486402197612
0.0, 5.154486402197612
6.938089992206266, 1.6971246252889847
0.0, 6.938089992206266
1.5678689653506435, 5.3702210268556225
0.0, 1.5678689653506435
0.0, 1.5678689653506435
71.96920804744485, 1932.2846712199553
52.15506221115145, 19.8141458362934
25.097133249157256, 27.057928961994197
0.0, 25.097133249157256
22.944332017675375, 2.152801231481881
0.0, 22.944332017675375
14.367431405734685, 8.57690061194069
0.0, 14.367431405734685
8.845996603909592, 5.521434801825093
5.20498682536834, 3.6410097785412523
0.0, 5.20498682536834
0.0, 5.20498682536834
6.236001043996705, 2.6099955599128872
0.0, 6.236001043996705
0.0, 6.236001043996705
42.484627527979534, 9.67043468317192
14.961891568766676, 27.52273595921286
0.0, 14.961891568766676
0.0, 14.961891568766676
16.20859930751204, 26.276028220467495
8.386218105722596, 7.822381201789442
0.0, 8.386218105722596
7.597411311422074, 0.7888067943005224
0.0, 7.597411311422074
5.7787645634383455, 1.8186467479837285
0.0, 5.7787645634383455
0.0, 5.7787645634383455
13.735395244900271, 2.4732040626117673
0.0, 13.735395244900271
12.595617204057092, 1.1397780408431792
0.0, 12.595617204057092
0.0, 12.595617204057092
52.232403221309205, 19.736804826135646
31.08705080603523, 21.145352415273976
6.736075397590633, 24.350975408444597
2.751574976058988, 3.984500421531645
0.0, 2.751574976058988
0.0, 2.751574976058988
3.426054890870136, 3.310020506720497
0.0, 3.426054890870136
0.0, 3.426054890870136
24.803190455536168, 6.2838603504990616
17.180533976202288, 7.62265647933388
11.744386418317331, 5.436147557884956
1.3030403672238984, 10.441346051093433
0.0, 1.3030403672238984
0.8734508220633147, 0.4295895451605837
0.0, 0.8734508220633147
0.0, 0.8734508220633147
3.051227591665974, 8.693158826651358
0.0, 3.051227591665974
0.0, 3.051227591665974
16.150788166143403, 1.029745810058884
0.0, 16.150788166143403
9.556551966517397, 6.594236199626007
0.1803025304507358, 9.376249436066662
0.0, 0.1803025304507358
0.0, 0.1803025304507358
6.677553986406415, 2.8789979801109817
0.0, 6.677553986406415
0.0, 6.677553986406415
22.481934436329556, 2.3212560192066114
4.888749170862406, 17.59318526546715
3.2367476511288418, 1.652001519733564
0.0, 3.2367476511288418
2.6689299919166896, 0.5678176592121522
0.0, 2.6689299919166896
1.653918617797348, 1.0150113741193416
0.0, 1.653918617797348
0.0, 1.653918617797348
4.24788371938347, 0.6408654514789358
0.0, 4.24788371938347
3.1122441355182016, 1.1356395838652684
0.0, 3.1122441355182016
1.2684669991979343, 1.8437771363202673
0.0, 1.2684669991979343
0.0, 1.2684669991979343
7.17416479083955, 15.307769645490007
0.32760000943685513, 6.846564781402694
0.0, 0.32760000943685513
0.0, 0.32760000943685513
6.832821657462739, 0.3413431333768102
0.0, 6.832821657462739
1.6199823180213706, 5.212839339441369
0.0, 1.6199823180213706
0.8891178355277105, 0.7308644824936601
0.0, 0.8891178355277105
0.0, 0.8891178355277105
39.28194539145713, 12.950457829852077
3.6992485730793034, 35.582696818377826
0.0, 3.6992485730793034
0.0, 3.6992485730793034
19.6975816056452, 19.584363785811927
0.0, 19.6975816056452
5.582414696849456, 14.115166908795745
1.3741184235233361, 4.20829627332612
0.0, 1.3741184235233361
0.06619667249753207, 1.307921751025804
0.0, 0.06619667249753207
0.0, 0.06619667249753207
1.4869650535147838, 4.095449643334673
0.0, 1.4869650535147838
0.0, 1.4869650535147838
5490.7331164477955, 2619.39886455153
156.66618715885204, 5334.066929288943
7.395747478755107, 149.27043968009693
3.1856147253000744, 4.210132753455032
0.0, 3.1856147253000744
2.628793337617704, 0.5568213876823704
0.0, 2.628793337617704
0.0, 2.628793337617704
3.4741508729620607, 3.921596605793046
0.0, 3.4741508729620607
0.0, 3.4741508729620607
87.08676463688985, 69.57942252196219
16.335459735895228, 70.75130490099463
8.353147275136145, 7.982312460759083
0.0, 8.353147275136145
0.0, 8.353147275136145
11.709319161068032, 4.626140574827195
4.871907191144151, 6.837411969923881
0.0, 4.871907191144151
0.0, 4.871907191144151
9.781797109639353, 1.9275220514286797
1.0951685738113217, 8.686628535828032
0.0, 1.0951685738113217
0.0, 1.0951685738113217
5.740031197798849, 4.041765911840503
0.0, 5.740031197798849
4.55725990625086, 1.182771291547989
0.0, 4.55725990625086
3.1143223204987622, 1.442937585752098
0.0, 3.1143223204987622
0.43785345109609475, 2.6764688694026675
0.0, 0.43785345109609475
0.21237399289255846, 0.2254794582035363
0.0, 0.21237399289255846
0.0, 0.21237399289255846
30.06586052349758, 57.02090411339228
0.0, 30.06586052349758
27.380621262618092, 2.685239260879488
0.0, 27.380621262618092
8.868705263127946, 18.511915999490146
0.0, 8.868705263127946
6.897730472674447, 1.970974790453499
0.0, 6.897730472674447
2.861128801675181, 4.036601670999266
2.1756993449929145, 0.6854294566822663
0.0, 2.1756993449929145
0.7915989630122161, 1.3841003819806983
0.0, 0.7915989630122161
0.0, 0.7915989630122161
2.270118081256748, 0.5910107204184327
0.0, 2.270118081256748
0.918596749956232, 1.351521331300516
0.0, 0.918596749956232
0.0, 0.918596749956232
5025.029867059952, 465.70324938784324
2886.661051508499, 2138.3688155514533
139.68115354496928, 2746.9798979635298
54.58989969384574, 85.09125385112354
1.0715125992911603, 53.518387094554576
0.0, 1.0715125992911603
0.0, 1.0715125992911603
28.273702158347877, 26.31619753549786
0.0, 28.273702158347877
21.23058661109877, 7.0431155472491085
0.0, 21.23058661109877
4.5733738848656005, 16.65721272623317
0.48454954479847795, 4.088824340067123
0.0, 0.48454954479847795
0.0, 0.48454954479847795
3.0045341612154814, 1.568839723650119
1.213777007794367, 1.7907571534211144
0.0, 1.213777007794367
0.0, 1.213777007794367
2.3785622173854497, 0.6259719438300317
0.0, 2.3785622173854497
0.15787975876288077, 2.220682458622569
0.0, 0.15787975876288077
0.0, 0.15787975876288077
118.83268980034408, 20.848463744625192
0.0, 118.83268980034408
38.16021780920132, 80.67247199114277
4.0189447290684255, 34.1412730801329
0.0, 4.0189447290684255
1.6642795493381222, 2.3546651797303033
0.0, 1.6642795493381222
0.0, 1.6642795493381222
28.79861145642254, 9.361606352778779
0.0, 28.79861145642254
11.676502058060882, 17.12210939836166
0.1605754871622219, 11.51592657089866
0.0, 0.1605754871622219
0.0, 0.1605754871622219
10.494162798743343, 1.1823392593175388
0.0, 10.494162798743343
3.906602505158527, 6.587560293584816
0.0, 3.906602505158527
1.6923903927608581, 2.214212112397669
0.0, 1.6923903927608581
0.0, 1.6923903927608581
2720.0508333174994, 166.6102181909996
119.29536804976479, 2600.7554652677345
55.95366286081908, 63.34170518894571
16.140225421113943, 39.81343743970514
0.9004300827405155, 15.239795338373428
0.0, 0.9004300827405155
0.0, 0.9004300827405155
11.390219290004962, 4.7500061311089805
0.0, 11.390219290004962
0.0, 11.390219290004962
54.289984805554894, 1.6636780552641852
20.392651260754054, 33.897333544800844
19.802951137568733, 0.5897001231853203
11.76505724391942, 8.037893893649313
0.0, 11.76505724391942
9.912711609732337, 1.852345634187083
0.0, 9.912711609732337
3.1218139864329415, 6.790897623299395
0.0, 3.1218139864329415
0.0, 3.1218139864329415
12.848868680064122, 6.954082457504612
0.0, 12.848868680064122
11.637551322569449, 1.2113173574946732
5.3416514600972, 6.295899862472249
0.0, 5.3416514600972
0.0, 5.3416514600972
5.573686708772839, 6.06386461379661
0.0, 5.573686708772839
2.0761913965703362, 3.4974953122025028
0.0, 2.0761913965703362
0.0, 2.0761913965703362
19.893117303996604, 0.4995339567574497
6.042539977851663, 13.85057732614494
0.0, 6.042539977851663
0.0, 6.042539977851663
7.981000832298091, 11.912116471698514
0.0, 7.981000832298091
0.9488011117059895, 7.032199720592101
0.0, 0.9488011117059895
0.0, 0.9488011117059895
43.0327498790437, 11.257234926511195
2.5954408654150445, 40.437309013628656
0.0, 2.5954408654150445
0.0, 2.5954408654150445
27.95965377849641, 15.07309610054729
6.3300706286467605, 21.62958314984965
0.0, 6.3300706286467605
0.0, 6.3300706286467605
25.66462972798438, 2.29502405051203
0.0, 25.66462972798438
4.904932086112765, 20.759697641871615
0.0, 4.904932086112765
0.0, 4.904932086112765
99.59069048900759, 19.704677560757204
16.853621191105617, 82.73706929790197
4.604596387855723, 12.249024803249895
0.0, 4.604596387855723
1.7465243932013426, 2.85807199465438
0.0, 1.7465243932013426
0.0, 1.7465243932013426
8.488099089806038, 8.365522101299579
0.0, 8.488099089806038
5.788030248063716, 2.700068841742322
0.0, 5.788030248063716
1.5263588879171215, 4.261671360146595
0.0, 1.5263588879171215
0.0, 1.5263588879171215
26.711295009403475, 72.87939547960411
0.0, 26.711295009403475
0.0, 26.711295009403475
2484.465477299716, 235.5853560177834
32.138001248666306, 2452.32747605105
18.9942600287825, 13.143741219883808
0.0, 18.9942600287825
4.122135413783931, 14.872124614998569
0.0, 4.122135413783931
0.3079383403923278, 3.814197073391603
0.0, 0.3079383403923278
0.0, 0.3079383403923278
25.942090387771334, 6.195910860894973
6.865662462933074, 19.07642792483826
0.0, 6.865662462933074
5.67837872481151, 1.1872837381215637
0.0, 5.67837872481151
5.161649090426554, 0.5167296343849559
0.0, 5.161649090426554
2.0241739321473893, 3.1374751582791647
0.0, 2.0241739321473893
0.0, 2.0241739321473893
9.482303248001832, 16.459787139769503
0.0, 9.482303248001832
0.5725698048192279, 8.909733443182605
0.0, 0.5725698048192279
0.0, 0.5725698048192279
161.91441120863882, 2322.5510660910772
58.753893769835244, 103.16051743880358
2.302435364497275, 56.451458405337966
0.3625126741585446, 1.9399226903387303
0.0, 0.3625126741585446
0.0, 0.3625126741585446
1.1309500163975441, 1.171485348099731
0.0, 1.1309500163975441
0.15700320144027666, 0.9739468149572674
0.0, 0.15700320144027666
0.0, 0.15700320144027666
30.634274188001896, 28.119619581833348
0.8068764394939676, 29.827397748507927
0.0, 0.8068764394939676
0.0, 0.8068764394939676
23.49126934319454, 7.143004844807358
8.804594823705203, 14.686674519489335
2.3584691808391107, 6.446125642866093
0.0, 2.3584691808391107
0.0, 2.3584691808391107
5.38463599939456, 3.419958824310643
0.0, 5.38463599939456
1.0036452551392885, 4.380990744255271
0.0, 1.0036452551392885
0.0, 1.0036452551392885
18.697514055591586, 4.793755287602952
0.0, 18.697514055591586
0.0, 18.697514055591586
68.62321507492831, 93.29119613371051
20.932975175820822, 47.69023989910749
0.0, 20.932975175820822
0.0, 20.932975175820822
22.93151564411266, 45.691699430815646
0.0, 22.93151564411266
7.774509074406315, 15.157006569706347
0.0, 7.774509074406315
0.0, 7.774509074406315
3194.2759825706094, 1830.753884489343
400.82618731547905, 2793.44979525513
96.8466687649975, 303.97951855048154
19.909331554172837, 76.93733721082467
6.299653706160003, 13.609677848012835
0.0, 6.299653706160003
4.421868413409927, 1.877785292750076
0.0, 4.421868413409927
1.0711906655618342, 3.3506777478480925
0.0, 1.0711906655618342
0.0, 1.0711906655618342
15.824157871997611, 4.085173682175226
2.8113748746446516, 13.01278299735296
0.0, 2.8113748746446516
0.0, 2.8113748746446516
9.754823906129115, 6.069333965868497
0.0, 9.754823906129115
7.328148769670274, 2.426675136458841
0.0, 7.328148769670274
1.7728721783907906, 5.555276591279483
0.0, 1.7728721783907906
0.1517938134833977, 1.621078364907393
0.0, 0.1517938134833977
0.0, 0.1517938134833977
44.93216085937133, 51.914507905626174
18.035854473929277, 26.896306385442053
10.748887119650497, 7.286967354278779
2.036683870160847, 8.71220324948965
0.0, 2.036683870160847
0.0, 2.036683870160847
4.71045902727776, 6.038428092372738
0.0, 4.71045902727776
3.715028429792314, 0.9954305974854458
0.0, 3.715028429792314
3.4135864969216225, 0.30144193287069143
0.5109012603541964, 2.902685236567426
0.0, 0.5109012603541964
0.0, 0.5109012603541964
1.2583512373988663, 2.1552352595227564
0.0, 1.2583512373988663
0.0, 1.2583512373988663
11.747690200459205, 6.288164273470072
7.637310967275294, 4.110379233183911
0.0, 7.637310967275294
0.0, 7.637310967275294
11.213888538936283, 0.5338016615229222
1.562558583723013, 9.65132995521327
0.0, 1.562558583723013
0.0, 1.562558583723013
3.4516876478818874, 7.762200891054396
2.67459678431535, 0.7770908635665372
0.0, 2.67459678431535
2.480910051562029, 0.19368673275332116
0.0, 2.480910051562029
0.0, 2.480910051562029
3.390695073578958, 0.06099257430292937
1.0674679262836482, 2.32322714729531
0.0, 1.0674679262836482
0.0, 1.0674679262836482
2.696382680115986, 0.694312393462972
2.0683026396156303, 0.6280800405003557
0.0, 2.0683026396156303
1.6493083558045816, 0.41899428381104875
0.0, 1.6493083558045816
0.0, 1.6493083558045816
2.659990069445927, 0.03639261067005917
0.0, 2.659990069445927
0.9737700311141604, 1.6862200383317665
0.0, 0.9737700311141604
0.0, 0.9737700311141604
20.964960044602083, 23.967200814769246
0.0, 20.964960044602083
0.0, 20.964960044602083
100.88559730534358, 299.94059001013545
82.49766838863644, 18.38792891670714
61.77446597937902, 20.723202409257418
39.29897971517367, 22.47548626420535
0.0, 39.29897971517367
35.08535889905741, 4.213620816116261
12.335513619166928, 22.749845279890483
0.0, 12.335513619166928
0.184749639728951, 12.150763979437977
0.0, 0.184749639728951
0.0, 0.184749639728951
12.66508408951645, 22.420274809540963
0.0, 12.66508408951645
0.0, 12.66508408951645
58.30815982433714, 3.4663061550418846
0.0, 58.30815982433714
56.44438439085886, 1.8637754334782812
50.85930014598588, 5.585084244872981
0.0, 50.85930014598588
50.301558903573195, 0.557741242412682
24.534552953956837, 25.767005949616358
0.0, 24.534552953956837
0.0, 24.534552953956837
34.293363575972016, 16.00819532760118
15.797995350602982, 18.495368225369035
0.0, 15.797995350602982
2.156974593000405, 13.641020757602575
0.0, 2.156974593000405
0.0, 2.156974593000405
17.361793408676196, 16.93157016729582
9.338822122954085, 8.022971285722111
0.0, 9.338822122954085
9.229365437787774, 0.10945668516631102
6.78128991377207, 2.448075524015704
4.416805646671122, 2.3644842671009476
0.0, 4.416805646671122
1.3068403950852416, 3.1099652515858804
0.0, 1.3068403950852416
0.018737598449679163, 1.2881027966355625
0.0, 0.018737598449679163
0.0, 0.018737598449679163
6.705224895018771, 0.0760650187532983
0.0, 6.705224895018771
0.20459563377862436, 6.500629261240147
0.0, 0.20459563377862436
0.0, 0.20459563377862436
8.786442314630433, 0.4429231231573407
2.8424306305456595, 5.944011684084773
0.0, 2.8424306305456595
0.0, 2.8424306305456595
8.340303989766548, 0.4461383248638846
2.3392994705244963, 6.001004519242052
0.0, 2.3392994705244963
0.0, 2.3392994705244963
3.4772227769912623, 4.8630812127752865
0.0, 3.4772227769912623
1.410853106897351, 2.066369670093911
0.0, 1.410853106897351
0.0, 1.410853106897351
12.133336604035192, 5.228456804641004
0.0, 12.133336604035192
2.223307956415173, 9.910028647620019
0.0, 2.223307956415173
0.0, 2.223307956415173
51.887316223329925, 4.557068167528932
3.9745386682321424, 47.91277755509778
2.944848632742515, 1.0296900354896272
0.0, 2.944848632742515
0.0, 2.944848632742515
3.104032373591588, 0.8705062946405544
0.0, 3.104032373591588
3.0322013895937534, 0.07183098399783461
0.0, 3.0322013895937534
0.0, 3.0322013895937534
50.87108995598508, 1.016226267344848
7.3126127925777675, 43.55847716340731
0.7793861340526068, 6.533226658525161
0.0, 0.7793861340526068
0.0, 0.7793861340526068
5.726908442278384, 1.585704350299384
0.0, 5.726908442278384
0.8445438439648182, 4.882364598313566
0.0, 0.8445438439648182
0.0, 0.8445438439648182
40.19044355815933, 10.680646397825747
0.0, 40.19044355815933
9.389399931825297, 30.801043626334035
0.0, 9.389399931825297
5.950425700194862, 3.438974231630435
0.0, 5.950425700194862
1.2959358354065706, 4.6544898647882915
0.0, 1.2959358354065706
0.0, 1.2959358354065706
63.77656670021756, 18.721101688418884
52.13990444732275, 11.636662252894808
5.38578101762998, 46.75412342969277
0.0, 5.38578101762998
0.0, 5.38578101762998
11.565871260434028, 40.57403318688872
0.0, 11.565871260434028
6.799063641382324, 4.766807619051703
1.4599003965032356, 5.339163244879089
0.0, 1.4599003965032356
0.0, 1.4599003965032356
2.829063650907142, 3.9699999904751824
0.0, 2.829063650907142
0.2342470869663942, 2.5948165639407477
0.0, 0.2342470869663942
0.0, 0.2342470869663942
54.57075534301364, 9.20581135720392
31.654561710874606, 22.91619363213903
0.0, 31.654561710874606
11.551063383930634, 20.10349832694397
1.8935504760450623, 9.657512907885572
0.0, 1.8935504760450623
0.0, 1.8935504760450623
2.893338734386562, 8.657724649544072
0.0, 2.893338734386562
0.0, 2.893338734386562
53.64929064535656, 0.9214646976570791
26.020917447689357, 27.6283731976672
0.0, 26.020917447689357
17.228441887675693, 8.792475560013663
0.0, 17.228441887675693
9.554269391538938, 7.674172496136755
0.0, 9.554269391538938
1.8791643630534385, 7.6751050284855
0.0, 1.8791643630534385
0.0, 1.8791643630534385
46.58467256490346, 7.064618080453101
4.215692460888932, 42.368980104014526
0.0, 4.215692460888932
4.1054756056305175, 0.11021685525841463
1.8069916934623234, 2.2984839121681944
0.0, 1.8069916934623234
0.3028520831407852, 1.504139610321538
0.0, 0.3028520831407852
0.0, 0.3028520831407852
3.881400086403447, 0.2240755192270707
0.0, 3.881400086403447
2.6023151877358375, 1.2790848986676093
0.0, 2.6023151877358375
0.0, 2.6023151877358375
29.785545467111564, 16.799127097791892
0.0, 29.785545467111564
17.909611259868992, 11.875934207242572
0.0, 17.909611259868992
3.4374557606472496, 14.472155499221742
0.0, 3.4374557606472496
0.0, 3.4374557606472496
86.76720735830504, 14.118389947038537
22.786929803406526, 63.98027755489852
6.103567829562493, 16.683361973844033
0.0, 6.103567829562493
0.5595219261664867, 5.544045903396007
0.0, 0.5595219261664867
0.0, 0.5595219261664867
12.938919723251699, 9.848010080154827
2.537918324220333, 10.401001399031365
0.0, 2.537918324220333
0.6974861070714389, 1.8404322171488943
0.0, 0.6974861070714389
0.0, 0.6974861070714389
10.695235964922107, 2.243683758329592
6.992819365859538, 3.702416599062569
0.0, 6.992819365859538
2.4728860265270844, 4.519933339332454
0.0, 2.4728860265270844
0.0, 2.4728860265270844
7.878336506600694, 2.816899458321413
0.0, 7.878336506600694
1.3310380909804973, 6.5472984156201965
0.0, 1.3310380909804973
0.0, 1.3310380909804973
40.24486605206329, 46.522341306241756
21.011181453982967, 19.23368459808032
5.581696397042095, 15.429485056940873
0.0, 5.581696397042095
4.236615043237617, 1.3450813538044786
0.0, 4.236615043237617
2.1620596215745493, 2.0745554216630673
0.0, 2.1620596215745493
0.0, 2.1620596215745493
13.684690194994893, 7.326491258988074
0.0, 13.684690194994893
0.0, 13.684690194994893
34.60768771908221, 5.63717833298108
0.0, 34.60768771908221
33.860830881080496, 0.7468568380017118
13.489872851696337, 20.37095802938416
0.0, 13.489872851696337
0.3574376094022405, 13.132435242294097
0.0, 0.3574376094022405
0.0, 0.3574376094022405
20.773498541163367, 13.087332339917129
0.0, 20.773498541163367
13.081982356203287, 7.691516184960079
0.0, 13.081982356203287
10.687886001737024, 2.3940963544662637
0.30435617132311443, 10.38352983041391
0.0, 0.30435617132311443
0.0, 0.30435617132311443
2.5145551513337314, 8.173330850403293
0.0, 2.5145551513337314
0.0, 2.5145551513337314
2469.9470429260473, 724.3289396445621
22.804352127835735, 2447.1426907982113
2.8684123641615926, 19.935939763674142
0.0, 2.8684123641615926
0.0, 2.8684123641615926
9.047672728231728, 13.756679399604007
0.0, 9.047672728231728
0.0, 9.047672728231728
80.77542412728545, 2389.1716187987618
27.070826358216515, 53.70459776906893
1.2327164049714114, 25.8381099532451
0.0, 1.2327164049714114
0.0, 1.2327164049714114
23.0870302550271, 3.983796103189416
0.0, 23.0870302550271
0.0, 23.0870302550271
36.06009672201064, 44.715327405274806
0.0, 36.06009672201064
25.37937427084431, 10.680722451166332
8.207206541858701, 17.172167728985606
0.0, 8.207206541858701
6.733338782075367, 1.4738677597833343
0.0, 6.733338782075367
3.3013237976857015, 3.4320149843896655
0.0, 3.3013237976857015
0.0, 3.3013237976857015
16.459108907825772, 8.920265363018537
0.0, 16.459108907825772
9.703777996383904, 6.7553309114418685
0.0, 9.703777996383904
6.719479169807281, 2.984298826576623
0.0, 6.719479169807281
1.271876836305505, 5.447602333501775
0.0, 1.271876836305505
0.0, 1.271876836305505
