Node, generations
Node 8171, 69898.15692388384
Node 7366, 19165.230771712802
Node 6647, 825.841655839832
Node 6579, 539.221434436487
Node 6509, 410.7924811240894
Node 6403, 309.8372451254145
Node 6143, 231.73367971518638
Node 5661, 207.08150432302875
Node 4607, 200.86956152766322
Node 1574, 46.869831183228825
Node 2036, 74.79698270028314
Node 1225, 23.458423819976595
Node 5610, 206.24334843249147
Node 6023, 219.7249969867806
Node 5726, 208.31435201104745
Node 1775, 58.89435966656303
Node 5315, 203.62721931834074
Node 4655, 200.97964160270337
Node 1578, 47.210484436681156
Node 1224, 23.41329297155884
Node 5144, 202.63635353100076
Node 6203, 240.23203676601625
Node 5668, 207.15322908218346
Node 4465, 200.6084374213972
Node 3049, 134.17950283382353
Node 1386, 34.90495164101762
Node 1035, 6.154712210074989
Node 1598, 48.33922962398132
Node 1306, 29.41873115158511
Node 5912, 213.7458534072326
Node 1015, 2.40980407633081
Node 5899, 213.19541052516917
Node 1275, 27.57002789991419
Node 5776, 209.3163642460367
Node 2498, 101.28681990497985
Node 4931, 201.80674800937965
Node 1707, 54.80038189962797
Node 2226, 84.9982599470338
Node 6461, 357.5628930493642
Node 6140, 231.2954445653149
Node 5917, 213.99930710310932
Node 4459, 200.591841289802
Node 2529, 102.85557385572831
Node 1073, 10.644567587794455
Node 3927, 189.7568426519495
Node 3323, 151.00462382738394
Node 2196, 83.50119930636488
Node 3064, 135.1288945627664
Node 3757, 178.53747154134132
Node 2909, 123.94947710566878
Node 2501, 101.50640304420068
Node 2429, 96.67907626476804
Node 3154, 140.65842465252115
Node 5574, 205.7498488916373
Node 1897, 66.6518390112248
Node 5182, 202.84256720856115
Node 2897, 123.34124161416605
Node 2514, 102.14572528622432
Node 6220, 243.9435341272072
Node 5324, 203.6962167507911
Node 4933, 201.80994971380275
Node 3992, 193.82288365211093
Node 5412, 204.27299549269506
Node 1156, 18.160155256779845
Node 6538, 455.79413627779076
Node 6051, 221.57519804388065
Node 5243, 203.17491994458962
Node 5013, 202.10199227375006
Node 2016, 73.35340439557798
Node 1168, 19.41744797620691
Node 4857, 201.52264563227064
Node 3721, 176.2568302987914
Node 5621, 206.37500619950433
Node 5531, 205.2670610934191
Node 1064, 9.690551099863887
Node 5397, 204.2090252979809
Node 1532, 44.80095964468116
Node 5334, 203.7630190220455
Node 3387, 155.5160985054531
Node 2702, 112.8258401701165
Node 2449, 97.9718226340024
Node 5576, 205.7744534694031
Node 4497, 200.65258774472682
Node 2558, 105.41236291017806
Node 1000, 0.017178426963031367
Node 2335, 91.690815978539
Node 6496, 393.50670235741785
Node 6298, 264.5361155189325
Node 5857, 211.51173384679882
Node 5584, 205.87310758812097
Node 5527, 205.2503158774532
Node 5377, 204.04395396515295
Node 5028, 202.14378776699564
Node 4867, 201.56472219353697
Node 5160, 202.71961325472148
Node 2383, 94.30778145553343
Node 2042, 74.9826266662989
Node 5669, 207.18646441893168
Node 1059, 8.962847279760833
Node 4854, 201.5120800201248
Node 4837, 201.43744235734013
Node 3878, 186.81731029328682
Node 2522, 102.47676088430205
Node 6192, 237.8555953583314
Node 5537, 205.30851656719832
Node 5440, 204.48275242017527
Node 2160, 81.8768006668138
Node 6061, 222.82404034112605
Node 4792, 201.3112876407855
Node 4325, 200.34573121147258
Node 1645, 51.00689213324743
Node 4787, 201.29303265417408
Node 1917, 67.86098396152686
Node 2669, 111.38154832053006
Node 6347, 279.87347872928547
Node 5848, 211.20829696273623
Node 5760, 209.00775147874182
Node 1582, 47.41902463648014
Node 1444, 39.1964491567575
Node 1070, 10.372165095171871
Node 3492, 162.3353955241801
Node 3412, 156.95712667642397
Node 1390, 35.242885776485856
Node 6271, 255.86790018201327
Node 6227, 245.3302804622979
Node 5834, 210.8596061518984
Node 5008, 202.0836887598374
Node 2711, 113.38417146139282
Node 2489, 100.59673790675706
Node 1422, 37.837192654564575
Node 1687, 53.863483195530456
Node 5674, 207.2505570563358
Node 5613, 206.2764675477044
Node 5386, 204.125518460067
Node 1268, 27.30228811362794
Node 3125, 138.81029406658377
Node 2100, 78.47955047684898
Node 1869, 64.68199764998771
Node 1636, 50.54736937871899
Node 1023, 3.9404842938383644
Node 5622, 206.3788430314271
Node 4562, 200.77941779985125
Node 4160, 200.09431625189623
Node 1358, 32.98840587456278
Node 4445, 200.55024360783713
Node 1567, 46.650539928236434
Node 3628, 170.52997906425495
Node 2719, 113.70709296243643
Node 2024, 73.68651169134611
Node 1510, 43.25587671880533
Node 4904, 201.71278590751066
Node 1120, 14.655915477737114
Node 4558, 200.76227369251092
Node 1328, 31.079866149110867
Node 6195, 237.9629149829508
Node 6159, 233.31827449236445
Node 6015, 219.2939090027938
Node 5140, 202.62704104586194
Node 2314, 89.91994840942141
Node 1715, 55.24802964124918
Node 1359, 33.06028701791511
Node 1300, 28.88159459962685
Node 1068, 10.279126950606924
Node 5939, 215.18590782132952
Node 2938, 125.94775012001276
Node 1003, 0.2875323106662791
Node 2279, 88.1644371424799
Node 5371, 203.98620692405828
Node 4643, 200.9470090074832
Node 4641, 200.938487306845
Node 2089, 78.00089357188729
Node 3902, 188.37379787356377
Node 1999, 72.4781485763771
Node 1903, 67.04351118647972
Node 1313, 29.94216998607675
Node 6160, 233.37239349111678
Node 5795, 209.7093751138445
Node 1110, 13.895800337219724
Node 1434, 38.708958930796506
Node 6156, 233.05132824486307
Node 4284, 200.28196164877147
Node 1290, 28.501344568446882
Node 5803, 209.94207920749284
Node 3342, 152.02003016215647
Node 5448, 204.53084357507137
Node 2256, 86.75215784914387
Node 1746, 57.221903901650336
Node 1047, 7.624634156652762
Node 2211, 84.17642583436391
Node 1154, 17.944607795005638
Node 5176, 202.81726865930233
Node 4814, 201.37842411234294
Node 3980, 193.13266745006229
Node 5113, 202.5127498256496
Node 2356, 93.02361237461047
Node 1579, 47.22885254235059
Node 6601, 593.6606501014036
Node 6487, 374.5500252028111
Node 1878, 65.60011417441518
Node 2400, 95.0816481467226
Node 1125, 15.233109499578193
Node 1667, 52.63386184632883
Node 6508, 408.99926097804394
Node 6141, 231.32019915515113
Node 5638, 206.6327759246062
Node 1955, 70.13241975059611
Node 1032, 5.237872427612639
Node 5543, 205.40841570403262
Node 5535, 205.28109569480773
Node 6105, 226.31399535138505
Node 6052, 221.79837507488847
Node 5735, 208.51427366695276
Node 5566, 205.61455241003267
Node 2030, 74.30717787921931
Node 5655, 207.00288721393363
Node 5943, 215.34188523602452
Node 1259, 26.69427579276258
Node 5629, 206.43753796094714
Node 5615, 206.2818329191753
Node 5193, 202.90710686992773
Node 5451, 204.5536116744843
Node 5152, 202.68192160792728
Node 1008, 1.2584509772870731
Node 6084, 224.51934271889044
Node 3203, 143.84779079977392
Node 2056, 75.98830370354398
Node 3979, 193.05614373393274
Node 1063, 9.580806019432897
Node 3315, 150.66931832071796
Node 6452, 349.960852894585
Node 5868, 211.97456487882826
Node 5497, 204.92969427769353
Node 5254, 203.24967550326963
Node 1281, 27.888252345260536
Node 3334, 151.78621263856712
Node 5560, 205.57824485153765
Node 5356, 203.89983466515503
Node 1489, 42.11404660243444
Node 6245, 249.32676185377707
Node 6207, 241.26182086041757
Node 5711, 207.95425567089123
Node 5061, 202.30663856670446
Node 1424, 38.056552547881125
Node 2520, 102.39928820381402
Node 6053, 221.8228937455862
Node 5861, 211.73610353275484
Node 5957, 216.23420891685544
Node 2537, 103.83936513484291
Node 6893, 7072.850680301908
Node 6556, 488.50710004743206
Node 3515, 163.86643705163922
Node 1748, 57.3523266156618
Node 1766, 58.41175980222435
Node 1430, 38.37577372039541
Node 6506, 406.8634512233497
Node 5729, 208.37341729147474
Node 5534, 205.2803464290223
Node 4003, 194.54808353823785
Node 3378, 154.2771321668547
Node 5067, 202.33354252683998
Node 4829, 201.4158160768531
Node 1106, 13.653842393714307
Node 4865, 201.5627917808584
Node 2156, 81.73439784347124
Node 3835, 183.84892365309116
Node 2940, 126.03795431015753
Node 5843, 211.09934588415285
Node 5633, 206.45140661217798
Node 4056, 197.81628027458035
Node 1004, 0.48040260794193335
Node 4288, 200.28406498762337
Node 2792, 117.39909434421159
Node 3317, 150.8511351371826
Node 1126, 15.314568395480459
Node 6721, 1406.0423094560033
Node 6562, 513.829565733264
Node 6262, 254.41387189302665
Node 4461, 200.5985988593894
Node 1263, 27.034199307137516
Node 1037, 6.64733759849339
Node 4359, 200.3966246749123
Node 6513, 417.44847843643566
Node 6268, 255.23202066462167
Node 5882, 212.5030904104757
Node 2171, 82.38990896150821
Node 1467, 40.83474601479778
Node 5612, 206.26564426248012
Node 1013, 2.3866367265307242
Node 5020, 202.12504652741106
Node 1009, 1.3011466234406055
Node 6225, 245.12451538785874
Node 5997, 218.44993364050558
Node 5929, 214.6052658749705
Node 4353, 200.38169698914353
Node 1378, 34.35329647303885
Node 3588, 168.04929068781115
Node 1238, 24.749483561641423
Node 1159, 18.359848282723163
Node 5758, 208.9640620656859
Node 5429, 204.38733730084368
Node 2834, 119.56456356035055
Node 1014, 2.399004956218607
Node 2723, 113.89632323188104
Node 5398, 204.2207300549201
Node 3329, 151.41356665427048
Node 5391, 204.1600976456336
Node 1353, 32.69311796779004
Node 1046, 7.510377621653312
Node 2658, 110.71746054125295
Node 5507, 204.99458043987534
Node 6161, 233.38850934472845
Node 5976, 217.21712142977552
Node 1001, 0.0963116731114459
Node 5928, 214.5321253297695
Node 4922, 201.7724227683233
Node 5573, 205.70117068880222
Node 2465, 98.69368607143205
Node 1305, 29.389883279590688
Node 1472, 41.467633422782804
Node 6071, 223.45011899234416
Node 5728, 208.36985930932767
Node 2683, 112.22043332134474
Node 1998, 72.41977141114486
Node 1117, 14.55778760550164
Node 2497, 101.20058773539321
Node 1838, 62.54689411999972
Node 1433, 38.52290881145218
Node 5823, 210.54235099149997
Node 5250, 203.2273582941527
Node 4720, 201.12946803647708
Node 3568, 167.01290518337808
Node 5591, 206.0162449131034
Node 5009, 202.08902166050302
Node 1925, 68.40870165192064
Node 1254, 26.46398667413791
Node 1204, 22.103172649072143
Node 5383, 204.10246935586292
Node 6439, 338.2852414027945
Node 6384, 298.68337984196455
Node 6310, 267.5175388604498
Node 6127, 229.2162423318273
Node 5157, 202.69958268555726
Node 1509, 43.24518654827524
Node 2769, 116.40387869425062
Node 1006, 0.9160614194939289
Node 5713, 207.99154182289797
Node 1239, 24.755632807946782
Node 5249, 203.2229706344908
Node 1427, 38.21605281463779
Node 4718, 201.12764041217898
Node 2610, 108.15410699060166
Node 1420, 37.608858890315155
Node 2178, 82.79966507754446
Node 6151, 232.55662113582494
Node 5926, 214.49027879149165
Node 5532, 205.2739190033086
Node 4107, 200.01970246939314
Node 2805, 118.12618224382297
Node 4826, 201.40932047882438
Node 2288, 88.52175338040226
Node 4617, 200.89010485313344
Node 5742, 208.6400007223398
Node 3399, 156.48257301465347
Node 6094, 225.3347099949947
Node 5733, 208.46818424540845
Node 2827, 119.29454603339165
Node 1894, 66.36296985368318
Node 5238, 203.12615189305873
Node 3261, 147.1013701619981
Node 6368, 287.09208734379445
Node 6292, 263.1398146492912
Node 6231, 246.11249418898174
Node 5871, 212.10208399303778
Node 5510, 205.05843454159756
Node 5261, 203.2783960676195
Node 5128, 202.57181475226068
Node 2020, 73.47792935906376
Node 1215, 22.649653978670496
Node 5782, 209.46066981543586
Node 5475, 204.74401226214343
Node 5509, 205.03024654123186
Node 1118, 14.634300047766072
Node 5314, 203.62269580150348
Node 6056, 222.50248392866317
Node 5706, 207.87386970101284
Node 5358, 203.91034188995974
Node 3525, 164.6043224972068
Node 2250, 86.62330963798308
Node 5419, 204.30997285341113
Node 1877, 65.58083171160078
Node 1637, 50.74268150867279
Node 5949, 215.5970646632957
Node 2825, 119.17977171107796
Node 5670, 207.21419667561074
Node 5470, 204.7105054121516
Node 5327, 203.72390753964717
Node 3151, 140.50509203893333
Node 1828, 61.87388930808549
Node 5303, 203.58111422327468
Node 1660, 52.18624857555363
Node 5443, 204.50950362842218
Node 5265, 203.29062249638224
Node 3308, 150.42033144126435
Node 4858, 201.52536527968286
Node 2101, 78.6310747623922
Node 6251, 250.82038696513058
Node 2023, 73.56099586116825
Node 6016, 219.30846617285772
Node 5545, 205.41594314465763
Node 5297, 203.54011366946565
Node 1500, 42.48899639272517
Node 1090, 11.657105918079623
Node 5873, 212.15764886539782
Node 5683, 207.35933743970477
Node 5363, 203.92107216964934
Node 4172, 200.11148998664416
Node 3008, 130.24761994567803
Node 2461, 98.39295374955698
Node 2309, 89.56572453305282
Node 1095, 12.489090563265307
Node 5081, 202.38153432257795
Node 4834, 201.43219213148808
Node 1166, 19.274288650579884
Node 5521, 205.19876109822948
Node 2945, 126.45343818481744
Node 5367, 203.94209854237423
Node 4001, 194.33429716144906
Node 3410, 156.85293357940245
Node 5151, 202.6716691623353
Node 2091, 78.03142355928176
Node 1361, 33.12882115188202
Node 6322, 269.69590677779246
Node 5704, 207.85055428887577
Node 4794, 201.32323755653442
Node 1698, 54.37255987662954
Node 1084, 11.287969017304588
Node 1012, 2.2806872004377
Node 3177, 141.99343188740087
Node 1581, 47.287956058996805
Node 1074, 10.673958923850867
Node 6139, 230.78675567428058
Node 5734, 208.47162076956772
Node 6031, 220.3596142422019
Node 5149, 202.66478029038916
Node 3640, 171.21849278441613
Node 1025, 4.185526513191369
Node 3169, 141.48020344873345
Node 3983, 193.4345384229608
Node 1983, 71.36118772843518
Node 6591, 564.5257062147664
Node 6468, 361.5052895440524
Node 6097, 225.56112452173366
Node 2261, 86.93948639288894
Node 1457, 39.94918179573065
Node 1146, 17.59473453326206
Node 6018, 219.54708699039472
Node 4529, 200.71085237980662
Node 2764, 116.04948015486355
Node 1730, 56.30172237908689
Node 1240, 24.943396175538936
Node 1232, 24.22934070464745
Node 2427, 96.55585403200445
Node 5923, 214.3415709458621
Node 2706, 113.11049393505606
Node 1026, 4.288734171890078
Node 1545, 45.55386574507978
Node 1049, 7.702470865378639
Node 1072, 10.554685091786917
Node 6453, 350.29988821925696
Node 6349, 280.1217347953282
Node 4894, 201.68260088045562
Node 1194, 21.7366893563913
Node 1782, 59.22822785650512
Node 1375, 34.25771760370042
Node 6337, 275.62612205219796
Node 5717, 208.08225177655572
Node 5645, 206.78408182862142
Node 5226, 203.05700862157192
Node 1245, 25.407320502087718
Node 1155, 18.010507891360895
Node 3012, 130.43364771609933
Node 6274, 256.3287957803323
Node 6012, 219.18062903250555
Node 5951, 215.77772419983813
Node 5920, 214.24648269915951
Node 5463, 204.66973426313191
Node 3833, 183.73698425468987
Node 1856, 63.88338879221234
Node 1113, 14.037486861728253
Node 1661, 52.25720940395958
Node 1454, 39.88031902479967
Node 1129, 15.71630839076501
Node 3136, 139.47631596559094
Node 1139, 16.563195038795033
Node 1709, 54.85476829341486
Node 5750, 208.78168495163638
Node 3771, 178.93990540160246
Node 3092, 136.65133521315593
Node 2396, 94.97331697523626
Node 2700, 112.73643980553227
Node 2526, 102.80269969622952
Node 4995, 202.03242839124127
Node 4752, 201.20833086724497
Node 1927, 68.53578356667867
Node 5940, 215.1879710862
Node 3874, 186.5423243524945
Node 2757, 115.52656962659582
Node 5519, 205.14964706225976
Node 4472, 200.6168479351846
Node 3357, 153.05310734194484
Node 1071, 10.469876881858182
Node 5393, 204.16855565480952
Node 3182, 142.3151852368456
Node 6434, 331.66334339745595
Node 6173, 235.15293987700244
Node 1075, 10.854084629278674
Node 5580, 205.79679748283726
Node 6373, 292.7098069825853
Node 1733, 56.6629140029364
Node 1392, 35.284995345197224
Node 6370, 287.8045747298676
Node 1415, 37.32441221497609
Node 6348, 280.05594814690534
Node 6136, 230.45020708679832
Node 5697, 207.67267153491144
Node 1558, 46.25168439784013
Node 5394, 204.17853440300482
Node 3120, 138.42916739486512
Node 1007, 0.9879191328457986
Node 1302, 29.06757066076916
Node 6194, 237.95051698944314
Node 3966, 192.49456728339476
Node 2106, 79.03854073959265
Node 5894, 212.955392302673
Node 2667, 111.20065840697002
Node 2448, 97.9578266334863
Node 1507, 43.090202876797136
Node 6531, 445.8696249534087
Node 6526, 432.3710167327719
Node 6449, 348.36863637876456
Node 5864, 211.8912407427651
Node 5784, 209.47959266501863
Node 1575, 47.03403697907779
Node 5636, 206.59278625893094
Node 5445, 204.52004384062215
Node 6176, 235.32777615356846
Node 5768, 209.19259099350478
Node 5559, 205.5733802809591
Node 2471, 98.98637474342773
Node 4700, 201.08882297923185
Node 1411, 37.204179993848804
Node 3353, 152.63785945492685
Node 2095, 78.19139131809719
Node 5616, 206.3047570801734
Node 3560, 166.75943548295425
Node 6013, 219.18653986090382
Node 4780, 201.27317069207564
Node 5956, 216.08169796470136
Node 5703, 207.78070390756832
Node 5191, 202.89685704783696
Node 2172, 82.41482604214079
Node 1461, 40.15007805838047
Node 5671, 207.22832430516044
Node 3735, 177.20717263365384
Node 2137, 80.61056216512652
Node 1203, 22.084339012924932
Node 2906, 123.85792258002984
Node 5421, 204.3357665978375
Node 2303, 89.12128858141402
Node 4163, 200.09789735118255
Node 3283, 148.77749001026297
Node 3963, 192.4016799554947
Node 5766, 209.1846499250682
Node 5354, 203.8884503395351
Node 5319, 203.65329415794895
Node 1799, 60.268415261955155
Node 5432, 204.405588486436
Node 1210, 22.472480376423185
Node 5389, 204.14785198561484
Node 5273, 203.36093610268918
Node 2546, 104.64401406739518
Node 1021, 3.7722583729806214
Node 2147, 80.9927037617646
Node 1920, 68.05505169031292
Node 1266, 27.140261135054278
Node 1170, 19.51332071352328
Node 6467, 361.341791469404
Node 6400, 306.27160649000854
Node 6187, 237.4647932448897
Node 5793, 209.66450201794734
Node 5275, 203.36501884078783
Node 5214, 202.98799053564105
Node 2210, 84.13091800618841
Node 3047, 134.12164692464168
Node 2455, 98.13503033813764
Node 1196, 21.848800515718704
Node 2894, 122.95749674686463
Node 2883, 122.35371374275252
Node 1431, 38.40190277782914
Node 1272, 27.346968051367277
Node 1538, 45.343980400996045
Node 1475, 41.688025675844536
Node 5220, 203.02860426965336
Node 3823, 182.7374033281021
Node 3567, 166.96516208079916
Node 2008, 72.892647278459
Node 1671, 52.98788020292544
Node 5719, 208.1264413969052
Node 3431, 157.77349449802546
Node 2350, 92.63292033116393
Node 1085, 11.354061780247005
Node 6381, 297.50569431091014
Node 4790, 201.29977056044763
Node 2888, 122.78828976683981
Node 1695, 54.215348589732
Node 3638, 171.10267761346464
Node 6319, 269.148236968193
Node 5118, 202.53470684840372
Node 4824, 201.40442637516696
Node 3930, 189.86782535533865
Node 2341, 92.24572641689433
Node 1449, 39.424505659208435
Node 6313, 268.0071307241886
Node 5805, 210.04797455253924
Node 4996, 202.0342341072022
Node 1243, 25.290906651637144
Node 1062, 9.292505554975744
Node 4825, 201.40500645783138
Node 4652, 200.97250773315685
Node 3122, 138.77967689885918
Node 5346, 203.83599991299255
Node 5309, 203.60003646296533
Node 4236, 200.21596571110248
Node 3826, 183.15065011517834
Node 3547, 165.77463079844836
Node 6175, 235.31097683071084
Node 6101, 226.03420173307853
Node 6004, 218.87370220161216
Node 2853, 120.70321655569957
Node 5944, 215.38006476057282
Node 5657, 207.03407702903527
Node 3516, 163.90208930626838
Node 1837, 62.53708751723416
Node 1031, 5.223860025721743
Node 2411, 95.64109061910048
Node 1448, 39.42152175596918
Node 1002, 0.20058140145587888
Node 1304, 29.14480115609104
Node 2054, 75.88229907124777
Node 5788, 209.58979288132002
Node 1414, 37.317932912778744
Node 6099, 225.82058201432966
Node 6045, 221.23300435862214
Node 5855, 211.45125260114702
Node 4259, 200.25250273203505
Node 3438, 158.02483097008337
Node 1471, 41.09416003779381
Node 1363, 33.29156006762309
Node 5662, 207.08155017574913
Node 2914, 124.39824897943312
Node 1066, 10.041075322251872
Node 1787, 59.370822776336794
Node 1273, 27.41326201173093
Node 1053, 8.009776208461217
Node 1638, 50.79093521343755
Node 5086, 202.40749445067723
Node 3469, 160.48744916987377
Node 6054, 222.38944466751985
Node 5973, 217.14576999722374
Node 5891, 212.75497407279767
Node 5916, 213.90058916642667
Node 5770, 209.21284059663387
Node 1093, 12.314854171000349
Node 5464, 204.6745992816922
Node 4520, 200.6980726722471
Node 4443, 200.54649040560017
Node 5449, 204.53149229582533
Node 5881, 212.452931123786
Node 4571, 200.79537835322418
Node 4150, 200.07943709842755
Node 2864, 121.33047073826144
Node 5830, 210.78437562901127
Node 5687, 207.42298575529284
Node 1061, 9.286137914612265
Node 5606, 206.19671144927983
Node 5568, 205.64310992628705
Node 5501, 204.9568850161906
Node 4809, 201.3603227039612
Node 4429, 200.5269485475491
Node 4667, 201.00723690120952
Node 1292, 28.54684060351155
Node 5779, 209.432692069199
Node 5403, 204.24427888539114
Node 5399, 204.2248576765467
Node 5142, 202.6312573849452
Node 1391, 35.27789595134728
Node 5995, 218.43373299384697
Node 4730, 201.14979815883106
Node 3882, 187.08904025238786
Node 4593, 200.84483752294958
Node 3812, 181.85111824643204
Node 1561, 46.35795909849884
Node 1044, 7.381120485225877
Node 3923, 189.67911359686468
Node 5989, 217.74997099997495
Node 5954, 215.99506109927077
Node 4800, 201.3361990559987
Node 5985, 217.59270063542658
Node 4601, 200.85644820198817
Node 4117, 200.0279214666622
Node 2092, 78.06143751590879
Node 5427, 204.37937206532158
Node 3009, 130.3419935467423
Node 6104, 226.31186594609414
Node 6047, 221.40533281302547
Node 2014, 73.16411807195374
Node 1357, 32.91556453609192
Node 6020, 219.66501281270402
Node 6406, 311.82423291785494
Node 6184, 236.7166302632277
Node 6032, 220.4554907918534
Node 5930, 214.6391619225077
Node 2708, 113.14023199194185
Node 2123, 79.95035649792112
Node 1303, 29.083775808125186
Node 1083, 11.267932741863632
Node 1016, 2.873896236610355
Node 6078, 223.92889105888838
Node 5998, 218.54754579804168
Node 5787, 209.57321157250934
Node 3284, 148.83417497749372
Node 1216, 22.835792225815833
Node 1191, 21.223442164394818
Node 5780, 209.4379395594752
Node 5262, 203.27937154537724
Node 2751, 115.16227561345468
Node 5652, 206.98989126799526
Node 1722, 55.72568662964696
Node 1078, 10.968911842589149
Node 5388, 204.14763599745413
Node 5096, 202.45215366918566
Node 5174, 202.8007205687383
Node 2981, 128.96947975375014
Node 5846, 211.17088355115908
Node 5390, 204.151009911269
Node 1322, 30.746694667755722
Node 1285, 28.212391195399686
Node 1184, 20.417160860736328
Node 5374, 204.02832573697063
Node 1435, 38.79337502312689
Node 1058, 8.72871932901603
Node 5752, 208.8190071600781
Node 6070, 223.42422148565998
Node 3687, 174.17574590377438
Node 1446, 39.27482375834405
Node 5953, 215.80912587549324
Node 3063, 135.09195706970758
Node 1679, 53.5098487947507
Node 2469, 98.84506371972486
Node 5385, 204.11608777879385
Node 6361, 284.4827639143724
Node 6201, 239.9776525097738
Node 2045, 75.0900132437365
Node 1024, 4.151054958114768
Node 6126, 229.13171384179572
Node 3432, 157.8602155628084
Node 2232, 85.29489875834011
Node 5925, 214.46947084788707
Node 3428, 157.62888683515757
Node 3239, 145.99552126061062
Node 5667, 207.1361744128145
Node 5225, 203.05660386348518
Node 6260, 253.81804987119958
Node 4984, 201.99599271180386
Node 2301, 89.05234892361018
Node 4249, 200.23761131679277
Node 1289, 28.47769139873331
Node 6182, 236.06285629159183
Node 5824, 210.551646796728
Node 6167, 234.40377562890257
Node 6111, 226.69103102640318
Node 5256, 203.25586435664937
Node 4647, 200.9649678891642
Node 5588, 205.9074277372071
Node 4223, 200.2002111460439
Node 3537, 165.2921682234536
Node 4950, 201.89295456285708
Node 2634, 108.97508615379186
Node 3885, 187.15330318856604
Node 6164, 233.851142336826
Node 6089, 224.89343848632078
Node 4251, 200.2399463320954
Node 5351, 203.87893504368162
Node 1370, 33.70409054893672
Node 5059, 202.28597402667572
Node 4320, 200.34019975193485
Node 1989, 71.93668751078737
Node 4632, 200.917956947425
Node 3500, 162.65259257369138
Node 2058, 76.13588448264241
Node 2453, 98.09955171993549
Node 6135, 230.38774334280748
Node 5966, 216.7147870030165
Node 1067, 10.254111978824954
Node 5875, 212.2070854252707
Node 5585, 205.873277578009
Node 1018, 3.1619124350101875
Node 2355, 92.99605404983006
Node 5659, 207.0378295836192
Node 3435, 157.96806598538333
Node 5320, 203.66011913552552
Node 5180, 202.83846202716518
Node 4675, 201.0226061810502
Node 1718, 55.437190311786345
Node 1611, 49.15442610326854
Node 1629, 50.10418463015009
Node 1379, 34.38073327701723
Node 6014, 219.2230959581716
Node 3661, 172.77169570331978
Node 1052, 7.916240280781966
Node 3382, 154.97668469465523
Node 1097, 13.187561058367107
Node 3196, 143.18774822655283
Node 2029, 74.18397618776338
Node 1056, 8.45163074731699
Node 4952, 201.89569899815882
Node 1473, 41.56485296951061
Node 6527, 438.1061475512633
Node 6407, 312.2446297036716
Node 6197, 238.6001499424865
Node 4585, 200.8255936289277
Node 5979, 217.3197436890007
Node 5492, 204.8961619483673
Node 5181, 202.84088883956073
Node 4600, 200.85480307345395
Node 2841, 119.90196496672795
Node 2806, 118.13931232408643
Node 3559, 166.68351907896863
Node 3437, 158.01951080824068
Node 2784, 116.96557483216321
Node 2164, 82.11789084501717
Node 1676, 53.30011388939587
Node 5854, 211.39465503326136
Node 1167, 19.356975672864124
Node 1622, 49.727240526394816
Node 6320, 269.6535241302086
Node 6242, 248.86171599846386
Node 6055, 222.49490164381353
Node 5195, 202.91010369603552
Node 6275, 256.34307028438747
Node 6110, 226.6610835715634
Node 5246, 203.187321538234
Node 1824, 61.766330014420994
Node 1297, 28.751294797364817
Node 1069, 10.353875385375831
Node 2510, 101.9505346471559
Node 1294, 28.658066000500583
Node 1175, 19.747158563356177
Node 1115, 14.294902267758559
Node 1041, 7.160196131256661
Node 5466, 204.68139196107475
Node 2796, 117.49458123013677
Node 2780, 116.8376097829327
Node 6248, 250.20741268593804
Node 6075, 223.64868652140214
Node 5980, 217.38318396020048
Node 5806, 210.06194959894825
Node 5773, 209.30405359215064
Node 4633, 200.9191640030402
Node 5631, 206.44725333347327
Node 4739, 201.17440017315553
Node 1327, 30.99632799530955
Node 1724, 55.87409453380165
Node 1057, 8.51620241422827
Node 4754, 201.21096231129425
Node 3673, 173.40206441251772
Node 3510, 163.48873334999652
Node 5975, 217.20393219256184
Node 4211, 200.18103180950956
Node 2645, 109.64146248567631
Node 1043, 7.238205700949697
Node 6046, 221.40418349729575
Node 5605, 206.1938811989433
Node 5444, 204.5198679902165
Node 5318, 203.65322991776483
Node 2035, 74.79410370655445
Node 6123, 228.70859237633994
Node 5740, 208.6233473766279
Node 5094, 202.44184880618988
Node 5014, 202.10741953801187
Node 4545, 200.73857865163453
Node 1005, 0.7966757182557277
Node 5952, 215.80868190964574
Node 5170, 202.77603807243923
Node 4686, 201.05737214797762
Node 1890, 66.0973738142605
Node 4203, 200.17374310432743
Node 1183, 20.349464472242907
Node 1867, 64.48328499359528
Node 1773, 58.811715102350526
Node 5644, 206.7556078258827
Node 5264, 203.28927906747523
Node 1755, 57.71765571401099
Node 1201, 22.04370679397965
Node 5323, 203.688141917556
Node 1372, 33.909731802711484
Node 4578, 200.81255922033446
Node 6454, 350.6846086434384
Node 6288, 259.70800444096403
Node 2615, 108.44227328359374
Node 6050, 221.56971705054514
Node 5490, 204.8830282787384
Node 3909, 188.54600913065346
Node 1657, 51.98453076927196
Node 1546, 45.56265868321165
Node 1597, 48.338600814025035
Node 4013, 195.16134919702012
Node 5961, 216.41302077769694
Node 3402, 156.57261544563167
Node 2835, 119.6009624306782
Node 1312, 29.897676088746582
Node 1114, 14.137757379486395
Node 5872, 212.12224292834483
Node 1162, 18.63697094981202
Node 2217, 84.39252198667559
Node 1350, 32.33954518725976
Node 1165, 19.235441330526832
Node 6372, 290.1762712773659
Node 6312, 267.95355704356535
Node 5767, 209.18496224887807
Node 4696, 201.07306180262367
Node 3396, 156.06379731462985
Node 1406, 36.6973431234929
Node 4613, 200.87833669429295
Node 6119, 228.16352055586694
Node 5701, 207.76346592362793
Node 2631, 108.89835785414637
Node 2276, 87.97496778986826
Node 1028, 4.8311504986091265
Node 5698, 207.6846804502695
Node 1816, 61.28934356894449
Node 5650, 206.93920250947605
Node 1539, 45.37154405346141
Node 6092, 225.13544563450154
Node 5761, 209.05223387862748
Node 4233, 200.2129760201357
Node 5274, 203.3631151261937
Node 3576, 167.40241740134007
Node 5053, 202.2574259795733
Node 2146, 80.97871920957388
Node 4538, 200.72163910763817
Node 1985, 71.47158555980039
Node 5907, 213.63660001939422
Node 4608, 200.8719068134548
Node 2027, 74.09162886996747
Node 4315, 200.32257316928056
Node 4093, 200.00597025103465
Node 1485, 42.032382830510876
Node 3366, 153.56383585365646
Node 1562, 46.361566700241184
Node 2718, 113.61920887623529
Node 5601, 206.11783386244093
Node 2040, 74.96803821219336
Node 2434, 97.05017734935282
Node 6321, 269.65781773592283
Node 6255, 251.46244319690476
Node 5739, 208.60124270727908
Node 5001, 202.0421045965763
Node 4254, 200.24504197081
Node 1961, 70.39033798797058
Node 4926, 201.79139559784025
Node 4380, 200.4357714496303
Node 1112, 14.03093442504262
Node 6098, 225.64462865650913
Node 5983, 217.52955831774673
Node 4987, 202.00228490160967
Node 5335, 203.76748376601316
Node 3753, 178.3522454672615
Node 4905, 201.71537339078114
Node 1082, 11.220100956009745
Node 6065, 222.99740292317222
Node 5849, 211.21854226646792
Node 5376, 204.0381268148398
Node 5831, 210.80726857888402
Node 5800, 209.89053711453272
Node 4993, 202.02768521248882
Node 4691, 201.0676997310327
Node 5562, 205.57997471784125
Node 4000, 194.28794146378664
Node 1102, 13.436222718177355
Node 2874, 121.71821107724115
Node 4569, 200.7951775480313
Node 2608, 108.08781793497417
Node 4337, 200.36193529775696
Node 3855, 185.18447859179113
Node 3741, 177.62623688787835
Node 3430, 157.68217791784747
Node 1105, 13.62267083657257
Node 2372, 93.84633199900775
